101,0,0.357019,-0.189781,1.74718,0.0457096,0.558597,1.76867
102,0,0.357654,-0.189976,1.74796,0.0457096,0.558597,1.76867
103,0,0.357468,-0.189193,1.7479,0.0457096,0.558597,1.76867
104,0,0.357581,-0.189603,1.74721,0.0457096,0.558597,1.76867
105,0,0.358065,-0.190172,1.74731,0.0457096,0.558597,1.76867
106,0,0.3579,-0.190358,1.74728,0.0457096,0.558597,1.76867
107,0,0.358534,-0.189883,1.74721,0.0457096,0.558597,1.76867
108,0,0.358148,-0.189838,1.7478,0.0457096,0.558597,1.76867
109,0,0.357529,-0.189897,1.74796,0.0457096,0.558597,1.76867
110,0,0.358621,-0.189601,1.7466,0.0457096,0.558597,1.76867
111,0,0.358433,-0.189363,1.74666,0.0457096,0.558597,1.76867
112,0,0.358506,-0.189408,1.74651,0.0457096,0.558597,1.76867
113,0,0.357801,-0.189618,1.74753,0.0457096,0.558597,1.76867
114,0,0.357753,-0.190355,1.74628,0.0457096,0.558597,1.76867
115,0,0.357993,-0.18922,1.74702,0.0457096,0.558597,1.76867
116,0,0.357634,-0.19009,1.74579,0.0457096,0.558597,1.76867
117,0,0.357417,-0.189313,1.7469,0.0457096,0.558597,1.76867
118,0,0.35777,-0.189669,1.74604,0.0457096,0.558597,1.76867
119,0,0.357983,-0.1893,1.74683,0.0457096,0.558597,1.76867
120,0,0.356577,-0.189978,1.74625,0.0457096,0.558597,1.76867
121,0,0.357644,-0.189343,1.74689,0.0457096,0.558597,1.76867
122,0,0.357393,-0.189407,1.74542,0.0457096,0.558597,1.76867
123,0,0.357639,-0.189303,1.74681,0.0457096,0.558597,1.76867
124,0,0.357969,-0.188821,1.74754,0.0457096,0.558597,1.76867
125,0,0.358194,-0.190354,1.74572,0.0457096,0.558597,1.76867
126,0,0.357982,-0.190443,1.74748,0.0457096,0.558597,1.76867
127,0,0.358101,-0.189076,1.74755,0.0457096,0.558597,1.76867
128,0,0.357235,-0.189182,1.74563,0.0457096,0.558597,1.76867
129,0,0.357763,-0.190039,1.74586,0.0457096,0.558597,1.76867
130,0,0.358003,-0.189312,1.74735,0.0457096,0.558597,1.76867
131,0,0.357945,-0.188884,1.7475,0.0457096,0.558597,1.76867
132,0,0.357279,-0.188516,1.74904,0.0457096,0.558597,1.76867
133,0,0.357778,-0.18917,1.74826,0.0457096,0.558597,1.76867
134,0,0.357676,-0.189656,1.74705,0.0457096,0.558597,1.76867
135,0,0.358086,-0.189525,1.74794,0.0457096,0.558597,1.76867
136,0,0.357889,-0.189375,1.74698,0.0457096,0.558597,1.76867
137,0,0.35789,-0.190262,1.74694,0.0457096,0.558597,1.76867
138,0,0.358224,-0.189783,1.74567,0.0457096,0.558597,1.76867
139,0,0.357697,-0.189039,1.74914,0.0457096,0.558597,1.76867
140,0,0.358159,-0.189148,1.748,0.0457096,0.558597,1.76867
141,0,0.357845,-0.190092,1.74652,0.0457096,0.558597,1.76867
142,0,0.357862,-0.189342,1.74736,0.0457096,0.558597,1.76867
143,0,0.35749,-0.189438,1.74533,0.0457096,0.558597,1.76867
144,0,0.357077,-0.189574,1.74784,0.0457096,0.558597,1.76867
145,0,0.357934,-0.1898,1.74668,0.0457096,0.558597,1.76867
146,0,0.357211,-0.190393,1.74569,0.0457096,0.558597,1.76867
147,0,0.357628,-0.189852,1.74676,0.0457096,0.558597,1.76867
148,0,0.357427,-0.189942,1.74504,0.0457096,0.558597,1.76867
149,0,0.357557,-0.188787,1.7477,0.0457096,0.558597,1.76867
150,0,0.357397,-0.189755,1.74478,0.0457096,0.558597,1.76867
151,0,0.314782,-0.135437,1.681,0.0457096,0.558597,1.76867
152,0,0.366242,-0.181035,1.73022,0.0457096,0.558597,1.76867
153,1,0.34983,-0.14062,1.68938,0.0457096,0.558597,1.76867
154,1,0.352952,-0.152239,1.70374,0.0457096,0.558597,1.76867
155,1,0.357224,-0.167196,1.71501,0.0457096,0.558597,1.76867
156,1,0.355572,-0.176062,1.72474,0.0457096,0.558597,1.76867
157,1,0.355406,-0.178527,1.72453,0.0457096,0.558597,1.76867
158,1,0.354319,-0.183981,1.72502,0.0457096,0.558597,1.76867
159,1,0.350526,-0.192533,1.73312,0.0457096,0.558597,1.76867
160,1,0.351633,-0.197698,1.73936,0.0457096,0.558597,1.76867
161,1,0.350937,-0.199981,1.74328,0.0457096,0.558597,1.76867
162,1,0.353477,-0.189969,1.73226,0.0457096,0.558597,1.76867
163,1,0.354549,-0.189701,1.73242,0.0457096,0.558597,1.76867
164,1,0.352806,-0.194827,1.73729,0.0457096,0.558597,1.76867
165,1,0.353034,-0.193366,1.73642,0.0457096,0.558597,1.76867
166,1,0.350453,-0.193092,1.73756,0.0457096,0.558597,1.76867
167,1,0.353591,-0.19378,1.74573,0.0457096,0.558597,1.76867
168,1,0.352135,-0.19424,1.74505,0.0457096,0.558597,1.76867
169,1,0.355303,-0.194706,1.74516,0.0457096,0.558597,1.76867
170,1,0.356824,-0.195913,1.74466,0.0457096,0.558597,1.76867
171,1,0.356551,-0.192013,1.74098,0.0457096,0.558597,1.76867
172,1,0.356969,-0.192648,1.74188,0.0457096,0.558597,1.76867
173,1,0.357325,-0.192181,1.74057,0.0457096,0.558597,1.76867
174,1,0.354417,-0.184655,1.73449,0.0457096,0.558597,1.76867
175,1,0.355026,-0.186928,1.73578,0.0457096,0.558597,1.76867
176,1,0.355719,-0.185321,1.73515,0.0457096,0.558597,1.76867
177,1,0.359173,-0.17932,1.73041,0.0457096,0.558597,1.76867
178,1,0.357148,-0.191599,1.74513,0.0457096,0.558597,1.76867
179,1,0.353678,-0.186158,1.74409,0.0457096,0.558597,1.76867
180,1,0.355869,-0.176363,1.73913,0.0457096,0.558597,1.76867
181,1,0.356494,-0.168491,1.73856,0.0457096,0.558597,1.76867
182,1,0.354198,-0.162847,1.73713,0.0457096,0.558597,1.76867
183,1,0.357349,-0.153116,1.73152,0.0457096,0.558597,1.76867
184,1,0.360238,-0.129757,1.71121,0.0457096,0.558597,1.76867
185,1,0.358782,-0.12557,1.70643,0.0457096,0.558597,1.76867
186,1,0.361615,-0.110171,1.69123,0.0457096,0.558597,1.76867
187,1,0.365721,-0.091829,1.6707,0.0457096,0.558597,1.76867
188,1,0.372391,-0.0662468,1.64304,0.0457096,0.558597,1.76867
189,1,0.377346,-0.0502507,1.62189,0.0457096,0.558597,1.76867
190,1,0.384399,-0.0294309,1.59528,0.0457096,0.558597,1.76867
191,1,0.390596,-0.0108774,1.5671,0.0457096,0.558597,1.76867
192,1,0.397401,0.000635669,1.54567,0.0457096,0.558597,1.76867
193,1,0.401875,0.013612,1.51861,0.0457096,0.558597,1.76867
194,1,0.410103,0.0198152,1.49815,0.0457096,0.558597,1.76867
195,1,0.416724,0.0283515,1.47238,0.0457096,0.558597,1.76867
196,1,0.424447,0.0316397,1.45225,0.0457096,0.558597,1.76867
197,1,0.431139,0.0352428,1.42873,0.0457096,0.558597,1.76867
198,1,0.439001,0.0340069,1.40988,0.0457096,0.558597,1.76867
199,1,0.445528,0.03082,1.39248,0.0457096,0.558597,1.76867
200,1,0.451697,0.029208,1.37761,0.0457096,0.558597,1.76867
201,1,0.455447,0.0219439,1.37126,0.0457096,0.558597,1.76867
202,1,0.460249,0.0179946,1.3638,0.0457096,0.558597,1.76867
203,1,0.462625,0.0126437,1.36195,0.0457096,0.558597,1.76867
204,1,0.467899,0.0096387,1.35968,0.0457096,0.558597,1.76867
205,1,0.473611,0.0146213,1.35183,0.0457096,0.558597,1.76867
206,1,0.474642,0.00732345,1.35403,0.0457096,0.558597,1.76867
207,1,0.476201,0.00407468,1.35227,0.0457096,0.558597,1.76867
208,1,0.476853,-0.0018661,1.35549,0.0457096,0.558597,1.76867
209,1,0.477459,-0.00538364,1.35572,0.0457096,0.558597,1.76867
210,1,0.478581,-0.00752667,1.35505,0.0457096,0.558597,1.76867
211,1,0.478699,-0.0122998,1.35918,0.0457096,0.558597,1.76867
212,1,0.478364,-0.0150548,1.35889,0.0457096,0.558597,1.76867
213,1,0.481894,-0.0145041,1.35576,0.0457096,0.558597,1.76867
214,1,0.482065,-0.0158648,1.35702,0.0457096,0.558597,1.76867
215,1,0.481902,-0.0173045,1.35789,0.0457096,0.558597,1.76867
216,1,0.482826,-0.0165094,1.35803,0.0457096,0.558597,1.76867
217,1,0.481279,-0.0191214,1.36008,0.0457096,0.558597,1.76867
218,1,0.480447,-0.0190468,1.35951,0.0457096,0.558597,1.76867
220,1,0.479559,-0.0203699,1.36025,0.0457096,0.558597,1.76867
221,1,0.479548,-0.0204919,1.35881,0.0457096,0.558597,1.76867
222,1,0.480253,-0.0207296,1.35905,0.0457096,0.558597,1.76867
223,1,0.480225,-0.0209508,1.35928,0.0457096,0.558597,1.76867
224,1,0.47985,-0.0205183,1.35899,0.0457096,0.558597,1.76867
225,1,0.481664,-0.0182661,1.35598,0.0457096,0.558597,1.76867
226,1,0.482472,-0.0176143,1.35684,0.0457096,0.558597,1.76867
227,1,0.482811,-0.0177456,1.35757,0.0457096,0.558597,1.76867
228,1,0.482906,-0.0178284,1.35647,0.0457096,0.558597,1.76867
229,1,0.482059,-0.0190742,1.35807,0.0457096,0.558597,1.76867
230,1,0.482245,-0.0187175,1.35871,0.0457096,0.558597,1.76867
231,1,0.482377,-0.0189369,1.35828,0.0457096,0.558597,1.76867
232,1,0.483079,-0.0177951,1.35629,0.0457096,0.558597,1.76867
233,1,0.483177,-0.0180457,1.35663,0.0457096,0.558597,1.76867
234,1,0.482388,-0.0186741,1.35686,0.0457096,0.558597,1.76867
235,1,0.482837,-0.0185017,1.35692,0.0457096,0.558597,1.76867
236,1,0.482989,-0.0176196,1.35711,0.0457096,0.558597,1.76867
237,1,0.481843,-0.0196909,1.35888,0.0457096,0.558597,1.76867
238,1,0.482342,-0.0181743,1.35691,0.0457096,0.558597,1.76867
239,1,0.482322,-0.0184135,1.3571,0.0457096,0.558597,1.76867
240,1,0.481771,-0.0183571,1.35655,0.0457096,0.558597,1.76867
241,1,0.480912,-0.0200265,1.35885,0.0457096,0.558597,1.76867
242,1,0.482022,-0.021024,1.36523,0.0457096,0.558597,1.76867
243,1,0.482647,-0.0177953,1.36159,0.0457096,0.558597,1.76867
244,1,0.482334,-0.0197958,1.36471,0.0457096,0.558597,1.76867
245,1,0.481932,-0.0205396,1.36532,0.0457096,0.558597,1.76867
246,1,0.481578,-0.0199161,1.36446,0.0457096,0.558597,1.76867
247,1,0.481917,-0.0200389,1.36403,0.0457096,0.558597,1.76867
248,1,0.481891,-0.0195791,1.36438,0.0457096,0.558597,1.76867
249,1,0.482063,-0.0198447,1.36516,0.0457096,0.558597,1.76867
250,1,0.481509,-0.019956,1.36482,0.0457096,0.558597,1.76867
251,1,0.481717,-0.0196373,1.36449,0.0457096,0.558597,1.76867
252,1,0.481134,-0.0206796,1.36603,0.0457096,0.558597,1.76867
253,1,0.481641,-0.0194598,1.36436,0.0457096,0.558597,1.76867
254,1,0.481957,-0.0192477,1.36462,0.0457096,0.558597,1.76867
255,1,0.4815,-0.0192475,1.36453,0.0457096,0.558597,1.76867
256,1,0.481798,-0.0195345,1.36513,0.0457096,0.558597,1.76867
257,1,0.481739,-0.0197062,1.36497,0.0457096,0.558597,1.76867
258,1,0.481631,-0.0198792,1.36524,0.0457096,0.558597,1.76867
259,1,0.48192,-0.0200403,1.36551,0.0457096,0.558597,1.76867
260,1,0.481706,-0.0197398,1.36571,0.0457096,0.558597,1.76867
261,1,0.480527,-0.0210045,1.3669,0.0457096,0.558597,1.76867
262,1,0.480923,-0.02119,1.36682,0.0457096,0.558597,1.76867
263,1,0.481192,-0.0201098,1.36607,0.0457096,0.558597,1.76867
264,1,0.481626,-0.0199688,1.36624,0.0457096,0.558597,1.76867
265,1,0.481452,-0.019795,1.36524,0.0457096,0.558597,1.76867
266,1,0.480674,-0.0204825,1.36743,0.0457096,0.558597,1.76867
267,1,0.481264,-0.0193763,1.36552,0.0457096,0.558597,1.76867
268,1,0.47996,-0.0210956,1.36724,0.0457096,0.558597,1.76867
269,1,0.480116,-0.0212614,1.36753,0.0457096,0.558597,1.76867
270,1,0.481107,-0.019391,1.36563,0.0457096,0.558597,1.76867
271,1,0.479981,-0.0215001,1.36722,0.0457096,0.558597,1.76867
272,1,0.479677,-0.0213777,1.36686,0.0457096,0.558597,1.76867
273,1,0.480238,-0.0206834,1.36607,0.0457096,0.558597,1.76867
274,1,0.481391,-0.0193561,1.36574,0.0457096,0.558597,1.76867
275,1,0.481471,-0.0195202,1.36492,0.0457096,0.558597,1.76867
276,1,0.480028,-0.0207278,1.36683,0.0457096,0.558597,1.76867
277,1,0.479944,-0.021029,1.36753,0.0457096,0.558597,1.76867
279,1,0.479942,-0.0203343,1.36704,0.0457096,0.558597,1.76867
280,1,0.480717,-0.0192472,1.36527,0.0457096,0.558597,1.76867
281,1,0.479627,-0.021076,1.36724,0.0457096,0.558597,1.76867
282,1,0.479669,-0.0212511,1.36691,0.0457096,0.558597,1.76867
283,1,0.480419,-0.0205563,1.36693,0.0457096,0.558597,1.76867
284,1,0.481318,-0.0189808,1.36587,0.0457096,0.558597,1.76867
285,1,0.481042,-0.0190839,1.36563,0.0457096,0.558597,1.76867
286,1,0.481364,-0.0195154,1.3662,0.0457096,0.558597,1.76867
287,1,0.480415,-0.0207086,1.3674,0.0457096,0.558597,1.76867
288,1,0.479983,-0.0210488,1.36745,0.0457096,0.558597,1.76867
289,1,0.480592,-0.0209281,1.36742,0.0457096,0.558597,1.76867
290,1,0.481414,-0.0194353,1.36603,0.0457096,0.558597,1.76867
291,1,0.480354,-0.021662,1.3688,0.0457096,0.558597,1.76867
292,1,0.480241,-0.0209509,1.36791,0.0457096,0.558597,1.76867
293,1,0.479998,-0.020888,1.3668,0.0457096,0.558597,1.76867
294,1,0.48108,-0.0196367,1.36627,0.0457096,0.558597,1.76867
295,1,0.48101,-0.0200217,1.36587,0.0457096,0.558597,1.76867
296,1,0.479923,-0.0214424,1.36819,0.0457096,0.558597,1.76867
297,1,0.479787,-0.0210305,1.3677,0.0457096,0.558597,1.76867
298,1,0.480061,-0.0209829,1.36756,0.0457096,0.558597,1.76867
299,1,0.479508,-0.0209422,1.36732,0.0457096,0.558597,1.76867
300,1,0.480249,-0.0208112,1.36786,0.0457096,0.558597,1.76867
301,1,0.480296,-0.0206798,1.36733,0.0457096,0.558597,1.76867
302,1,0.480259,-0.0205856,1.36838,0.0457096,0.558597,1.76867
303,1,0.480652,-0.0194792,1.36623,0.0457096,0.558597,1.76867
304,1,0.479881,-0.0206317,1.36727,0.0457096,0.558597,1.76867
305,1,0.481237,-0.01906,1.36579,0.0457096,0.558597,1.76867
306,1,0.480045,-0.020974,1.36768,0.0457096,0.558597,1.76867
307,1,0.480068,-0.0206924,1.36749,0.0457096,0.558597,1.76867
308,1,0.481024,-0.0191254,1.36542,0.0457096,0.558597,1.76867
309,1,0.481142,-0.0197385,1.36628,0.0457096,0.558597,1.76867
310,1,0.479521,-0.0217352,1.36801,0.0457096,0.558597,1.76867
311,1,0.480147,-0.0212062,1.36754,0.0457096,0.558597,1.76867
312,1,0.480134,-0.0204646,1.36686,0.0457096,0.558597,1.76867
313,1,0.481407,-0.0205248,1.36689,0.0457096,0.558597,1.76867
314,1,0.480574,-0.0203987,1.36771,0.0457096,0.558597,1.76867
315,1,0.480442,-0.0203662,1.36804,0.0457096,0.558597,1.76867
316,1,0.479674,-0.0207418,1.36824,0.0457096,0.558597,1.76867
317,1,0.480731,-0.0201928,1.36911,0.0457096,0.558597,1.76867
318,1,0.481855,-0.0188289,1.36712,0.0457096,0.558597,1.76867
319,1,0.481101,-0.0195763,1.36709,0.0457096,0.558597,1.76867
320,1,0.481745,-0.0189299,1.36695,0.0457096,0.558597,1.76867
321,1,0.480308,-0.0211337,1.36879,0.0457096,0.558597,1.76867
322,1,0.481961,-0.0192401,1.36749,0.0457096,0.558597,1.76867
323,1,0.481125,-0.02015,1.36823,0.0457096,0.558597,1.76867
324,1,0.481409,-0.0195303,1.3675,0.0457096,0.558597,1.76867
325,1,0.482228,-0.0194931,1.36665,0.0457096,0.558597,1.76867
326,1,0.482041,-0.0193909,1.36667,0.0457096,0.558597,1.76867
327,1,0.482822,-0.0194315,1.36636,0.0457096,0.558597,1.76867
328,1,0.483005,-0.0196183,1.36683,0.0457096,0.558597,1.76867
329,1,0.483854,-0.0194372,1.36704,0.0457096,0.558597,1.76867
330,1,0.484237,-0.019378,1.36725,0.0457096,0.558597,1.76867
331,1,0.48265,-0.019231,1.37048,0.0457096,0.558597,1.76867
332,1,0.482567,-0.0168427,1.37179,0.0457096,0.558597,1.76867
333,1,0.482856,-0.0098492,1.37283,0.0457096,0.558597,1.76867
334,1,0.482625,-0.000516339,1.37397,0.0457096,0.558597,1.76867
335,1,0.480567,0.0111581,1.3772,0.0457096,0.558597,1.76867
336,1,0.477603,0.0229377,1.38194,0.0457096,0.558597,1.76867
337,1,0.472415,0.0375904,1.38708,0.0457096,0.558597,1.76867
338,1,0.466881,0.0540599,1.39792,0.0457096,0.558597,1.76867
339,1,0.458449,0.0737552,1.40934,0.0457096,0.558597,1.76867
340,1,0.447182,0.0915026,1.42232,0.0457096,0.558597,1.76867
341,1,0.43148,0.111075,1.43539,0.0457096,0.558597,1.76867
342,1,0.419176,0.130214,1.45313,0.0457096,0.558597,1.76867
343,1,0.405882,0.147899,1.46855,0.0457096,0.558597,1.76867
344,1,0.387833,0.166735,1.48044,0.0457096,0.558597,1.76867
345,1,0.372576,0.183003,1.49722,0.0457096,0.558597,1.76867
346,1,0.356681,0.200622,1.51427,0.0457096,0.558597,1.76867
347,1,0.341395,0.215333,1.53004,0.0457096,0.558597,1.76867
348,1,0.325125,0.231743,1.5478,0.0457096,0.558597,1.76867
349,1,0.307244,0.247677,1.5613,0.0457096,0.558597,1.76867
350,1,0.291404,0.263993,1.5783,0.0457096,0.558597,1.76867
351,1,0.275115,0.277922,1.58801,0.0457096,0.558597,1.76867
352,1,0.259265,0.291588,1.60227,0.0457096,0.558597,1.76867
353,1,0.242035,0.304043,1.6141,0.0457096,0.558597,1.76867
354,1,0.228414,0.319614,1.62877,0.0457096,0.558597,1.76867
355,1,0.213597,0.332556,1.64021,0.0457096,0.558597,1.76867
356,1,0.20095,0.344359,1.65225,0.0457096,0.558597,1.76867
357,1,0.187371,0.354972,1.66312,0.0457096,0.558597,1.76867
358,1,0.175066,0.365568,1.67103,0.0457096,0.558597,1.76867
359,1,0.162521,0.372388,1.68033,0.0457096,0.558597,1.76867
360,1,0.153928,0.382725,1.68431,0.0457096,0.558597,1.76867
361,1,0.143092,0.391988,1.69082,0.0457096,0.558597,1.76867
362,1,0.135999,0.399926,1.69346,0.0457096,0.558597,1.76867
364,1,0.126435,0.407986,1.69998,0.0457096,0.558597,1.76867
365,1,0.113667,0.417804,1.70078,0.0457096,0.558597,1.76867
366,1,0.106312,0.428758,1.702,0.0457096,0.558597,1.76867
367,1,0.103477,0.428662,1.70613,0.0457096,0.558597,1.76867
368,1,0.097827,0.434305,1.70642,0.0457096,0.558597,1.76867
369,1,0.0943958,0.439392,1.70848,0.0457096,0.558597,1.76867
370,1,0.0922064,0.444562,1.70911,0.0457096,0.558597,1.76867
371,1,0.0891791,0.448144,1.70919,0.0457096,0.558597,1.76867
372,1,0.0866449,0.452068,1.71011,0.0457096,0.558597,1.76867
373,1,0.0850025,0.455804,1.71106,0.0457096,0.558597,1.76867
374,1,0.0841409,0.458735,1.70836,0.0457096,0.558597,1.76867
375,1,0.0799124,0.461357,1.71091,0.0457096,0.558597,1.76867
376,1,0.0775082,0.463866,1.71148,0.0457096,0.558597,1.76867
377,1,0.078437,0.466281,1.71217,0.0457096,0.558597,1.76867
378,1,0.075253,0.468676,1.71277,0.0457096,0.558597,1.76867
379,1,0.0732118,0.469569,1.71279,0.0457096,0.558597,1.76867
380,1,0.0734916,0.471497,1.71299,0.0457096,0.558597,1.76867
381,1,0.0715619,0.472528,1.71249,0.0457096,0.558597,1.76867
382,1,0.0713427,0.472921,1.71321,0.0457096,0.558597,1.76867
383,1,0.0701023,0.474837,1.71406,0.0457096,0.558597,1.76867
384,1,0.0704039,0.474404,1.71174,0.0457096,0.558597,1.76867
385,1,0.0697293,0.475718,1.71298,0.0457096,0.558597,1.76867
386,1,0.0687204,0.477255,1.71447,0.0457096,0.558597,1.76867
387,1,0.0698031,0.47637,1.71196,0.0457096,0.558597,1.76867
388,1,0.0709404,0.476505,1.71277,0.0457096,0.558597,1.76867
389,1,0.0686689,0.4772,1.71282,0.0457096,0.558597,1.76867
390,1,0.069659,0.478819,1.71252,0.0457096,0.558597,1.76867
391,1,0.0685999,0.480004,1.71278,0.0457096,0.558597,1.76867
392,1,0.071119,0.47854,1.71051,0.0457096,0.558597,1.76867
393,1,0.069276,0.481681,1.71238,0.0457096,0.558597,1.76867
394,1,0.0719741,0.478414,1.70742,0.0457096,0.558597,1.76867
395,1,0.072228,0.478685,1.70793,0.0457096,0.558597,1.76867
396,1,0.0698255,0.48234,1.71283,0.0457096,0.558597,1.76867
397,1,0.0705452,0.482006,1.71234,0.0457096,0.558597,1.76867
398,1,0.0709644,0.482525,1.71242,0.0457096,0.558597,1.76867
399,1,0.0715328,0.483623,1.71356,0.0457096,0.558597,1.76867
400,1,0.0721589,0.483736,1.71451,0.0457096,0.558597,1.76867
401,1,0.0729135,0.483922,1.71385,0.0457096,0.558597,1.76867
402,1,0.0764168,0.47843,1.70986,0.0457096,0.558597,1.76867
403,1,0.0730962,0.484272,1.7157,0.0457096,0.558597,1.76867
404,1,0.0781102,0.478534,1.70993,0.0457096,0.558597,1.76867
405,1,0.0729878,0.484926,1.71441,0.0457096,0.558597,1.76867
406,1,0.0729968,0.48498,1.71539,0.0457096,0.558597,1.76867
407,1,0.0739322,0.485269,1.71381,0.0457096,0.558597,1.76867
408,1,0.0743673,0.484894,1.71433,0.0457096,0.558597,1.76867
409,1,0.0773565,0.479184,1.70953,0.0457096,0.558597,1.76867
410,1,0.077294,0.480359,1.71037,0.0457096,0.558597,1.76867
411,1,0.0771872,0.479631,1.71174,0.0457096,0.558597,1.76867
412,1,0.0851541,0.467223,1.70453,0.0457096,0.558597,1.76867
413,1,0.0754937,0.48151,1.7118,0.0457096,0.558597,1.76867
414,1,0.0735653,0.487747,1.71638,0.0457096,0.558597,1.76867
415,1,0.0739426,0.487804,1.71637,0.0457096,0.558597,1.76867
416,1,0.0731477,0.48709,1.71658,0.0457096,0.558597,1.76867
417,1,0.0738968,0.486965,1.71651,0.0457096,0.558597,1.76867
418,1,0.0739528,0.487421,1.7164,0.0457096,0.558597,1.76867
419,1,0.0742084,0.487257,1.71745,0.0457096,0.558597,1.76867
420,1,0.0784179,0.480524,1.71051,0.0457096,0.558597,1.76867
421,1,0.0716744,0.487613,1.71828,0.0457096,0.558597,1.76867
422,1,0.078286,0.477712,1.71154,0.0457096,0.558597,1.76867
423,1,0.0777765,0.478728,1.7097,0.0457096,0.558597,1.76867
424,1,0.0724911,0.486986,1.71625,0.0457096,0.558597,1.76867
425,1,0.071875,0.486334,1.71693,0.0457096,0.558597,1.76867
426,1,0.072066,0.486419,1.71637,0.0457096,0.558597,1.76867
427,1,0.0711316,0.486093,1.71691,0.0457096,0.558597,1.76867
428,1,0.0697791,0.487346,1.71756,0.0457096,0.558597,1.76867
429,1,0.0729083,0.480272,1.71251,0.0457096,0.558597,1.76867
430,1,0.0701845,0.485188,1.71665,0.0457096,0.558597,1.76867
431,1,0.068403,0.485242,1.71728,0.0457096,0.558597,1.76867
432,1,0.0692116,0.484062,1.71406,0.0457096,0.558597,1.76867
433,1,0.0700861,0.483211,1.7139,0.0457096,0.558597,1.76867
434,1,0.0696936,0.48195,1.71403,0.0457096,0.558597,1.76867
435,1,0.068103,0.481622,1.71394,0.0457096,0.558597,1.76867
436,1,0.0690838,0.48029,1.71374,0.0457096,0.558597,1.76867
437,1,0.0692849,0.478656,1.71302,0.0457096,0.558597,1.76867
438,1,0.0686265,0.475702,1.71143,0.0457096,0.558597,1.76867
439,1,0.066173,0.472954,1.71,0.0457096,0.558597,1.76867
440,1,0.0657604,0.468211,1.70561,0.0457096,0.558597,1.76867
441,1,0.0645671,0.462844,1.70394,0.0457096,0.558597,1.76867
442,1,0.0661495,0.459107,1.69952,0.0457096,0.558597,1.76867
443,1,0.0642531,0.453573,1.69871,0.0457096,0.558597,1.76867
444,1,0.0622443,0.454657,1.69602,0.0457096,0.558597,1.76867
445,1,0.0623557,0.442042,1.69388,0.0457096,0.558597,1.76867
446,1,0.0617309,0.436451,1.68946,0.0457096,0.558597,1.76867
447,1,0.0599741,0.431459,1.6878,0.0457096,0.558597,1.76867
448,1,0.0585249,0.424034,1.68166,0.0457096,0.558597,1.76867
449,1,0.0556325,0.423772,1.67733,0.0457096,0.558597,1.76867
450,1,0.056728,0.411081,1.67327,0.0457096,0.558597,1.76867
451,1,0.0545953,0.405432,1.66968,0.0457096,0.558597,1.76867
452,1,0.0521995,0.403079,1.66735,0.0457096,0.558597,1.76867
453,1,0.0524376,0.395984,1.6654,0.0457096,0.558597,1.76867
454,1,0.0510636,0.384532,1.66229,0.0457096,0.558597,1.76867
455,1,0.0508841,0.37313,1.66068,0.0457096,0.558597,1.76867
456,1,0.048644,0.366273,1.65642,0.0457096,0.558597,1.76867
457,1,0.04592,0.351789,1.65247,0.0457096,0.558597,1.76867
458,1,0.0447667,0.335029,1.65141,0.0457096,0.558597,1.76867
459,1,0.0360282,0.31561,1.64645,0.0457096,0.558597,1.76867
460,1,0.0420762,0.293476,1.64499,0.0457096,0.558597,1.76867
462,1,0.0428928,0.268232,1.64452,0.0457096,0.558597,1.76867
463,1,0.0471254,0.22077,1.65012,0.0457096,0.558597,1.76867
464,1,0.0463709,0.190109,1.65179,0.0457096,0.558597,1.76867
465,1,0.0449286,0.159487,1.6517,0.0457096,0.558597,1.76867
466,1,0.0422462,0.129158,1.64882,0.0457096,0.558597,1.76867
467,1,0.0403224,0.0948592,1.65267,0.0457096,0.558597,1.76867
468,1,0.0385146,0.0622983,1.65514,0.0457096,0.558597,1.76867
469,1,0.0335699,0.0303581,1.65898,0.0457096,0.558597,1.76867
470,1,0.0309339,0.00233401,1.65941,0.0457096,0.558597,1.76867
471,1,0.0256389,-0.0257159,1.66591,0.0457096,0.558597,1.76867
472,1,0.0225757,-0.0527871,1.66952,0.0457096,0.558597,1.76867
473,1,0.0201465,-0.0757622,1.67477,0.0457096,0.558597,1.76867
474,1,0.0167838,-0.0946004,1.67953,0.0457096,0.558597,1.76867
475,1,0.0173701,-0.111434,1.68465,0.0457096,0.558597,1.76867
476,1,0.0175249,-0.12484,1.68862,0.0457096,0.558597,1.76867
477,1,0.0174793,-0.135235,1.69155,0.0457096,0.558597,1.76867
478,1,0.0181459,-0.14243,1.69286,0.0457096,0.558597,1.76867
479,1,0.0208799,-0.151627,1.69828,0.0457096,0.558597,1.76867
480,1,0.0213031,-0.159401,1.69974,0.0457096,0.558597,1.76867
481,1,0.0208901,-0.16577,1.70104,0.0457096,0.558597,1.76867
482,1,0.0221944,-0.171076,1.70435,0.0457096,0.558597,1.76867
483,1,0.022622,-0.176518,1.70605,0.0457096,0.558597,1.76867
484,1,0.02122,-0.18214,1.70899,0.0457096,0.558597,1.76867
485,1,0.0206899,-0.188645,1.71079,0.0457096,0.558597,1.76867
486,1,0.0199293,-0.193427,1.7112,0.0457096,0.558597,1.76867
487,1,0.0195149,-0.19638,1.7137,0.0457096,0.558597,1.76867
488,1,0.0191066,-0.198129,1.71428,0.0457096,0.558597,1.76867
489,1,0.019683,-0.198152,1.71452,0.0457096,0.558597,1.76867
490,1,0.0196014,-0.199319,1.71404,0.0457096,0.558597,1.76867
491,1,0.0194155,-0.19992,1.71313,0.0457096,0.558597,1.76867
492,1,0.0199075,-0.198882,1.71374,0.0457096,0.558597,1.76867
493,1,0.0208451,-0.201604,1.71533,0.0457096,0.558597,1.76867
494,1,0.0187655,-0.199729,1.7145,0.0457096,0.558597,1.76867
495,1,0.0193221,-0.199826,1.71653,0.0457096,0.558597,1.76867
496,1,0.0185148,-0.199271,1.71592,0.0457096,0.558597,1.76867
497,1,0.0198448,-0.199411,1.71646,0.0457096,0.558597,1.76867
498,1,0.019108,-0.199073,1.7138,0.0457096,0.558597,1.76867
499,1,0.0183472,-0.198886,1.7148,0.0457096,0.558597,1.76867
500,1,0.019191,-0.198108,1.71306,0.0457096,0.558597,1.76867
501,1,0.0188163,-0.19988,1.71385,0.0457096,0.558597,1.76867
502,1,0.0194839,-0.199893,1.71314,0.0457096,0.558597,1.76867
503,1,0.0191807,-0.199128,1.71268,0.0457096,0.558597,1.76867
504,1,0.0188624,-0.198457,1.71213,0.0457096,0.558597,1.76867
505,1,0.0192356,-0.199261,1.71265,0.0457096,0.558597,1.76867
506,1,0.0199415,-0.199019,1.71138,0.0457096,0.558597,1.76867
507,1,0.0206101,-0.198694,1.71176,0.0457096,0.558597,1.76867
508,1,0.0201925,-0.197399,1.71351,0.0457096,0.558597,1.76867
509,1,0.0201838,-0.197907,1.71265,0.0457096,0.558597,1.76867
510,1,0.0181535,-0.194881,1.71224,0.0457096,0.558597,1.76867
511,1,0.0173452,-0.193461,1.71106,0.0457096,0.558597,1.76867
512,1,0.0171457,-0.186338,1.70959,0.0457096,0.558597,1.76867
513,1,0.0154638,-0.190799,1.71509,0.0457096,0.558597,1.76867
514,1,0.0157609,-0.193968,1.71445,0.0457096,0.558597,1.76867
515,1,0.0181988,-0.19324,1.7136,0.0457096,0.558597,1.76867
516,0,0.0196143,-0.195168,1.71362,0.0457096,0.558597,1.76867
517,0,0.0165702,-0.197366,1.71759,0.0457096,0.558597,1.76867
518,0,0.0167583,-0.197144,1.7182,0.0457096,0.558597,1.76867
519,0,0.0164314,-0.197295,1.71771,0.0457096,0.558597,1.76867
520,0,0.0164961,-0.197517,1.71812,0.0457096,0.558597,1.76867
521,0,0.0167792,-0.197076,1.71765,0.0457096,0.558597,1.76867
522,0,0.0159917,-0.197832,1.71815,0.0457096,0.558597,1.76867
523,0,0.016812,-0.197048,1.71921,0.0457096,0.558597,1.76867
524,0,0.0162946,-0.197571,1.7176,0.0457096,0.558597,1.76867
525,0,0.0160977,-0.197696,1.71838,0.0457096,0.558597,1.76867
526,0,0.0162042,-0.197527,1.71846,0.0457096,0.558597,1.76867
527,0,0.0163304,-0.197381,1.71853,0.0457096,0.558597,1.76867
528,0,0.0164759,-0.197653,1.71876,0.0457096,0.558597,1.76867
529,0,0.0168752,-0.196942,1.7192,0.0457096,0.558597,1.76867
530,0,0.0162575,-0.197394,1.71843,0.0457096,0.558597,1.76867
531,0,0.0166064,-0.197239,1.71853,0.0457096,0.558597,1.76867
532,0,0.016501,-0.197185,1.71891,0.0457096,0.558597,1.76867
533,0,0.0165892,-0.197183,1.7181,0.0457096,0.558597,1.76867
534,0,0.0156844,-0.197814,1.71861,0.0457096,0.558597,1.76867
535,0,0.016302,-0.197664,1.71914,0.0457096,0.558597,1.76867
536,0,0.0159571,-0.197674,1.71977,0.0457096,0.558597,1.76867
537,0,0.0165059,-0.197739,1.71797,0.0457096,0.558597,1.76867
538,0,0.0165399,-0.197465,1.71785,0.0457096,0.558597,1.76867
539,0,0.0163611,-0.197631,1.71872,0.0457096,0.558597,1.76867
540,0,0.0166521,-0.197417,1.71957,0.0457096,0.558597,1.76867
541,0,0.0166672,-0.197425,1.71842,0.0457096,0.558597,1.76867
542,0,0.0161455,-0.197555,1.71864,0.0457096,0.558597,1.76867
543,0,0.0163827,-0.197398,1.71841,0.0457096,0.558597,1.76867
544,0,0.0157064,-0.19763,1.71865,0.0457096,0.558597,1.76867
545,0,0.0167719,-0.197458,1.71799,0.0457096,0.558597,1.76867
546,0,0.0162414,-0.197694,1.71853,0.0457096,0.558597,1.76867
547,0,0.0169028,-0.197479,1.71962,0.0457096,0.558597,1.76867
548,0,0.0167059,-0.197263,1.71849,0.0457096,0.558597,1.76867
549,0,0.0165848,-0.197602,1.71826,0.0457096,0.558597,1.76867
550,0,0.0168365,-0.197321,1.71806,0.0457096,0.558597,1.76867
551,0,0.016212,-0.197324,1.7183,0.0457096,0.558597,1.76867
552,0,0.0161558,-0.197267,1.71798,0.0457096,0.558597,1.76867
553,0,0.0164023,-0.197527,1.71892,0.0457096,0.558597,1.76867
554,0,0.0167064,-0.197308,1.71898,0.0457096,0.558597,1.76867
555,0,0.0164732,-0.197294,1.7187,0.0457096,0.558597,1.76867
556,0,0.0166742,-0.196907,1.71834,0.0457096,0.558597,1.76867
557,0,0.0164722,-0.19718,1.71939,0.0457096,0.558597,1.76867
558,0,0.0162989,-0.197834,1.71863,0.0457096,0.558597,1.76867
559,0,0.0164877,-0.197232,1.71774,0.0457096,0.558597,1.76867
560,0,0.0161818,-0.197582,1.71868,0.0457096,0.558597,1.76867
561,0,0.0163043,-0.197701,1.71847,0.0457096,0.558597,1.76867
562,0,0.016438,-0.19746,1.71816,0.0457096,0.558597,1.76867
563,0,0.0163446,-0.197616,1.7176,0.0457096,0.558597,1.76867
564,0,0.016808,-0.197421,1.71789,0.0457096,0.558597,1.76867
565,0,0.0162978,-0.197292,1.71775,0.0457096,0.558597,1.76867
566,0,0.0162669,-0.197351,1.71768,0.0457096,0.558597,1.76867
567,0,0.016403,-0.197179,1.7175,0.0457096,0.558597,1.76867
568,0,0.0164027,-0.197304,1.71758,0.0457096,0.558597,1.76867
569,0,0.0165089,-0.197612,1.71767,0.0457096,0.558597,1.76867
570,0,0.0163144,-0.19736,1.71748,0.0457096,0.558597,1.76867
571,0,0.0163034,-0.197432,1.71754,0.0457096,0.558597,1.76867
572,0,0.0160816,-0.197152,1.71745,0.0457096,0.558597,1.76867
573,0,0.0161122,-0.197421,1.71795,0.0457096,0.558597,1.76867
574,0,0.0168212,-0.197149,1.71794,0.0457096,0.558597,1.76867
575,0,0.0164511,-0.197367,1.71798,0.0457096,0.558597,1.76867
576,0,0.0161149,-0.197454,1.7175,0.0457096,0.558597,1.76867
577,0,0.0225886,-0.185049,1.70525,0.0457096,0.558597,1.76867
578,0,0.0136554,-0.186442,1.7094,0.0457096,0.558597,1.76867
579,1,0.0149047,-0.186333,1.70896,0.0457096,0.558597,1.76867
580,1,0.0166357,-0.186354,1.70645,0.0457096,0.558597,1.76867
581,1,0.0184706,-0.187534,1.70603,0.0457096,0.558597,1.76867
582,1,0.0178349,-0.193502,1.71005,0.0457096,0.558597,1.76867
583,1,0.0192776,-0.196143,1.71108,0.0457096,0.558597,1.76867
584,1,0.0211066,-0.198122,1.71081,0.0457096,0.558597,1.76867
585,1,0.0216864,-0.200275,1.71245,0.0457096,0.558597,1.76867
586,1,0.022137,-0.200571,1.71354,0.0457096,0.558597,1.76867
587,1,0.021552,-0.201951,1.71371,0.0457096,0.558597,1.76867
588,1,0.0219145,-0.201513,1.71329,0.0457096,0.558597,1.76867
589,1,0.022215,-0.201449,1.71347,0.0457096,0.558597,1.76867
590,1,0.0216887,-0.200991,1.71245,0.0457096,0.558597,1.76867
591,1,0.0221568,-0.200914,1.71386,0.0457096,0.558597,1.76867
592,1,0.022318,-0.20112,1.71402,0.0457096,0.558597,1.76867
593,1,0.0218162,-0.201076,1.7157,0.0457096,0.558597,1.76867
594,1,0.0222853,-0.200854,1.7142,0.0457096,0.558597,1.76867
595,1,0.0216681,-0.201824,1.71378,0.0457096,0.558597,1.76867
596,1,0.0223386,-0.201253,1.71317,0.0457096,0.558597,1.76867
597,1,0.0211177,-0.19785,1.71187,0.0457096,0.558597,1.76867
598,1,0.0213916,-0.196623,1.71369,0.0457096,0.558597,1.76867
599,1,0.0223858,-0.20065,1.71434,0.0457096,0.558597,1.76867
600,1,0.0202507,-0.196452,1.71375,0.0457096,0.558597,1.76867
601,1,0.0198459,-0.195204,1.71556,0.0457096,0.558597,1.76867
602,1,0.0198889,-0.19534,1.71464,0.0457096,0.558597,1.76867
603,1,0.0188639,-0.194487,1.71461,0.0457096,0.558597,1.76867
604,1,0.0205412,-0.196893,1.71434,0.0457096,0.558597,1.76867
605,1,0.0192965,-0.193632,1.71396,0.0457096,0.558597,1.76867
606,1,0.0199923,-0.193739,1.71085,0.0457096,0.558597,1.76867
607,1,0.0187821,-0.193356,1.71079,0.0457096,0.558597,1.76867
608,1,0.0240828,-0.187273,1.70778,0.0457096,0.558597,1.76867
609,1,0.0248922,-0.177109,1.70495,0.0457096,0.558597,1.76867
610,1,0.028434,-0.164607,1.69892,0.0457096,0.558597,1.76867
611,1,0.0313777,-0.150012,1.69184,0.0457096,0.558597,1.76867
612,1,0.0354171,-0.12951,1.68564,0.0457096,0.558597,1.76867
613,1,0.0377682,-0.110726,1.67791,0.0457096,0.558597,1.76867
614,1,0.0413914,-0.0877981,1.67309,0.0457096,0.558597,1.76867
615,1,0.0463065,-0.0622698,1.66113,0.0457096,0.558597,1.76867
616,1,0.0500967,-0.0372719,1.65729,0.0457096,0.558597,1.76867
617,1,0.0517491,-0.0113127,1.65002,0.0457096,0.558597,1.76867
618,1,0.055378,0.0163618,1.6475,0.0457096,0.558597,1.76867
619,1,0.0568617,0.0432999,1.64489,0.0457096,0.558597,1.76867
620,1,0.0573681,0.0680413,1.64193,0.0457096,0.558597,1.76867
621,1,0.0600718,0.101041,1.6418,0.0457096,0.558597,1.76867
622,1,0.0592402,0.12327,1.64195,0.0457096,0.558597,1.76867
623,1,0.0630615,0.155866,1.64221,0.0457096,0.558597,1.76867
624,1,0.0638683,0.177723,1.64549,0.0457096,0.558597,1.76867
625,1,0.0631533,0.204482,1.64808,0.0457096,0.558597,1.76867
626,1,0.0621746,0.228811,1.6512,0.0457096,0.558597,1.76867
627,1,0.0470909,0.237904,1.65892,0.0457096,0.558597,1.76867
628,1,0.0457236,0.258605,1.66085,0.0457096,0.558597,1.76867
629,1,0.0614434,0.292993,1.66297,0.0457096,0.558597,1.76867
630,1,0.0625448,0.314001,1.66698,0.0457096,0.558597,1.76867
631,1,0.0636903,0.332396,1.67118,0.0457096,0.558597,1.76867
632,1,0.0614885,0.347551,1.67171,0.0457096,0.558597,1.76867
633,1,0.0603732,0.356323,1.67642,0.0457096,0.558597,1.76867
634,1,0.0595149,0.376335,1.68103,0.0457096,0.558597,1.76867
635,1,0.0596131,0.390157,1.68636,0.0457096,0.558597,1.76867
636,1,0.0566161,0.402954,1.69395,0.0457096,0.558597,1.76867
637,1,0.0559179,0.403911,1.69625,0.0457096,0.558597,1.76867
638,1,0.0566522,0.416019,1.69886,0.0457096,0.558597,1.76867
639,1,0.0556922,0.425099,1.70292,0.0457096,0.558597,1.76867
640,1,0.0562433,0.433728,1.7042,0.0457096,0.558597,1.76867
641,1,0.054049,0.442444,1.70777,0.0457096,0.558597,1.76867
642,1,0.0518915,0.449666,1.70955,0.0457096,0.558597,1.76867
643,1,0.052108,0.457875,1.7117,0.0457096,0.558597,1.76867
644,1,0.0523024,0.462564,1.71119,0.0457096,0.558597,1.76867
645,1,0.0508009,0.466326,1.71065,0.0457096,0.558597,1.76867
646,1,0.0494019,0.472142,1.71293,0.0457096,0.558597,1.76867
647,1,0.0495401,0.476752,1.71438,0.0457096,0.558597,1.76867
648,1,0.0485876,0.479714,1.71568,0.0457096,0.558597,1.76867
649,1,0.0479756,0.484451,1.71655,0.0457096,0.558597,1.76867
650,1,0.0459846,0.486594,1.71523,0.0457096,0.558597,1.76867
651,1,0.0448215,0.490185,1.71515,0.0457096,0.558597,1.76867
652,1,0.0446347,0.492883,1.71514,0.0457096,0.558597,1.76867
653,1,0.0445979,0.495702,1.71485,0.0457096,0.558597,1.76867
654,1,0.0443121,0.498616,1.71621,0.0457096,0.558597,1.76867
655,1,0.0460737,0.49811,1.71226,0.0457096,0.558597,1.76867
656,1,0.0451622,0.498993,1.71415,0.0457096,0.558597,1.76867
657,1,0.0462878,0.493936,1.70801,0.0457096,0.558597,1.76867
658,1,0.0447905,0.500337,1.71359,0.0457096,0.558597,1.76867
659,1,0.0439671,0.501755,1.71489,0.0457096,0.558597,1.76867
660,1,0.0438005,0.501367,1.71368,0.0457096,0.558597,1.76867
661,1,0.0452253,0.502422,1.71486,0.0457096,0.558597,1.76867
662,1,0.0439387,0.499463,1.71377,0.0457096,0.558597,1.76867
663,1,0.0452264,0.502426,1.71432,0.0457096,0.558597,1.76867
664,1,0.0450893,0.501727,1.71385,0.0457096,0.558597,1.76867
665,1,0.0448671,0.501345,1.71429,0.0457096,0.558597,1.76867
666,1,0.0441149,0.502942,1.71468,0.0457096,0.558597,1.76867
667,1,0.0438458,0.505181,1.71631,0.0457096,0.558597,1.76867
668,1,0.044962,0.506347,1.71791,0.0457096,0.558597,1.76867
669,1,0.0442343,0.506479,1.71773,0.0457096,0.558597,1.76867
670,1,0.0437175,0.506069,1.71453,0.0457096,0.558597,1.76867
671,1,0.0414426,0.505403,1.71671,0.0457096,0.558597,1.76867
672,1,0.0453072,0.509423,1.71956,0.0457096,0.558597,1.76867
673,1,0.0432815,0.507071,1.71681,0.0457096,0.558597,1.76867
674,1,0.0425454,0.509036,1.71919,0.0457096,0.558597,1.76867
675,1,0.0429178,0.506829,1.71385,0.0457096,0.558597,1.76867
676,1,0.0439152,0.500791,1.7059,0.0457096,0.558597,1.76867
677,1,0.044857,0.502637,1.70564,0.0457096,0.558597,1.76867
678,1,0.0440263,0.508524,1.71208,0.0457096,0.558597,1.76867
679,1,0.0446413,0.509401,1.71168,0.0457096,0.558597,1.76867
680,1,0.043569,0.509327,1.70993,0.0457096,0.558597,1.76867
681,1,0.042462,0.5125,1.71262,0.0457096,0.558597,1.76867
682,1,0.0416475,0.514421,1.7114,0.0457096,0.558597,1.76867
683,1,0.0454668,0.500653,1.69655,0.0457096,0.558597,1.76867
684,1,0.0384432,0.51269,1.70775,0.0457096,0.558597,1.76867
685,1,0.0392076,0.508179,1.70614,0.0457096,0.558597,1.76867
686,1,0.0397742,0.509928,1.70293,0.0457096,0.558597,1.76867
687,1,0.0408538,0.510802,1.70017,0.0457096,0.558597,1.76867
688,1,0.0445653,0.510797,1.69703,0.0457096,0.558597,1.76867
689,1,0.0449663,0.513434,1.69949,0.0457096,0.558597,1.76867
690,1,0.043967,0.512113,1.69997,0.0457096,0.558597,1.76867
691,1,0.0457888,0.511535,1.69644,0.0457096,0.558597,1.76867
692,1,0.0436165,0.514795,1.70009,0.0457096,0.558597,1.76867
693,1,0.0433609,0.512966,1.69912,0.0457096,0.558597,1.76867
694,1,0.0416184,0.513338,1.6998,0.0457096,0.558597,1.76867
695,1,0.0437969,0.512205,1.69998,0.0457096,0.558597,1.76867
696,1,0.0441153,0.51021,1.69487,0.0457096,0.558597,1.76867
697,1,0.0449352,0.512861,1.69689,0.0457096,0.558597,1.76867
698,1,0.043109,0.515156,1.69854,0.0457096,0.558597,1.76867
699,1,0.043657,0.515386,1.69729,0.0457096,0.558597,1.76867
700,1,0.0434972,0.514166,1.69993,0.0457096,0.558597,1.76867
701,1,0.0449504,0.515871,1.70096,0.0457096,0.558597,1.76867
702,1,0.041865,0.517765,1.70631,0.0457096,0.558597,1.76867
703,1,0.0441461,0.513667,1.69994,0.0457096,0.558597,1.76867
704,1,0.0444276,0.513641,1.70015,0.0457096,0.558597,1.76867
705,1,0.0433212,0.51526,1.70029,0.0457096,0.558597,1.76867
706,1,0.0428789,0.511191,1.70044,0.0457096,0.558597,1.76867
707,1,0.0413104,0.51032,1.69978,0.0457096,0.558597,1.76867
708,1,0.0433786,0.508905,1.69652,0.0457096,0.558597,1.76867
709,1,0.0426882,0.508413,1.69738,0.0457096,0.558597,1.76867
710,1,0.04083,0.506484,1.69696,0.0457096,0.558597,1.76867
711,1,0.0393093,0.50871,1.69846,0.0457096,0.558597,1.76867
712,1,0.0392328,0.510641,1.69916,0.0457096,0.558597,1.76867
713,1,0.0409612,0.508677,1.69972,0.0457096,0.558597,1.76867
714,1,0.0417049,0.50846,1.70389,0.0457096,0.558597,1.76867
715,1,0.0394499,0.513511,1.70912,0.0457096,0.558597,1.76867
716,1,0.0419028,0.50898,1.70396,0.0457096,0.558597,1.76867
717,1,0.0393115,0.510347,1.70718,0.0457096,0.558597,1.76867
718,1,0.0351713,0.506171,1.70621,0.0457096,0.558597,1.76867
719,1,0.0356761,0.506391,1.70874,0.0457096,0.558597,1.76867
720,1,0.0359629,0.503726,1.70635,0.0457096,0.558597,1.76867
721,1,0.037873,0.500966,1.70392,0.0457096,0.558597,1.76867
722,1,0.0382186,0.497078,1.70253,0.0457096,0.558597,1.76867
723,1,0.0356373,0.494116,1.70431,0.0457096,0.558597,1.76867
724,1,0.0368017,0.488098,1.70329,0.0457096,0.558597,1.76867
725,1,0.0368075,0.481182,1.70184,0.0457096,0.558597,1.76867
726,1,0.0390472,0.471684,1.70017,0.0457096,0.558597,1.76867
727,1,0.0383229,0.464011,1.70091,0.0457096,0.558597,1.76867
728,1,0.039929,0.454072,1.69975,0.0457096,0.558597,1.76867
729,1,0.0409784,0.443574,1.69806,0.0457096,0.558597,1.76867
730,1,0.0420023,0.433904,1.69988,0.0457096,0.558597,1.76867
731,1,0.04312,0.42206,1.69784,0.0457096,0.558597,1.76867
732,1,0.0451062,0.408224,1.69718,0.0457096,0.558597,1.76867
733,1,0.0487448,0.391835,1.69628,0.0457096,0.558597,1.76867
734,1,0.0515816,0.377539,1.69601,0.0457096,0.558597,1.76867
735,1,0.0535249,0.360678,1.69656,0.0457096,0.558597,1.76867
736,1,0.0580749,0.339971,1.69757,0.0457096,0.558597,1.76867
737,1,0.0558647,0.313278,1.69612,0.0457096,0.558597,1.76867
738,1,0.0541983,0.287394,1.69552,0.0457096,0.558597,1.76867
739,1,0.0729729,0.274311,1.6962,0.0457096,0.558597,1.76867
740,1,0.0480226,0.226882,1.69195,0.0457096,0.558597,1.76867
741,1,0.0437636,0.19722,1.69023,0.0457096,0.558597,1.76867
742,1,0.033667,0.164682,1.68797,0.0457096,0.558597,1.76867
743,1,0.0203544,0.13348,1.68539,0.0457096,0.558597,1.76867
744,1,0.00594355,0.100968,1.68222,0.0457096,0.558597,1.76867
745,1,-0.0141685,0.0714423,1.68095,0.0457096,0.558597,1.76867
746,1,-0.0373568,0.0403504,1.67898,0.0457096,0.558597,1.76867
747,1,-0.0613696,0.0148974,1.67994,0.0457096,0.558597,1.76867
748,1,-0.0879,-0.00797318,1.68456,0.0457096,0.558597,1.76867
749,1,-0.113546,-0.0319354,1.67955,0.0457096,0.558597,1.76867
750,1,-0.143218,-0.0492621,1.67767,0.0457096,0.558597,1.76867
751,1,-0.168888,-0.0654803,1.67542,0.0457096,0.558597,1.76867
752,1,-0.195067,-0.0799043,1.67001,0.0457096,0.558597,1.76867
753,1,-0.224224,-0.0882813,1.66957,0.0457096,0.558597,1.76867
754,1,-0.251376,-0.0947286,1.66598,0.0457096,0.558597,1.76867
755,1,-0.273964,-0.102214,1.66441,0.0457096,0.558597,1.76867
756,1,-0.296623,-0.108441,1.66445,0.0457096,0.558597,1.76867
757,1,-0.315333,-0.113607,1.6617,0.0457096,0.558597,1.76867
758,1,-0.330864,-0.116061,1.66436,0.0457096,0.558597,1.76867
759,1,-0.342871,-0.122198,1.66448,0.0457096,0.558597,1.76867
760,1,-0.351324,-0.126734,1.66408,0.0457096,0.558597,1.76867
761,1,-0.35816,-0.133062,1.66381,0.0457096,0.558597,1.76867
762,1,-0.362138,-0.134177,1.6656,0.0457096,0.558597,1.76867
763,1,-0.364092,-0.137132,1.66507,0.0457096,0.558597,1.76867
764,1,-0.367123,-0.138765,1.66654,0.0457096,0.558597,1.76867
765,1,-0.366497,-0.146511,1.67411,0.0457096,0.558597,1.76867
766,1,-0.368679,-0.15348,1.67629,0.0457096,0.558597,1.76867
767,1,-0.367452,-0.15664,1.68218,0.0457096,0.558597,1.76867
768,1,-0.367049,-0.154482,1.6826,0.0457096,0.558597,1.76867
769,1,-0.366766,-0.155526,1.6828,0.0457096,0.558597,1.76867
770,1,-0.36681,-0.154658,1.68434,0.0457096,0.558597,1.76867
771,1,-0.366919,-0.155451,1.67817,0.0457096,0.558597,1.76867
772,1,-0.365528,-0.157021,1.6826,0.0457096,0.558597,1.76867
773,1,-0.366045,-0.154209,1.68183,0.0457096,0.558597,1.76867
774,1,-0.366162,-0.156191,1.68198,0.0457096,0.558597,1.76867
775,1,-0.366154,-0.156615,1.67666,0.0457096,0.558597,1.76867
776,1,-0.365406,-0.15714,1.68181,0.0457096,0.558597,1.76867
777,1,-0.366292,-0.156038,1.68369,0.0457096,0.558597,1.76867
778,1,-0.367073,-0.155652,1.68452,0.0457096,0.558597,1.76867
779,1,-0.36627,-0.155506,1.68322,0.0457096,0.558597,1.76867
780,1,-0.366196,-0.155788,1.68342,0.0457096,0.558597,1.76867
781,1,-0.364549,-0.156069,1.68255,0.0457096,0.558597,1.76867
782,1,-0.366076,-0.155815,1.67707,0.0457096,0.558597,1.76867
783,1,-0.364768,-0.156825,1.68219,0.0457096,0.558597,1.76867
784,1,-0.364201,-0.156836,1.6814,0.0457096,0.558597,1.76867
785,1,-0.364585,-0.155952,1.6837,0.0457096,0.558597,1.76867
786,1,-0.364647,-0.156706,1.6818,0.0457096,0.558597,1.76867
787,0,-0.364727,-0.156268,1.68086,0.0457096,0.558597,1.76867
788,0,-0.364536,-0.156037,1.68081,0.0457096,0.558597,1.76867
789,0,-0.364532,-0.156197,1.68284,0.0457096,0.558597,1.76867
790,0,-0.364488,-0.156356,1.68279,0.0457096,0.558597,1.76867
791,0,-0.364225,-0.156344,1.68182,0.0457096,0.558597,1.76867
793,0,-0.365044,-0.156183,1.68099,0.0457096,0.558597,1.76867
794,0,-0.364272,-0.157498,1.68075,0.0457096,0.558597,1.76867
795,1,-0.364789,-0.155837,1.68052,0.0457096,0.558597,1.76867
796,1,-0.364819,-0.156402,1.68143,0.0457096,0.558597,1.76867
797,1,-0.364745,-0.156097,1.68308,0.0457096,0.558597,1.76867
798,0,-0.364985,-0.156554,1.68149,0.0457096,0.558597,1.76867
799,0,-0.364002,-0.156845,1.68168,0.0457096,0.558597,1.76867
800,0,-0.364463,-0.156122,1.68257,0.0457096,0.558597,1.76867
801,0,-0.364887,-0.156607,1.68117,0.0457096,0.558597,1.76867
802,0,-0.364595,-0.155769,1.68253,0.0457096,0.558597,1.76867
803,0,-0.364549,-0.155847,1.68218,0.0457096,0.558597,1.76867
804,0,-0.364283,-0.155895,1.68236,0.0457096,0.558597,1.76867
805,0,-0.364444,-0.155895,1.68276,0.0457096,0.558597,1.76867
806,0,-0.366484,-0.153379,1.67576,0.0457096,0.558597,1.76867
807,0,-0.364094,-0.156043,1.68194,0.0457096,0.558597,1.76867
808,0,-0.364296,-0.153446,1.67726,0.0457096,0.558597,1.76867
809,0,-0.363895,-0.156029,1.68242,0.0457096,0.558597,1.76867
810,0,-0.365298,-0.152413,1.67753,0.0457096,0.558597,1.76867
811,0,-0.364196,-0.155459,1.68251,0.0457096,0.558597,1.76867
812,0,-0.363795,-0.156048,1.68161,0.0457096,0.558597,1.76867
813,0,-0.36436,-0.156244,1.68244,0.0457096,0.558597,1.76867
814,0,-0.365232,-0.156365,1.68032,0.0457096,0.558597,1.76867
815,0,-0.3666,-0.148327,1.66893,0.0457096,0.558597,1.76867
816,0,-0.364857,-0.152764,1.67643,0.0457096,0.558597,1.76867
817,0,-0.363606,-0.153387,1.67631,0.0457096,0.558597,1.76867
818,0,-0.364338,-0.156394,1.68186,0.0457096,0.558597,1.76867
819,0,-0.364145,-0.15458,1.67671,0.0457096,0.558597,1.76867
820,0,-0.363986,-0.155881,1.68112,0.0457096,0.558597,1.76867
821,0,-0.364316,-0.155344,1.67753,0.0457096,0.558597,1.76867
822,0,-0.364163,-0.156091,1.68241,0.0457096,0.558597,1.76867
823,0,-0.365993,-0.152312,1.67678,0.0457096,0.558597,1.76867
824,0,-0.363787,-0.155871,1.68086,0.0457096,0.558597,1.76867
825,0,-0.363949,-0.15659,1.68074,0.0457096,0.558597,1.76867
826,0,-0.365354,-0.155708,1.67738,0.0457096,0.558597,1.76867
827,0,-0.364183,-0.156661,1.68023,0.0457096,0.558597,1.76867
828,0,-0.364424,-0.15607,1.68049,0.0457096,0.558597,1.76867
829,0,-0.366226,-0.155709,1.67753,0.0457096,0.558597,1.76867
830,0,-0.366561,-0.155308,1.67619,0.0457096,0.558597,1.76867
832,0,-0.364232,-0.156106,1.68242,0.0457096,0.558597,1.76867
833,0,-0.364341,-0.155985,1.6812,0.0457096,0.558597,1.76867
834,0,-0.365066,-0.155173,1.67742,0.0457096,0.558597,1.76867
835,0,-0.364396,-0.156423,1.68082,0.0457096,0.558597,1.76867
836,0,-0.364454,-0.156214,1.68098,0.0457096,0.558597,1.76867
837,0,-0.364186,-0.155799,1.68122,0.0457096,0.558597,1.76867
838,0,-0.365882,-0.156504,1.67784,0.0457096,0.558597,1.76867
839,0,-0.364022,-0.155557,1.68134,0.0457096,0.558597,1.76867
840,0,-0.36447,-0.154601,1.67629,0.0457096,0.558597,1.76867
841,0,-0.364441,-0.154054,1.67677,0.0457096,0.558597,1.76867
842,0,-0.364695,-0.156474,1.68083,0.0457096,0.558597,1.76867
843,0,-0.364867,-0.156769,1.68006,0.0457096,0.558597,1.76867
844,0,-0.364872,-0.15632,1.68021,0.0457096,0.558597,1.76867
845,0,-0.364188,-0.156061,1.68075,0.0457096,0.558597,1.76867
846,1,-0.365297,-0.155736,1.67722,0.0457096,0.558597,1.76867
847,0,-0.364658,-0.156471,1.67668,0.0457096,0.558597,1.76867
848,0,-0.364348,-0.156301,1.681,0.0457096,0.558597,1.76867
849,1,-0.363711,-0.156943,1.67983,0.0457096,0.558597,1.76867
850,1,-0.364566,-0.156314,1.68081,0.0457096,0.558597,1.76867
851,0,-0.365156,-0.156876,1.67685,0.0457096,0.558597,1.76867
852,0,-0.364773,-0.154366,1.6757,0.0457096,0.558597,1.76867
853,1,-0.364175,-0.156216,1.67952,0.0457096,0.558597,1.76867
854,0,-0.364446,-0.155406,1.67991,0.0457096,0.558597,1.76867
855,0,-0.364229,-0.15591,1.68183,0.0457096,0.558597,1.76867
856,0,-0.364417,-0.156237,1.67968,0.0457096,0.558597,1.76867
857,0,-0.363441,-0.155795,1.68047,0.0457096,0.558597,1.76867
858,1,-0.363611,-0.155678,1.68139,0.0457096,0.558597,1.76867
859,0,-0.364451,-0.155939,1.682,0.0457096,0.558597,1.76867
860,0,-0.363924,-0.155565,1.68129,0.0457096,0.558597,1.76867
861,1,-0.364542,-0.156598,1.68072,0.0457096,0.558597,1.76867
862,1,-0.364289,-0.155915,1.67972,0.0457096,0.558597,1.76867
863,1,-0.36421,-0.156491,1.68045,0.0457096,0.558597,1.76867
864,1,-0.364375,-0.155913,1.6765,0.0457096,0.558597,1.76867
865,1,-0.364083,-0.155662,1.67993,0.0457096,0.558597,1.76867
866,1,-0.365613,-0.149186,1.66936,0.0457096,0.558597,1.76867
867,1,-0.363701,-0.153857,1.67622,0.0457096,0.558597,1.76867
868,1,-0.36353,-0.156742,1.67963,0.0457096,0.558597,1.76867
869,1,-0.36405,-0.155938,1.68117,0.0457096,0.558597,1.76867
870,1,-0.36328,-0.156469,1.67919,0.0457096,0.558597,1.76867
871,1,-0.364007,-0.156816,1.67958,0.0457096,0.558597,1.76867
872,1,-0.364515,-0.156398,1.68007,0.0457096,0.558597,1.76867
873,1,-0.364199,-0.155772,1.68004,0.0457096,0.558597,1.76867
874,1,-0.364822,-0.156342,1.67682,0.0457096,0.558597,1.76867
875,1,-0.363612,-0.155588,1.68072,0.0457096,0.558597,1.76867
876,1,-0.364553,-0.157592,1.68113,0.0457096,0.558597,1.76867
877,1,-0.365056,-0.1568,1.68271,0.0457096,0.558597,1.76867
878,1,-0.364308,-0.156339,1.68066,0.0457096,0.558597,1.76867
879,1,-0.364432,-0.156724,1.67996,0.0457096,0.558597,1.76867
880,1,-0.36449,-0.150834,1.66666,0.0457096,0.558597,1.76867
881,1,-0.365865,-0.155749,1.68053,0.0457096,0.558597,1.76867
882,1,-0.365303,-0.155971,1.68051,0.0457096,0.558597,1.76867
883,1,-0.365902,-0.156685,1.68198,0.0457096,0.558597,1.76867
884,1,-0.365142,-0.155867,1.68085,0.0457096,0.558597,1.76867
885,1,-0.36581,-0.155774,1.68051,0.0457096,0.558597,1.76867
886,1,-0.365946,-0.155899,1.68032,0.0457096,0.558597,1.76867
887,1,-0.366715,-0.155516,1.68127,0.0457096,0.558597,1.76867
888,1,-0.365781,-0.155999,1.68165,0.0457096,0.558597,1.76867
889,1,-0.366254,-0.155349,1.68151,0.0457096,0.558597,1.76867
890,1,-0.365951,-0.155617,1.68176,0.0457096,0.558597,1.76867
891,1,-0.365641,-0.156596,1.68078,0.0457096,0.558597,1.76867
892,1,-0.365686,-0.157052,1.68077,0.0457096,0.558597,1.76867
893,1,-0.366195,-0.157046,1.6771,0.0457096,0.558597,1.76867
894,1,-0.364562,-0.157093,1.6798,0.0457096,0.558597,1.76867
895,1,-0.36553,-0.156451,1.677,0.0457096,0.558597,1.76867
896,1,-0.365749,-0.156326,1.68107,0.0457096,0.558597,1.76867
897,1,-0.365074,-0.157161,1.67947,0.0457096,0.558597,1.76867
898,1,-0.366039,-0.156505,1.67986,0.0457096,0.558597,1.76867
899,1,-0.365336,-0.155955,1.68005,0.0457096,0.558597,1.76867
900,1,-0.366345,-0.154263,1.6752,0.0457096,0.558597,1.76867
901,1,-0.364405,-0.150394,1.68066,0.0457096,0.558597,1.76867
902,1,-0.364225,-0.147306,1.68117,0.0457096,0.558597,1.76867
903,1,-0.363027,-0.142379,1.6766,0.0457096,0.558597,1.76867
904,1,-0.361289,-0.136568,1.67257,0.0457096,0.558597,1.76867
905,1,-0.359649,-0.130401,1.67225,0.0457096,0.558597,1.76867
906,1,-0.354182,-0.12324,1.66712,0.0457096,0.558597,1.76867
907,1,-0.348743,-0.117123,1.66493,0.0457096,0.558597,1.76867
908,1,-0.340645,-0.114088,1.66361,0.0457096,0.558597,1.76867
909,1,-0.333344,-0.10677,1.66086,0.0457096,0.558597,1.76867
910,1,-0.32268,-0.104063,1.65808,0.0457096,0.558597,1.76867
911,1,-0.310996,-0.101176,1.65441,0.0457096,0.558597,1.76867
912,1,-0.296751,-0.0985224,1.65254,0.0457096,0.558597,1.76867
913,1,-0.281987,-0.0937894,1.6485,0.0457096,0.558597,1.76867
914,1,-0.264615,-0.093085,1.64134,0.0457096,0.558597,1.76867
915,1,-0.249857,-0.0918657,1.64069,0.0457096,0.558597,1.76867
916,1,-0.233597,-0.0918494,1.64073,0.0457096,0.558597,1.76867
917,1,-0.216815,-0.0907999,1.63789,0.0457096,0.558597,1.76867
918,1,-0.2,-0.089274,1.63572,0.0457096,0.558597,1.76867
919,1,-0.177525,-0.0902899,1.63281,0.0457096,0.558597,1.76867
920,1,-0.158159,-0.0870883,1.63148,0.0457096,0.558597,1.76867
921,1,-0.136707,-0.0843664,1.63083,0.0457096,0.558597,1.76867
922,1,-0.114484,-0.0837573,1.63324,0.0457096,0.558597,1.76867
923,1,-0.0924205,-0.0828436,1.63534,0.0457096,0.558597,1.76867
924,1,-0.0683045,-0.082765,1.62918,0.0457096,0.558597,1.76867
925,1,-0.0455211,-0.0828873,1.62938,0.0457096,0.558597,1.76867
926,1,-0.0222749,-0.0823448,1.62981,0.0457096,0.558597,1.76867
927,1,0.000378107,-0.0854309,1.63076,0.0457096,0.558597,1.76867
928,1,0.0226436,-0.0878743,1.63333,0.0457096,0.558597,1.76867
929,1,0.0486779,-0.0883276,1.6352,0.0457096,0.558597,1.76867
930,1,0.0684059,-0.0903667,1.63644,0.0457096,0.558597,1.76867
931,1,0.0904417,-0.0920202,1.64136,0.0457096,0.558597,1.76867
932,1,0.111264,-0.0959763,1.6472,0.0457096,0.558597,1.76867
933,1,0.132005,-0.0987205,1.65055,0.0457096,0.558597,1.76867
934,1,0.152305,-0.0994272,1.65231,0.0457096,0.558597,1.76867
935,1,0.173315,-0.102105,1.65969,0.0457096,0.558597,1.76867
936,1,0.19263,-0.102306,1.66368,0.0457096,0.558597,1.76867
937,1,0.212546,-0.106833,1.67538,0.0457096,0.558597,1.76867
938,1,0.230888,-0.111482,1.68348,0.0457096,0.558597,1.76867
939,1,0.250551,-0.114892,1.68974,0.0457096,0.558597,1.76867
940,1,0.268155,-0.119239,1.69431,0.0457096,0.558597,1.76867
941,1,0.285204,-0.123999,1.69878,0.0457096,0.558597,1.76867
942,1,0.297234,-0.126668,1.70273,0.0457096,0.558597,1.76867
943,1,0.30787,-0.135896,1.70775,0.0457096,0.558597,1.76867
944,1,0.319956,-0.143714,1.72062,0.0457096,0.558597,1.76867
945,1,0.330195,-0.14875,1.72719,0.0457096,0.558597,1.76867
946,1,0.337323,-0.154198,1.72781,0.0457096,0.558597,1.76867
947,1,0.342879,-0.163286,1.73631,0.0457096,0.558597,1.76867
948,1,0.348194,-0.166491,1.73664,0.0457096,0.558597,1.76867
949,1,0.352942,-0.173488,1.7406,0.0457096,0.558597,1.76867
950,1,0.355822,-0.179482,1.74274,0.0457096,0.558597,1.76867
951,1,0.358677,-0.184209,1.74728,0.0457096,0.558597,1.76867
952,1,0.354634,-0.190465,1.74605,0.0457096,0.558597,1.76867
953,1,0.354147,-0.203539,1.75471,0.0457096,0.558597,1.76867
954,1,0.352557,-0.199662,1.75273,0.0457096,0.558597,1.76867
955,1,0.354496,-0.19863,1.7556,0.0457096,0.558597,1.76867
956,1,0.351191,-0.20052,1.75085,0.0457096,0.558597,1.76867
957,1,0.354339,-0.205692,1.75171,0.0457096,0.558597,1.76867
958,1,0.350889,-0.200883,1.75102,0.0457096,0.558597,1.76867
959,1,0.348004,-0.204416,1.75424,0.0457096,0.558597,1.76867
960,1,0.351774,-0.198214,1.74922,0.0457096,0.558597,1.76867
961,1,0.350967,-0.200626,1.74992,0.0457096,0.558597,1.76867
962,1,0.351111,-0.199124,1.75,0.0457096,0.558597,1.76867
963,1,0.3501,-0.199247,1.74996,0.0457096,0.558597,1.76867
964,1,0.349782,-0.198924,1.75142,0.0457096,0.558597,1.76867
965,1,0.350963,-0.198141,1.75047,0.0457096,0.558597,1.76867
966,1,0.350697,-0.197189,1.7496,0.0457096,0.558597,1.76867
967,1,0.350202,-0.196377,1.7485,0.0457096,0.558597,1.76867
968,1,0.350161,-0.195087,1.7486,0.0457096,0.558597,1.76867
969,1,0.349259,-0.196,1.74944,0.0457096,0.558597,1.76867
970,1,0.348424,-0.196982,1.75033,0.0457096,0.558597,1.76867
971,1,0.349455,-0.19668,1.74963,0.0457096,0.558597,1.76867
972,1,0.349535,-0.195568,1.74934,0.0457096,0.558597,1.76867
973,1,0.349339,-0.196017,1.75021,0.0457096,0.558597,1.76867
974,1,0.349596,-0.195616,1.74949,0.0457096,0.558597,1.76867
975,1,0.34927,-0.195449,1.75015,0.0457096,0.558597,1.76867
976,1,0.3489,-0.196892,1.74888,0.0457096,0.558597,1.76867
977,1,0.345413,-0.199845,1.75333,0.0457096,0.558597,1.76867
978,1,0.346416,-0.200786,1.75198,0.0457096,0.558597,1.76867
979,1,0.346368,-0.200272,1.74848,0.0457096,0.558597,1.76867
980,1,0.350476,-0.193868,1.74896,0.0457096,0.558597,1.76867
981,1,0.352056,-0.196847,1.75351,0.0457096,0.558597,1.76867
982,1,0.350311,-0.190554,1.7527,0.0457096,0.558597,1.76867
983,1,0.304098,-0.138789,1.698,0.0457096,0.558597,1.76867
984,0,0.350461,-0.192043,1.76197,0.0457096,0.558597,1.76867
985,0,0.350184,-0.193052,1.76237,0.0457096,0.558597,1.76867
986,0,0.349476,-0.193654,1.76017,0.0457096,0.558597,1.76867
987,0,0.34991,-0.193553,1.76288,0.0457096,0.558597,1.76867
988,0,0.350508,-0.192668,1.76256,0.0457096,0.558597,1.76867
989,0,0.350893,-0.191839,1.76255,0.0457096,0.558597,1.76867
990,0,0.350235,-0.191538,1.76167,0.0457096,0.558597,1.76867
991,0,0.350262,-0.191464,1.76197,0.0457096,0.558597,1.76867
992,0,0.350413,-0.192628,1.76327,0.0457096,0.558597,1.76867
993,0,0.350864,-0.192478,1.76268,0.0457096,0.558597,1.76867
994,0,0.349745,-0.192908,1.76245,0.0457096,0.558597,1.76867
995,0,0.351046,-0.191336,1.76338,0.0457096,0.558597,1.76867
996,0,0.351058,-0.191909,1.76247,0.0457096,0.558597,1.76867
997,0,0.350374,-0.192726,1.76242,0.0457096,0.558597,1.76867
998,0,0.35078,-0.1928,1.76187,0.0457096,0.558597,1.76867
999,0,0.350988,-0.192177,1.76288,0.0457096,0.558597,1.76867
1000,0,0.35181,-0.1926,1.763,0.0457096,0.558597,1.76867
1001,0,0.350865,-0.192502,1.76332,0.0457096,0.558597,1.76867
1002,0,0.350829,-0.192172,1.76227,0.0457096,0.558597,1.76867
1003,0,0.349742,-0.193085,1.76108,0.0457096,0.558597,1.76867
1004,0,0.350698,-0.192689,1.76209,0.0457096,0.558597,1.76867
1005,0,0.350325,-0.19306,1.76177,0.0457096,0.558597,1.76867
1006,0,0.351235,-0.19205,1.76311,0.0457096,0.558597,1.76867
1007,0,0.351281,-0.191781,1.76309,0.0457096,0.558597,1.76867
1008,0,0.350669,-0.191998,1.76203,0.0457096,0.558597,1.76867
1009,0,0.350742,-0.1924,1.76223,0.0457096,0.558597,1.76867
1010,0,0.350989,-0.192446,1.76256,0.0457096,0.558597,1.76867
1011,0,0.35108,-0.192413,1.76223,0.0457096,0.558597,1.76867
1012,0,0.350367,-0.191929,1.76365,0.0457096,0.558597,1.76867
1013,0,0.350691,-0.193836,1.76166,0.0457096,0.558597,1.76867
1014,0,0.350465,-0.192612,1.76224,0.0457096,0.558597,1.76867
1015,0,0.350844,-0.192539,1.76209,0.0457096,0.558597,1.76867
1016,0,0.350754,-0.193072,1.76256,0.0457096,0.558597,1.76867
1017,0,0.350383,-0.193243,1.7612,0.0457096,0.558597,1.76867
1018,0,0.350687,-0.192885,1.76237,0.0457096,0.558597,1.76867
1019,0,0.351211,-0.193404,1.76159,0.0457096,0.558597,1.76867
1020,0,0.351247,-0.192106,1.76314,0.0457096,0.558597,1.76867
1021,0,0.350644,-0.192095,1.76288,0.0457096,0.558597,1.76867
1022,0,0.351261,-0.192543,1.76333,0.0457096,0.558597,1.76867
1023,0,0.350445,-0.191792,1.76213,0.0457096,0.558597,1.76867
1024,0,0.350431,-0.192423,1.76343,0.0457096,0.558597,1.76867
1025,0,0.351161,-0.192544,1.76277,0.0457096,0.558597,1.76867
1026,0,0.351456,-0.192604,1.76242,0.0457096,0.558597,1.76867
1027,0,0.350816,-0.192926,1.76244,0.0457096,0.558597,1.76867
1028,0,0.350355,-0.192698,1.76197,0.0457096,0.558597,1.76867
1029,0,0.351228,-0.192972,1.76225,0.0457096,0.558597,1.76867
1030,0,0.350928,-0.192684,1.76372,0.0457096,0.558597,1.76867
1031,0,0.350912,-0.193341,1.76284,0.0457096,0.558597,1.76867
1032,0,0.351095,-0.193039,1.76323,0.0457096,0.558597,1.76867
1033,0,0.351128,-0.192901,1.76103,0.0457096,0.558597,1.76867
1034,0,0.351239,-0.192125,1.76331,0.0457096,0.558597,1.76867
1035,0,0.350566,-0.192805,1.76183,0.0457096,0.558597,1.76867
1036,0,0.350777,-0.192125,1.76278,0.0457096,0.558597,1.76867
1037,0,0.350867,-0.192031,1.76168,0.0457096,0.558597,1.76867
1038,0,0.349914,-0.193555,1.76056,0.0457096,0.558597,1.76867
1039,0,0.349803,-0.193923,1.76059,0.0457096,0.558597,1.76867
1040,0,0.350996,-0.193174,1.76352,0.0457096,0.558597,1.76867
1041,0,0.351445,-0.192574,1.76228,0.0457096,0.558597,1.76867
1042,0,0.350525,-0.192607,1.76243,0.0457096,0.558597,1.76867
1043,0,0.351354,-0.193283,1.76294,0.0457096,0.558597,1.76867
1044,0,0.350652,-0.193142,1.76107,0.0457096,0.558597,1.76867
1045,0,0.3504,-0.193124,1.76161,0.0457096,0.558597,1.76867
1046,0,0.351226,-0.192665,1.76267,0.0457096,0.558597,1.76867
1047,0,0.3502,-0.193709,1.7623,0.0457096,0.558597,1.76867
1048,0,0.350687,-0.192376,1.76192,0.0457096,0.558597,1.76867
1049,0,0.351654,-0.192397,1.76198,0.0457096,0.558597,1.76867
1050,0,0.350829,-0.193993,1.76193,0.0457096,0.558597,1.76867
1051,0,0.350223,-0.194878,1.761,0.0457096,0.558597,1.76867
1052,0,0.350447,-0.192761,1.7617,0.0457096,0.558597,1.76867
1053,0,0.351214,-0.192756,1.76272,0.0457096,0.558597,1.76867
1054,0,0.350965,-0.193325,1.76168,0.0457096,0.558597,1.76867
1055,0,0.350933,-0.193304,1.76397,0.0457096,0.558597,1.76867
1056,0,0.351025,-0.193659,1.76385,0.0457096,0.558597,1.76867
1057,0,0.351275,-0.193367,1.76398,0.0457096,0.558597,1.76867
1058,0,0.351513,-0.193075,1.76445,0.0457096,0.558597,1.76867
1059,0,0.35141,-0.193937,1.76344,0.0457096,0.558597,1.76867
1060,0,0.350947,-0.193294,1.76319,0.0457096,0.558597,1.76867
1061,0,0.35171,-0.192973,1.7635,0.0457096,0.558597,1.76867
1062,0,0.35148,-0.19369,1.7625,0.0457096,0.558597,1.76867
1063,0,0.350978,-0.192624,1.76334,0.0457096,0.558597,1.76867
1064,0,0.351276,-0.193134,1.76409,0.0457096,0.558597,1.76867
1065,0,0.350923,-0.193083,1.76353,0.0457096,0.558597,1.76867
1066,0,0.350735,-0.192723,1.76199,0.0457096,0.558597,1.76867
1067,0,0.349512,-0.193746,1.76065,0.0457096,0.558597,1.76867
1068,0,0.350382,-0.192741,1.76295,0.0457096,0.558597,1.76867
1069,0,0.351292,-0.192355,1.76211,0.0457096,0.558597,1.76867
1070,0,0.351606,-0.19346,1.76354,0.0457096,0.558597,1.76867
1071,0,0.351814,-0.193462,1.76337,0.0457096,0.558597,1.76867
1072,0,0.351244,-0.193059,1.76264,0.0457096,0.558597,1.76867
1073,0,0.351008,-0.192545,1.76377,0.0457096,0.558597,1.76867
1074,0,0.351066,-0.192862,1.76272,0.0457096,0.558597,1.76867
1075,0,0.351335,-0.193452,1.76327,0.0457096,0.558597,1.76867
1076,0,0.351463,-0.192838,1.76305,0.0457096,0.558597,1.76867
1077,0,0.351065,-0.193442,1.76291,0.0457096,0.558597,1.76867
1078,0,0.350684,-0.193345,1.76199,0.0457096,0.558597,1.76867
1079,0,0.351515,-0.193496,1.76281,0.0457096,0.558597,1.76867
1080,0,0.350498,-0.193246,1.76321,0.0457096,0.558597,1.76867
1081,0,0.350315,-0.192726,1.76225,0.0457096,0.558597,1.76867
1082,0,0.350553,-0.193487,1.76359,0.0457096,0.558597,1.76867
1083,0,0.350731,-0.193451,1.76129,0.0457096,0.558597,1.76867
1084,0,0.35113,-0.19378,1.76329,0.0457096,0.558597,1.76867
1085,0,0.350521,-0.193322,1.76196,0.0457096,0.558597,1.76867
1086,0,0.350875,-0.19235,1.76332,0.0457096,0.558597,1.76867
1087,0,0.350762,-0.192583,1.76323,0.0457096,0.558597,1.76867
1088,0,0.351177,-0.193221,1.76241,0.0457096,0.558597,1.76867
1089,0,0.350154,-0.194006,1.76278,0.0457096,0.558597,1.76867
1090,0,0.350662,-0.194222,1.76319,0.0457096,0.558597,1.76867
1091,0,0.351221,-0.192972,1.76252,0.0457096,0.558597,1.76867
1092,0,0.350772,-0.193193,1.76266,0.0457096,0.558597,1.76867
1093,0,0.350906,-0.193426,1.76305,0.0457096,0.558597,1.76867
1094,0,0.351142,-0.192504,1.76288,0.0457096,0.558597,1.76867
1095,0,0.351141,-0.193831,1.76134,0.0457096,0.558597,1.76867
1096,0,0.350105,-0.194243,1.76109,0.0457096,0.558597,1.76867
1097,0,0.350731,-0.193193,1.76209,0.0457096,0.558597,1.76867
1098,0,0.3509,-0.193283,1.76288,0.0457096,0.558597,1.76867
1099,0,0.351207,-0.192976,1.76191,0.0457096,0.558597,1.76867
1100,0,0.35111,-0.193209,1.76211,0.0457096,0.558597,1.76867
1101,0,0.350609,-0.192853,1.76224,0.0457096,0.558597,1.76867
1102,0,0.350901,-0.192762,1.7621,0.0457096,0.558597,1.76867
1103,0,0.350513,-0.193477,1.7629,0.0457096,0.558597,1.76867
1104,0,0.349855,-0.193976,1.7615,0.0457096,0.558597,1.76867
1105,0,0.350891,-0.193812,1.76267,0.0457096,0.558597,1.76867
1106,0,0.351563,-0.193139,1.76377,0.0457096,0.558597,1.76867
1107,0,0.351662,-0.192757,1.76349,0.0457096,0.558597,1.76867
1108,0,0.350889,-0.193498,1.76263,0.0457096,0.558597,1.76867
1109,0,0.350947,-0.192808,1.76333,0.0457096,0.558597,1.76867
1110,0,0.350882,-0.193451,1.76221,0.0457096,0.558597,1.76867
1111,0,0.350412,-0.192659,1.76281,0.0457096,0.558597,1.76867
1112,0,0.351066,-0.192826,1.76299,0.0457096,0.558597,1.76867
1113,0,0.35063,-0.192815,1.76353,0.0457096,0.558597,1.76867
1114,0,0.351124,-0.193071,1.76238,0.0457096,0.558597,1.76867
1115,0,0.350605,-0.192821,1.76336,0.0457096,0.558597,1.76867
1116,0,0.350902,-0.193192,1.76272,0.0457096,0.558597,1.76867
1117,0,0.34985,-0.193469,1.76167,0.0457096,0.558597,1.76867
1118,0,0.350707,-0.193023,1.76198,0.0457096,0.558597,1.76867
1119,0,0.350542,-0.193975,1.76324,0.0457096,0.558597,1.76867
1120,0,0.351376,-0.193078,1.7635,0.0457096,0.558597,1.76867
1121,0,0.350798,-0.193764,1.76245,0.0457096,0.558597,1.76867
1122,0,0.350855,-0.193513,1.76327,0.0457096,0.558597,1.76867
1123,0,0.351561,-0.193966,1.76288,0.0457096,0.558597,1.76867
1124,0,0.350802,-0.194227,1.76193,0.0457096,0.558597,1.76867
1125,0,0.351452,-0.192819,1.76195,0.0457096,0.558597,1.76867
1126,0,0.350752,-0.193867,1.76303,0.0457096,0.558597,1.76867
1127,0,0.350739,-0.193823,1.76253,0.0457096,0.558597,1.76867
1128,0,0.350653,-0.193912,1.76358,0.0457096,0.558597,1.76867
1129,0,0.35119,-0.193623,1.76473,0.0457096,0.558597,1.76867
1130,0,0.35024,-0.192998,1.76388,0.0457096,0.558597,1.76867
1131,0,0.351412,-0.193202,1.76512,0.0457096,0.558597,1.76867
1132,0,0.350772,-0.192759,1.76409,0.0457096,0.558597,1.76867
1133,0,0.350663,-0.193478,1.76435,0.0457096,0.558597,1.76867
1134,0,0.351454,-0.193672,1.76453,0.0457096,0.558597,1.76867
1135,0,0.351411,-0.192308,1.76503,0.0457096,0.558597,1.76867
1136,0,0.351221,-0.193872,1.76387,0.0457096,0.558597,1.76867
1137,0,0.350866,-0.193825,1.76391,0.0457096,0.558597,1.76867
1138,0,0.350437,-0.194127,1.76124,0.0457096,0.558597,1.76867
1139,0,0.351282,-0.193308,1.76264,0.0457096,0.558597,1.76867
1140,0,0.351121,-0.193879,1.76228,0.0457096,0.558597,1.76867
