51,0,0.590403,-0.162988,1.8908,-0.0417071,0.589321,1.72995
52,0,0.589173,-0.164147,1.89179,-0.0417071,0.589321,1.72995
53,0,0.589419,-0.164433,1.89142,-0.0417071,0.589321,1.72995
54,0,0.589829,-0.164521,1.89283,-0.0417071,0.589321,1.72995
55,0,0.590321,-0.165066,1.89149,-0.0417071,0.589321,1.72995
56,0,0.589715,-0.163715,1.89145,-0.0417071,0.589321,1.72995
57,0,0.588854,-0.164455,1.89252,-0.0417071,0.589321,1.72995
58,0,0.590302,-0.164101,1.89234,-0.0417071,0.589321,1.72995
59,0,0.590995,-0.163955,1.88661,-0.0417071,0.589321,1.72995
60,0,0.590786,-0.163346,1.89178,-0.0417071,0.589321,1.72995
61,0,0.590208,-0.164155,1.89292,-0.0417071,0.589321,1.72995
62,0,0.589314,-0.164138,1.89275,-0.0417071,0.589321,1.72995
63,0,0.589701,-0.16336,1.89198,-0.0417071,0.589321,1.72995
64,0,0.591118,-0.162403,1.89285,-0.0417071,0.589321,1.72995
65,0,0.590189,-0.163798,1.88755,-0.0417071,0.589321,1.72995
66,0,0.59001,-0.163564,1.89322,-0.0417071,0.589321,1.72995
67,0,0.589498,-0.164154,1.89255,-0.0417071,0.589321,1.72995
68,0,0.59002,-0.163759,1.88697,-0.0417071,0.589321,1.72995
69,0,0.590152,-0.164497,1.88749,-0.0417071,0.589321,1.72995
70,0,0.588448,-0.164041,1.88697,-0.0417071,0.589321,1.72995
71,0,0.590112,-0.16464,1.89099,-0.0417071,0.589321,1.72995
72,0,0.591955,-0.162271,1.89236,-0.0417071,0.589321,1.72995
73,0,0.589795,-0.163069,1.89224,-0.0417071,0.589321,1.72995
74,0,0.59035,-0.164161,1.88753,-0.0417071,0.589321,1.72995
75,0,0.589905,-0.163918,1.89184,-0.0417071,0.589321,1.72995
76,0,0.589766,-0.164506,1.88998,-0.0417071,0.589321,1.72995
77,0,0.589624,-0.16348,1.88794,-0.0417071,0.589321,1.72995
78,0,0.58968,-0.16467,1.88799,-0.0417071,0.589321,1.72995
79,0,0.589221,-0.163433,1.892,-0.0417071,0.589321,1.72995
80,0,0.588477,-0.164214,1.89118,-0.0417071,0.589321,1.72995
81,0,0.590121,-0.164333,1.8913,-0.0417071,0.589321,1.72995
82,0,0.589541,-0.164832,1.89205,-0.0417071,0.589321,1.72995
83,0,0.590248,-0.16414,1.89078,-0.0417071,0.589321,1.72995
84,0,0.589961,-0.163814,1.89261,-0.0417071,0.589321,1.72995
85,0,0.589806,-0.163957,1.89236,-0.0417071,0.589321,1.72995
86,0,0.589819,-0.163947,1.88647,-0.0417071,0.589321,1.72995
87,0,0.590033,-0.164878,1.89268,-0.0417071,0.589321,1.72995
88,0,0.588923,-0.164252,1.89323,-0.0417071,0.589321,1.72995
89,0,0.589148,-0.163543,1.89251,-0.0417071,0.589321,1.72995
90,0,0.589195,-0.163652,1.89162,-0.0417071,0.589321,1.72995
91,0,0.579249,-0.161639,1.8609,-0.0417071,0.589321,1.72995
92,0,0.579524,-0.161415,1.85506,-0.0417071,0.589321,1.72995
93,0,0.579191,-0.161869,1.85541,-0.0417071,0.589321,1.72995
94,0,0.58115,-0.160795,1.85544,-0.0417071,0.589321,1.72995
95,0,0.581411,-0.161073,1.85559,-0.0417071,0.589321,1.72995
96,0,0.579697,-0.162149,1.85574,-0.0417071,0.589321,1.72995
97,0,0.579387,-0.161791,1.85546,-0.0417071,0.589321,1.72995
98,0,0.580096,-0.161528,1.85953,-0.0417071,0.589321,1.72995
99,0,0.580126,-0.161821,1.85517,-0.0417071,0.589321,1.72995
100,0,0.580075,-0.161729,1.8602,-0.0417071,0.589321,1.72995
101,0,0.580341,-0.161506,1.85593,-0.0417071,0.589321,1.72995
102,0,0.579575,-0.161189,1.86021,-0.0417071,0.589321,1.72995
103,0,0.529343,-0.102128,1.78713,-0.0417071,0.589321,1.72995
104,0,0.530074,-0.104926,1.79171,-0.0417071,0.589321,1.72995
105,0,0.528781,-0.103045,1.78276,-0.0417071,0.589321,1.72995
106,0,0.543294,-0.10871,1.80322,-0.0417071,0.589321,1.72995
107,0,0.544731,-0.109484,1.80121,-0.0417071,0.589321,1.72995
108,1,0.545718,-0.111293,1.7903,-0.0417071,0.589321,1.72995
109,1,0.557044,-0.108905,1.80618,-0.0417071,0.589321,1.72995
110,1,0.553674,-0.112508,1.79652,-0.0417071,0.589321,1.72995
111,1,0.559478,-0.112243,1.80168,-0.0417071,0.589321,1.72995
112,1,0.563573,-0.116844,1.80174,-0.0417071,0.589321,1.72995
113,1,0.55745,-0.118239,1.7979,-0.0417071,0.589321,1.72995
114,1,0.567428,-0.12189,1.80253,-0.0417071,0.589321,1.72995
115,1,0.566169,-0.123211,1.80171,-0.0417071,0.589321,1.72995
116,1,0.569104,-0.127706,1.80433,-0.0417071,0.589321,1.72995
117,1,0.56461,-0.134648,1.81347,-0.0417071,0.589321,1.72995
118,1,0.566112,-0.142215,1.82246,-0.0417071,0.589321,1.72995
119,1,0.563566,-0.138973,1.81598,-0.0417071,0.589321,1.72995
120,1,0.5668,-0.147092,1.82438,-0.0417071,0.589321,1.72995
121,1,0.56831,-0.152412,1.8317,-0.0417071,0.589321,1.72995
122,1,0.569258,-0.153725,1.8327,-0.0417071,0.589321,1.72995
123,1,0.572988,-0.156468,1.83358,-0.0417071,0.589321,1.72995
124,1,0.565655,-0.147099,1.82227,-0.0417071,0.589321,1.72995
125,1,0.555747,-0.139123,1.80652,-0.0417071,0.589321,1.72995
127,1,0.562086,-0.148091,1.82186,-0.0417071,0.589321,1.72995
128,1,0.574892,-0.157849,1.83891,-0.0417071,0.589321,1.72995
129,1,0.572367,-0.157951,1.83931,-0.0417071,0.589321,1.72995
130,1,0.563927,-0.148892,1.82669,-0.0417071,0.589321,1.72995
131,1,0.565904,-0.149128,1.82706,-0.0417071,0.589321,1.72995
132,1,0.56562,-0.143204,1.81697,-0.0417071,0.589321,1.72995
133,1,0.560242,-0.136475,1.81222,-0.0417071,0.589321,1.72995
134,1,0.556893,-0.137549,1.81464,-0.0417071,0.589321,1.72995
135,1,0.55313,-0.129387,1.80887,-0.0417071,0.589321,1.72995
136,1,0.542687,-0.123347,1.79818,-0.0417071,0.589321,1.72995
137,1,0.535127,-0.11687,1.79079,-0.0417071,0.589321,1.72995
138,1,0.529816,-0.110714,1.77983,-0.0417071,0.589321,1.72995
139,1,0.518636,-0.104586,1.77456,-0.0417071,0.589321,1.72995
140,1,0.515619,-0.0945942,1.76385,-0.0417071,0.589321,1.72995
141,1,0.494822,-0.087803,1.74965,-0.0417071,0.589321,1.72995
142,1,0.47708,-0.0821589,1.73189,-0.0417071,0.589321,1.72995
143,1,0.466567,-0.0744452,1.71774,-0.0417071,0.589321,1.72995
144,1,0.472498,-0.0699574,1.71621,-0.0417071,0.589321,1.72995
145,1,0.459724,-0.0686955,1.71244,-0.0417071,0.589321,1.72995
146,1,0.461475,-0.0639456,1.71065,-0.0417071,0.589321,1.72995
147,1,0.446222,-0.0613652,1.69253,-0.0417071,0.589321,1.72995
148,1,0.437984,-0.0626577,1.68788,-0.0417071,0.589321,1.72995
149,1,0.425717,-0.0517338,1.66804,-0.0417071,0.589321,1.72995
150,1,0.419864,-0.0544126,1.66209,-0.0417071,0.589321,1.72995
151,1,0.41181,-0.0569683,1.65716,-0.0417071,0.589321,1.72995
152,1,0.400533,-0.0539455,1.64531,-0.0417071,0.589321,1.72995
153,1,0.390184,-0.0516058,1.63311,-0.0417071,0.589321,1.72995
154,1,0.37841,-0.0522057,1.62342,-0.0417071,0.589321,1.72995
155,1,0.37111,-0.0488682,1.61151,-0.0417071,0.589321,1.72995
156,1,0.36305,-0.0451127,1.59627,-0.0417071,0.589321,1.72995
157,1,0.354187,-0.0519637,1.59231,-0.0417071,0.589321,1.72995
158,1,0.345606,-0.0554908,1.58481,-0.0417071,0.589321,1.72995
159,1,0.340811,-0.0562809,1.57426,-0.0417071,0.589321,1.72995
160,1,0.336443,-0.0563772,1.56366,-0.0417071,0.589321,1.72995
161,1,0.332548,-0.0623207,1.55879,-0.0417071,0.589321,1.72995
162,1,0.327307,-0.0663519,1.55261,-0.0417071,0.589321,1.72995
163,1,0.323753,-0.0690113,1.54189,-0.0417071,0.589321,1.72995
164,1,0.31903,-0.070946,1.52972,-0.0417071,0.589321,1.72995
165,1,0.316037,-0.0765398,1.52457,-0.0417071,0.589321,1.72995
166,1,0.318052,-0.0801678,1.52214,-0.0417071,0.589321,1.72995
167,1,0.318676,-0.0847161,1.51555,-0.0417071,0.589321,1.72995
168,1,0.320807,-0.0923034,1.50917,-0.0417071,0.589321,1.72995
169,1,0.323299,-0.0973242,1.5007,-0.0417071,0.589321,1.72995
170,1,0.325906,-0.103483,1.49376,-0.0417071,0.589321,1.72995
171,1,0.328451,-0.108772,1.48606,-0.0417071,0.589321,1.72995
172,1,0.335732,-0.113787,1.47795,-0.0417071,0.589321,1.72995
173,1,0.337929,-0.1137,1.4647,-0.0417071,0.589321,1.72995
174,1,0.346132,-0.118302,1.46215,-0.0417071,0.589321,1.72995
175,1,0.350336,-0.130811,1.45925,-0.0417071,0.589321,1.72995
176,1,0.358351,-0.136151,1.45463,-0.0417071,0.589321,1.72995
177,1,0.365965,-0.141606,1.44852,-0.0417071,0.589321,1.72995
178,1,0.371224,-0.147733,1.44241,-0.0417071,0.589321,1.72995
179,1,0.376349,-0.151957,1.4341,-0.0417071,0.589321,1.72995
180,1,0.382184,-0.165021,1.43573,-0.0417071,0.589321,1.72995
181,1,0.386969,-0.171512,1.43357,-0.0417071,0.589321,1.72995
182,1,0.392496,-0.176246,1.42892,-0.0417071,0.589321,1.72995
183,1,0.397341,-0.180289,1.42434,-0.0417071,0.589321,1.72995
184,1,0.402787,-0.185713,1.42276,-0.0417071,0.589321,1.72995
185,1,0.407858,-0.192176,1.42297,-0.0417071,0.589321,1.72995
186,1,0.411612,-0.194606,1.41704,-0.0417071,0.589321,1.72995
187,1,0.416062,-0.197227,1.4134,-0.0417071,0.589321,1.72995
188,1,0.420083,-0.197239,1.41007,-0.0417071,0.589321,1.72995
189,1,0.423026,-0.202825,1.41532,-0.0417071,0.589321,1.72995
190,1,0.42539,-0.201386,1.41072,-0.0417071,0.589321,1.72995
191,1,0.429671,-0.205913,1.41182,-0.0417071,0.589321,1.72995
192,1,0.433259,-0.20245,1.40407,-0.0417071,0.589321,1.72995
193,1,0.438659,-0.207347,1.40958,-0.0417071,0.589321,1.72995
194,1,0.441118,-0.205376,1.40652,-0.0417071,0.589321,1.72995
195,1,0.443149,-0.205637,1.40357,-0.0417071,0.589321,1.72995
196,1,0.445112,-0.205703,1.40079,-0.0417071,0.589321,1.72995
197,1,0.448588,-0.203121,1.39644,-0.0417071,0.589321,1.72995
198,1,0.451978,-0.205488,1.39494,-0.0417071,0.589321,1.72995
199,1,0.457202,-0.204533,1.39121,-0.0417071,0.589321,1.72995
200,1,0.460117,-0.207768,1.3913,-0.0417071,0.589321,1.72995
201,1,0.462081,-0.20879,1.39007,-0.0417071,0.589321,1.72995
202,1,0.4645,-0.20978,1.38953,-0.0417071,0.589321,1.72995
203,1,0.467099,-0.21046,1.38753,-0.0417071,0.589321,1.72995
204,1,0.467639,-0.212552,1.38674,-0.0417071,0.589321,1.72995
205,1,0.46905,-0.214014,1.38666,-0.0417071,0.589321,1.72995
206,1,0.46931,-0.214657,1.3865,-0.0417071,0.589321,1.72995
207,1,0.469559,-0.214885,1.38568,-0.0417071,0.589321,1.72995
208,1,0.469391,-0.215478,1.3843,-0.0417071,0.589321,1.72995
209,1,0.469336,-0.217595,1.3853,-0.0417071,0.589321,1.72995
210,1,0.46858,-0.216187,1.38456,-0.0417071,0.589321,1.72995
211,1,0.469511,-0.217553,1.38501,-0.0417071,0.589321,1.72995
212,1,0.470417,-0.217381,1.38434,-0.0417071,0.589321,1.72995
213,1,0.471281,-0.217477,1.38563,-0.0417071,0.589321,1.72995
214,1,0.471905,-0.217346,1.38631,-0.0417071,0.589321,1.72995
215,1,0.47221,-0.216774,1.38539,-0.0417071,0.589321,1.72995
216,1,0.473091,-0.216687,1.3867,-0.0417071,0.589321,1.72995
217,1,0.472486,-0.21687,1.38665,-0.0417071,0.589321,1.72995
218,1,0.471943,-0.217489,1.38762,-0.0417071,0.589321,1.72995
219,1,0.472465,-0.216714,1.38734,-0.0417071,0.589321,1.72995
220,1,0.472108,-0.216565,1.38784,-0.0417071,0.589321,1.72995
221,1,0.472236,-0.216466,1.38817,-0.0417071,0.589321,1.72995
222,1,0.47188,-0.215008,1.38813,-0.0417071,0.589321,1.72995
223,1,0.47066,-0.216137,1.38985,-0.0417071,0.589321,1.72995
224,1,0.470979,-0.215531,1.38812,-0.0417071,0.589321,1.72995
225,1,0.470572,-0.21485,1.38745,-0.0417071,0.589321,1.72995
226,1,0.470857,-0.214627,1.38788,-0.0417071,0.589321,1.72995
227,1,0.470912,-0.213576,1.3877,-0.0417071,0.589321,1.72995
228,1,0.470712,-0.21378,1.38838,-0.0417071,0.589321,1.72995
229,1,0.470296,-0.214497,1.38829,-0.0417071,0.589321,1.72995
230,1,0.470094,-0.213926,1.38766,-0.0417071,0.589321,1.72995
231,1,0.470459,-0.213844,1.38827,-0.0417071,0.589321,1.72995
232,1,0.469215,-0.215099,1.38864,-0.0417071,0.589321,1.72995
233,1,0.470306,-0.214013,1.3888,-0.0417071,0.589321,1.72995
235,1,0.47051,-0.21428,1.38825,-0.0417071,0.589321,1.72995
236,1,0.470883,-0.214544,1.38892,-0.0417071,0.589321,1.72995
237,1,0.471098,-0.214345,1.389,-0.0417071,0.589321,1.72995
238,1,0.470749,-0.214801,1.38839,-0.0417071,0.589321,1.72995
239,1,0.471129,-0.214307,1.38889,-0.0417071,0.589321,1.72995
240,1,0.470912,-0.214484,1.38895,-0.0417071,0.589321,1.72995
241,1,0.470637,-0.21432,1.38842,-0.0417071,0.589321,1.72995
242,1,0.471074,-0.214761,1.38979,-0.0417071,0.589321,1.72995
243,1,0.470853,-0.215718,1.39001,-0.0417071,0.589321,1.72995
244,1,0.47095,-0.214417,1.38996,-0.0417071,0.589321,1.72995
245,1,0.470535,-0.215858,1.38862,-0.0417071,0.589321,1.72995
246,1,0.47116,-0.215346,1.38954,-0.0417071,0.589321,1.72995
247,1,0.471058,-0.214397,1.38887,-0.0417071,0.589321,1.72995
248,1,0.470574,-0.216348,1.39082,-0.0417071,0.589321,1.72995
249,1,0.470739,-0.215712,1.38951,-0.0417071,0.589321,1.72995
250,1,0.470778,-0.21552,1.38914,-0.0417071,0.589321,1.72995
251,1,0.470465,-0.216571,1.39086,-0.0417071,0.589321,1.72995
252,1,0.471639,-0.215064,1.39041,-0.0417071,0.589321,1.72995
253,1,0.471389,-0.214955,1.39,-0.0417071,0.589321,1.72995
254,1,0.47093,-0.214622,1.38953,-0.0417071,0.589321,1.72995
255,1,0.470727,-0.215084,1.39098,-0.0417071,0.589321,1.72995
256,1,0.470517,-0.215241,1.39143,-0.0417071,0.589321,1.72995
257,1,0.470498,-0.215295,1.39196,-0.0417071,0.589321,1.72995
258,1,0.469075,-0.21526,1.3927,-0.0417071,0.589321,1.72995
259,1,0.466803,-0.215793,1.39511,-0.0417071,0.589321,1.72995
260,1,0.465377,-0.214778,1.39347,-0.0417071,0.589321,1.72995
261,1,0.463141,-0.214964,1.39548,-0.0417071,0.589321,1.72995
262,1,0.460647,-0.214196,1.39533,-0.0417071,0.589321,1.72995
263,1,0.458196,-0.214154,1.39521,-0.0417071,0.589321,1.72995
264,1,0.456384,-0.211499,1.39337,-0.0417071,0.589321,1.72995
265,1,0.453987,-0.2132,1.39658,-0.0417071,0.589321,1.72995
266,1,0.451263,-0.212119,1.39607,-0.0417071,0.589321,1.72995
267,1,0.449141,-0.213447,1.40016,-0.0417071,0.589321,1.72995
268,1,0.446832,-0.21231,1.40053,-0.0417071,0.589321,1.72995
269,1,0.443983,-0.210634,1.40191,-0.0417071,0.589321,1.72995
270,1,0.438822,-0.211865,1.40746,-0.0417071,0.589321,1.72995
271,1,0.434365,-0.208407,1.40936,-0.0417071,0.589321,1.72995
272,1,0.430144,-0.206409,1.41502,-0.0417071,0.589321,1.72995
273,1,0.424463,-0.203899,1.41942,-0.0417071,0.589321,1.72995
274,1,0.417683,-0.195771,1.41965,-0.0417071,0.589321,1.72995
275,1,0.411786,-0.194931,1.43053,-0.0417071,0.589321,1.72995
276,1,0.401578,-0.19465,1.44116,-0.0417071,0.589321,1.72995
277,1,0.392376,-0.189268,1.44932,-0.0417071,0.589321,1.72995
278,1,0.382836,-0.181369,1.45602,-0.0417071,0.589321,1.72995
279,1,0.374444,-0.17207,1.46437,-0.0417071,0.589321,1.72995
280,1,0.362768,-0.165095,1.47185,-0.0417071,0.589321,1.72995
281,1,0.350276,-0.156784,1.47741,-0.0417071,0.589321,1.72995
282,1,0.337851,-0.147866,1.48664,-0.0417071,0.589321,1.72995
283,1,0.323309,-0.138591,1.49427,-0.0417071,0.589321,1.72995
284,1,0.308063,-0.130155,1.50529,-0.0417071,0.589321,1.72995
285,1,0.29228,-0.123566,1.51445,-0.0417071,0.589321,1.72995
286,1,0.275748,-0.116868,1.5264,-0.0417071,0.589321,1.72995
287,1,0.259994,-0.108405,1.53828,-0.0417071,0.589321,1.72995
288,1,0.241683,-0.105028,1.54949,-0.0417071,0.589321,1.72995
289,1,0.224632,-0.100224,1.5587,-0.0417071,0.589321,1.72995
290,1,0.207745,-0.095326,1.56682,-0.0417071,0.589321,1.72995
291,1,0.190257,-0.0920224,1.57158,-0.0417071,0.589321,1.72995
292,1,0.173357,-0.0849215,1.57478,-0.0417071,0.589321,1.72995
293,1,0.158229,-0.0837023,1.58223,-0.0417071,0.589321,1.72995
294,1,0.143116,-0.0810179,1.58772,-0.0417071,0.589321,1.72995
295,1,0.129158,-0.0776191,1.59551,-0.0417071,0.589321,1.72995
296,1,0.114734,-0.0776227,1.60359,-0.0417071,0.589321,1.72995
297,1,0.100956,-0.0774201,1.61074,-0.0417071,0.589321,1.72995
298,1,0.0903993,-0.0749085,1.6173,-0.0417071,0.589321,1.72995
299,1,0.0788337,-0.0729007,1.61963,-0.0417071,0.589321,1.72995
300,1,0.0704423,-0.0708455,1.62651,-0.0417071,0.589321,1.72995
301,1,0.0645503,-0.0688133,1.62847,-0.0417071,0.589321,1.72995
302,1,0.0556853,-0.066545,1.63241,-0.0417071,0.589321,1.72995
303,1,0.0499858,-0.0635699,1.63538,-0.0417071,0.589321,1.72995
304,1,0.0433611,-0.0617679,1.63637,-0.0417071,0.589321,1.72995
305,1,0.0396421,-0.0589406,1.63745,-0.0417071,0.589321,1.72995
306,1,0.0330652,-0.051849,1.6336,-0.0417071,0.589321,1.72995
307,1,0.0307824,-0.0514727,1.63937,-0.0417071,0.589321,1.72995
308,1,0.0269852,-0.0453897,1.63948,-0.0417071,0.589321,1.72995
309,1,0.0240896,-0.0378818,1.63906,-0.0417071,0.589321,1.72995
310,1,0.0215717,-0.0263275,1.63903,-0.0417071,0.589321,1.72995
311,1,0.0179406,-0.0130717,1.63674,-0.0417071,0.589321,1.72995
312,1,0.0154375,0.00485546,1.63202,-0.0417071,0.589321,1.72995
313,1,0.0141998,0.0284149,1.62453,-0.0417071,0.589321,1.72995
314,1,0.0113947,0.04989,1.61987,-0.0417071,0.589321,1.72995
315,1,0.0094794,0.0743241,1.6124,-0.0417071,0.589321,1.72995
316,1,0.00780198,0.104219,1.60647,-0.0417071,0.589321,1.72995
317,1,0.0063091,0.132087,1.59869,-0.0417071,0.589321,1.72995
318,1,0.00449294,0.160856,1.59254,-0.0417071,0.589321,1.72995
319,1,0.00363171,0.189896,1.58906,-0.0417071,0.589321,1.72995
320,1,0.00220451,0.218699,1.58524,-0.0417071,0.589321,1.72995
321,1,-0.000945749,0.24637,1.58359,-0.0417071,0.589321,1.72995
322,1,-0.00444399,0.272746,1.58312,-0.0417071,0.589321,1.72995
323,1,-0.00849155,0.297849,1.58148,-0.0417071,0.589321,1.72995
324,1,-0.00951416,0.322294,1.58184,-0.0417071,0.589321,1.72995
325,1,-0.0107729,0.346053,1.583,-0.0417071,0.589321,1.72995
326,1,-0.0120935,0.361937,1.58552,-0.0417071,0.589321,1.72995
327,1,-0.0141604,0.379487,1.59096,-0.0417071,0.589321,1.72995
328,1,-0.0160974,0.396484,1.59464,-0.0417071,0.589321,1.72995
329,1,-0.0204204,0.412284,1.59923,-0.0417071,0.589321,1.72995
330,1,-0.0200037,0.425783,1.60071,-0.0417071,0.589321,1.72995
331,1,-0.0232392,0.43696,1.60486,-0.0417071,0.589321,1.72995
332,1,-0.0228902,0.446471,1.60667,-0.0417071,0.589321,1.72995
333,1,-0.0229954,0.456923,1.60787,-0.0417071,0.589321,1.72995
334,1,-0.0238377,0.466493,1.60999,-0.0417071,0.589321,1.72995
335,1,-0.0234019,0.473363,1.61052,-0.0417071,0.589321,1.72995
336,1,-0.0243329,0.481241,1.61245,-0.0417071,0.589321,1.72995
337,1,-0.0261571,0.488818,1.61475,-0.0417071,0.589321,1.72995
338,1,-0.0262512,0.49575,1.61591,-0.0417071,0.589321,1.72995
339,1,-0.0268157,0.503416,1.6183,-0.0417071,0.589321,1.72995
340,1,-0.025885,0.508354,1.6195,-0.0417071,0.589321,1.72995
341,1,-0.0273871,0.512297,1.61949,-0.0417071,0.589321,1.72995
342,1,-0.027653,0.517873,1.62095,-0.0417071,0.589321,1.72995
343,1,-0.0276128,0.524062,1.62516,-0.0417071,0.589321,1.72995
344,1,-0.0269525,0.526059,1.62613,-0.0417071,0.589321,1.72995
345,1,-0.0274751,0.528612,1.62639,-0.0417071,0.589321,1.72995
346,1,-0.0244001,0.525442,1.62327,-0.0417071,0.589321,1.72995
347,1,-0.0235275,0.525462,1.62294,-0.0417071,0.589321,1.72995
348,1,-0.0244021,0.533041,1.6285,-0.0417071,0.589321,1.72995
349,1,-0.0244947,0.534315,1.62902,-0.0417071,0.589321,1.72995
350,1,-0.0227988,0.534129,1.62919,-0.0417071,0.589321,1.72995
351,1,-0.0222999,0.537329,1.63003,-0.0417071,0.589321,1.72995
352,1,-0.023293,0.54115,1.63472,-0.0417071,0.589321,1.72995
353,1,-0.0231997,0.541941,1.6357,-0.0417071,0.589321,1.72995
354,1,-0.0222215,0.541367,1.63531,-0.0417071,0.589321,1.72995
355,1,-0.0220231,0.541884,1.63497,-0.0417071,0.589321,1.72995
356,1,-0.0216091,0.543099,1.63638,-0.0417071,0.589321,1.72995
357,1,-0.0209382,0.542862,1.63724,-0.0417071,0.589321,1.72995
358,1,-0.0206175,0.542607,1.63584,-0.0417071,0.589321,1.72995
359,1,-0.0189589,0.53735,1.63233,-0.0417071,0.589321,1.72995
360,1,-0.0208051,0.542317,1.63707,-0.0417071,0.589321,1.72995
361,1,-0.0198934,0.540852,1.63695,-0.0417071,0.589321,1.72995
362,1,-0.019446,0.54133,1.63919,-0.0417071,0.589321,1.72995
363,1,-0.0177583,0.538442,1.63752,-0.0417071,0.589321,1.72995
364,1,-0.0183837,0.540591,1.63996,-0.0417071,0.589321,1.72995
365,1,-0.0168375,0.535908,1.63674,-0.0417071,0.589321,1.72995
366,1,-0.0176458,0.53786,1.63782,-0.0417071,0.589321,1.72995
367,1,-0.0184527,0.536899,1.63842,-0.0417071,0.589321,1.72995
368,1,-0.0182763,0.533424,1.63609,-0.0417071,0.589321,1.72995
369,1,-0.0179045,0.527547,1.63345,-0.0417071,0.589321,1.72995
370,1,-0.0182547,0.522235,1.63183,-0.0417071,0.589321,1.72995
371,1,-0.0175451,0.514112,1.62648,-0.0417071,0.589321,1.72995
372,1,-0.0161183,0.50496,1.62193,-0.0417071,0.589321,1.72995
373,1,-0.0163035,0.495312,1.6187,-0.0417071,0.589321,1.72995
374,1,-0.0166745,0.482193,1.61539,-0.0417071,0.589321,1.72995
375,1,-0.0178857,0.469371,1.6121,-0.0417071,0.589321,1.72995
376,1,-0.0148679,0.451447,1.60578,-0.0417071,0.589321,1.72995
377,1,-0.016461,0.434974,1.60243,-0.0417071,0.589321,1.72995
378,1,-0.013868,0.414879,1.59919,-0.0417071,0.589321,1.72995
379,1,-0.0116462,0.395237,1.5966,-0.0417071,0.589321,1.72995
380,1,-0.00677169,0.3732,1.59236,-0.0417071,0.589321,1.72995
381,1,-0.00600579,0.349055,1.59073,-0.0417071,0.589321,1.72995
382,1,-0.00568908,0.325502,1.59079,-0.0417071,0.589321,1.72995
383,1,-0.00499203,0.301587,1.5896,-0.0417071,0.589321,1.72995
384,1,-0.00470365,0.277995,1.58952,-0.0417071,0.589321,1.72995
385,1,-0.0043334,0.25581,1.59049,-0.0417071,0.589321,1.72995
386,1,-0.00447211,0.231977,1.59211,-0.0417071,0.589321,1.72995
387,1,-0.0045206,0.208158,1.59593,-0.0417071,0.589321,1.72995
388,1,-0.00547412,0.182166,1.59835,-0.0417071,0.589321,1.72995
389,1,-0.00393718,0.158726,1.60121,-0.0417071,0.589321,1.72995
390,1,-0.00636926,0.136057,1.60453,-0.0417071,0.589321,1.72995
391,1,-0.00653904,0.116103,1.61067,-0.0417071,0.589321,1.72995
392,1,-0.00874159,0.0983453,1.61684,-0.0417071,0.589321,1.72995
393,1,-0.0100534,0.081417,1.62465,-0.0417071,0.589321,1.72995
394,1,-0.0126936,0.0656315,1.62962,-0.0417071,0.589321,1.72995
395,1,-0.0139098,0.0525214,1.63506,-0.0417071,0.589321,1.72995
396,1,-0.0155851,0.0429144,1.63973,-0.0417071,0.589321,1.72995
397,1,-0.0167893,0.0336884,1.64543,-0.0417071,0.589321,1.72995
398,1,-0.0175207,0.0273944,1.64842,-0.0417071,0.589321,1.72995
399,1,-0.0177049,0.0230713,1.64983,-0.0417071,0.589321,1.72995
400,1,-0.018218,0.0162305,1.65237,-0.0417071,0.589321,1.72995
401,1,-0.0201231,0.00913303,1.65551,-0.0417071,0.589321,1.72995
402,1,-0.0202004,0.00235476,1.65747,-0.0417071,0.589321,1.72995
403,1,-0.0198777,-0.00453906,1.6611,-0.0417071,0.589321,1.72995
404,1,-0.0207757,-0.0172621,1.66363,-0.0417071,0.589321,1.72995
405,1,-0.0208425,-0.03005,1.66599,-0.0417071,0.589321,1.72995
406,1,-0.0222558,-0.0443229,1.67019,-0.0417071,0.589321,1.72995
407,1,-0.0224033,-0.0592194,1.67212,-0.0417071,0.589321,1.72995
408,1,-0.0237976,-0.0757123,1.67712,-0.0417071,0.589321,1.72995
409,1,-0.0251242,-0.0914439,1.67994,-0.0417071,0.589321,1.72995
410,1,-0.0249552,-0.105623,1.68618,-0.0417071,0.589321,1.72995
411,1,-0.0260836,-0.11926,1.69346,-0.0417071,0.589321,1.72995
412,1,-0.0278924,-0.1352,1.6974,-0.0417071,0.589321,1.72995
413,1,-0.0277352,-0.145938,1.70204,-0.0417071,0.589321,1.72995
414,1,-0.0273135,-0.156173,1.70812,-0.0417071,0.589321,1.72995
415,1,-0.0276364,-0.164884,1.71254,-0.0417071,0.589321,1.72995
416,1,-0.0268616,-0.174801,1.72092,-0.0417071,0.589321,1.72995
417,1,-0.0267561,-0.183972,1.72127,-0.0417071,0.589321,1.72995
418,1,-0.0253764,-0.194721,1.73123,-0.0417071,0.589321,1.72995
419,1,-0.0264849,-0.204804,1.73739,-0.0417071,0.589321,1.72995
420,1,-0.0262041,-0.214608,1.74129,-0.0417071,0.589321,1.72995
421,1,-0.0270014,-0.220704,1.74593,-0.0417071,0.589321,1.72995
422,1,-0.0277249,-0.227268,1.75387,-0.0417071,0.589321,1.72995
423,1,-0.0288552,-0.233666,1.75952,-0.0417071,0.589321,1.72995
424,1,-0.0295948,-0.239518,1.76067,-0.0417071,0.589321,1.72995
425,1,-0.0303441,-0.243553,1.76308,-0.0417071,0.589321,1.72995
426,1,-0.0304731,-0.245613,1.76592,-0.0417071,0.589321,1.72995
427,1,-0.0295634,-0.24882,1.76525,-0.0417071,0.589321,1.72995
428,1,-0.0306126,-0.251229,1.76589,-0.0417071,0.589321,1.72995
429,1,-0.0306463,-0.253417,1.76752,-0.0417071,0.589321,1.72995
430,1,-0.0315195,-0.256278,1.76845,-0.0417071,0.589321,1.72995
431,1,-0.0319766,-0.259283,1.77042,-0.0417071,0.589321,1.72995
432,1,-0.0312721,-0.261749,1.77329,-0.0417071,0.589321,1.72995
433,1,-0.0306094,-0.263342,1.77354,-0.0417071,0.589321,1.72995
434,1,-0.0311558,-0.262227,1.77358,-0.0417071,0.589321,1.72995
435,1,-0.0302268,-0.262989,1.77245,-0.0417071,0.589321,1.72995
436,1,-0.0304287,-0.261506,1.77141,-0.0417071,0.589321,1.72995
437,1,-0.0298331,-0.259728,1.76993,-0.0417071,0.589321,1.72995
438,1,-0.0300415,-0.261881,1.77306,-0.0417071,0.589321,1.72995
439,1,-0.0300282,-0.261893,1.77245,-0.0417071,0.589321,1.72995
440,1,-0.0310657,-0.263047,1.77202,-0.0417071,0.589321,1.72995
441,1,-0.0305669,-0.262018,1.77299,-0.0417071,0.589321,1.72995
442,1,-0.03056,-0.261687,1.77087,-0.0417071,0.589321,1.72995
443,1,-0.0298446,-0.26059,1.77047,-0.0417071,0.589321,1.72995
444,1,-0.0306061,-0.263614,1.77166,-0.0417071,0.589321,1.72995
445,1,-0.0303407,-0.262974,1.77325,-0.0417071,0.589321,1.72995
446,1,-0.0305612,-0.263287,1.77245,-0.0417071,0.589321,1.72995
447,1,-0.0294451,-0.263754,1.77238,-0.0417071,0.589321,1.72995
448,1,-0.0305218,-0.261893,1.77004,-0.0417071,0.589321,1.72995
449,1,-0.0309928,-0.260955,1.7694,-0.0417071,0.589321,1.72995
450,1,-0.031693,-0.260928,1.77121,-0.0417071,0.589321,1.72995
451,1,-0.0381507,-0.250716,1.76251,-0.0417071,0.589321,1.72995
452,1,-0.0364063,-0.259194,1.77213,-0.0417071,0.589321,1.72995
453,1,-0.0336709,-0.259776,1.77077,-0.0417071,0.589321,1.72995
454,1,-0.0330394,-0.263257,1.7742,-0.0417071,0.589321,1.72995
455,1,-0.0323915,-0.263091,1.77728,-0.0417071,0.589321,1.72995
456,0,-0.0335304,-0.26254,1.77736,-0.0417071,0.589321,1.72995
457,0,-0.0332022,-0.263414,1.77762,-0.0417071,0.589321,1.72995
458,0,-0.0323023,-0.26376,1.77682,-0.0417071,0.589321,1.72995
459,0,-0.032912,-0.26297,1.77713,-0.0417071,0.589321,1.72995
460,0,-0.0317122,-0.263707,1.7737,-0.0417071,0.589321,1.72995
461,0,-0.0320809,-0.263178,1.77618,-0.0417071,0.589321,1.72995
462,0,-0.0320995,-0.263235,1.77731,-0.0417071,0.589321,1.72995
463,0,-0.0326479,-0.26251,1.77851,-0.0417071,0.589321,1.72995
464,0,-0.0319859,-0.264232,1.77791,-0.0417071,0.589321,1.72995
465,0,-0.0325227,-0.263559,1.77787,-0.0417071,0.589321,1.72995
466,0,-0.0327457,-0.262982,1.77821,-0.0417071,0.589321,1.72995
467,0,-0.032716,-0.26291,1.77734,-0.0417071,0.589321,1.72995
468,0,-0.0324004,-0.262754,1.77768,-0.0417071,0.589321,1.72995
469,0,-0.0323441,-0.263482,1.778,-0.0417071,0.589321,1.72995
470,0,-0.0312468,-0.264779,1.77828,-0.0417071,0.589321,1.72995
471,0,-0.0312056,-0.263753,1.77797,-0.0417071,0.589321,1.72995
472,0,-0.032965,-0.262766,1.7784,-0.0417071,0.589321,1.72995
473,0,-0.0314714,-0.263507,1.77554,-0.0417071,0.589321,1.72995
474,0,-0.0324286,-0.262291,1.77698,-0.0417071,0.589321,1.72995
475,0,-0.0321091,-0.263139,1.77599,-0.0417071,0.589321,1.72995
476,0,-0.0327242,-0.262656,1.77896,-0.0417071,0.589321,1.72995
477,0,-0.0314753,-0.263525,1.77908,-0.0417071,0.589321,1.72995
478,0,-0.0332086,-0.262196,1.77888,-0.0417071,0.589321,1.72995
479,0,-0.0334755,-0.261943,1.77847,-0.0417071,0.589321,1.72995
480,0,-0.0323629,-0.262645,1.7767,-0.0417071,0.589321,1.72995
481,0,-0.0328737,-0.261384,1.77752,-0.0417071,0.589321,1.72995
482,0,-0.0319672,-0.263111,1.77834,-0.0417071,0.589321,1.72995
483,0,-0.0322243,-0.261854,1.77787,-0.0417071,0.589321,1.72995
484,0,-0.0316562,-0.263804,1.77833,-0.0417071,0.589321,1.72995
485,0,-0.031652,-0.26288,1.77846,-0.0417071,0.589321,1.72995
486,0,-0.0318706,-0.263528,1.77828,-0.0417071,0.589321,1.72995
487,0,-0.0317485,-0.263242,1.77812,-0.0417071,0.589321,1.72995
488,0,-0.0333642,-0.262184,1.77735,-0.0417071,0.589321,1.72995
489,0,-0.0312365,-0.263998,1.77747,-0.0417071,0.589321,1.72995
490,0,-0.0324784,-0.262319,1.77894,-0.0417071,0.589321,1.72995
491,0,-0.0322087,-0.262935,1.77975,-0.0417071,0.589321,1.72995
492,0,-0.0320807,-0.263677,1.77865,-0.0417071,0.589321,1.72995
493,0,-0.0322499,-0.263658,1.77908,-0.0417071,0.589321,1.72995
494,0,-0.0320556,-0.26304,1.77765,-0.0417071,0.589321,1.72995
495,0,-0.0324946,-0.263589,1.77804,-0.0417071,0.589321,1.72995
496,0,-0.0330792,-0.262291,1.7776,-0.0417071,0.589321,1.72995
497,0,-0.0334441,-0.263312,1.78018,-0.0417071,0.589321,1.72995
498,0,-0.0330099,-0.262242,1.77948,-0.0417071,0.589321,1.72995
499,0,-0.0320309,-0.263517,1.77899,-0.0417071,0.589321,1.72995
500,0,-0.0332143,-0.263305,1.77863,-0.0417071,0.589321,1.72995
501,0,-0.0336171,-0.262693,1.77758,-0.0417071,0.589321,1.72995
502,0,-0.0316485,-0.263826,1.77674,-0.0417071,0.589321,1.72995
503,0,-0.0319906,-0.263119,1.77933,-0.0417071,0.589321,1.72995
504,0,-0.0327666,-0.262755,1.77792,-0.0417071,0.589321,1.72995
505,0,-0.0331733,-0.26381,1.77971,-0.0417071,0.589321,1.72995
506,0,-0.0327007,-0.26313,1.77969,-0.0417071,0.589321,1.72995
507,0,-0.0323267,-0.262816,1.7783,-0.0417071,0.589321,1.72995
508,0,-0.0325121,-0.263859,1.77768,-0.0417071,0.589321,1.72995
509,0,-0.0317258,-0.263671,1.77718,-0.0417071,0.589321,1.72995
510,0,-0.0333434,-0.262135,1.77954,-0.0417071,0.589321,1.72995
511,0,-0.032324,-0.262197,1.77971,-0.0417071,0.589321,1.72995
512,0,-0.0325178,-0.262756,1.77955,-0.0417071,0.589321,1.72995
513,0,-0.032213,-0.263526,1.77917,-0.0417071,0.589321,1.72995
514,0,-0.0322014,-0.263224,1.77894,-0.0417071,0.589321,1.72995
515,0,-0.0320113,-0.262596,1.7797,-0.0417071,0.589321,1.72995
516,0,-0.0316668,-0.264019,1.77879,-0.0417071,0.589321,1.72995
517,0,-0.0310413,-0.263433,1.77755,-0.0417071,0.589321,1.72995
518,0,-0.0319789,-0.262444,1.77984,-0.0417071,0.589321,1.72995
519,0,-0.033376,-0.261985,1.78056,-0.0417071,0.589321,1.72995
520,0,-0.0326014,-0.263168,1.77938,-0.0417071,0.589321,1.72995
521,0,-0.0309278,-0.262997,1.77849,-0.0417071,0.589321,1.72995
522,0,-0.0325227,-0.262504,1.77841,-0.0417071,0.589321,1.72995
523,0,-0.0316543,-0.263912,1.77721,-0.0417071,0.589321,1.72995
524,0,-0.031633,-0.264114,1.77736,-0.0417071,0.589321,1.72995
525,0,-0.0311465,-0.263483,1.77877,-0.0417071,0.589321,1.72995
526,0,-0.0324314,-0.263181,1.78066,-0.0417071,0.589321,1.72995
527,0,-0.0330259,-0.262401,1.77941,-0.0417071,0.589321,1.72995
528,0,-0.032038,-0.263486,1.77946,-0.0417071,0.589321,1.72995
529,0,-0.0318083,-0.262426,1.78047,-0.0417071,0.589321,1.72995
530,0,-0.0316549,-0.264533,1.77925,-0.0417071,0.589321,1.72995
531,0,-0.030977,-0.264031,1.77987,-0.0417071,0.589321,1.72995
532,0,-0.032263,-0.263373,1.77951,-0.0417071,0.589321,1.72995
533,0,-0.0334658,-0.262835,1.77986,-0.0417071,0.589321,1.72995
534,0,-0.0315951,-0.264318,1.77903,-0.0417071,0.589321,1.72995
535,0,-0.0317536,-0.263859,1.77958,-0.0417071,0.589321,1.72995
536,0,-0.031147,-0.263763,1.77801,-0.0417071,0.589321,1.72995
537,0,-0.0319876,-0.263371,1.77929,-0.0417071,0.589321,1.72995
538,0,-0.0311774,-0.263566,1.77876,-0.0417071,0.589321,1.72995
539,0,-0.0318346,-0.262372,1.78023,-0.0417071,0.589321,1.72995
540,0,-0.0310684,-0.263843,1.77686,-0.0417071,0.589321,1.72995
541,0,-0.0323142,-0.262066,1.77906,-0.0417071,0.589321,1.72995
542,0,-0.0344945,-0.262045,1.77995,-0.0417071,0.589321,1.72995
543,0,-0.0369633,-0.259891,1.77932,-0.0417071,0.589321,1.72995
544,1,-0.0368857,-0.260241,1.77744,-0.0417071,0.589321,1.72995
545,1,-0.0359943,-0.260205,1.77735,-0.0417071,0.589321,1.72995
546,1,-0.0355107,-0.259848,1.77846,-0.0417071,0.589321,1.72995
547,1,-0.0335187,-0.258137,1.77571,-0.0417071,0.589321,1.72995
548,1,-0.0306442,-0.263188,1.7741,-0.0417071,0.589321,1.72995
549,1,-0.0302327,-0.261428,1.77296,-0.0417071,0.589321,1.72995
550,1,-0.0278067,-0.26365,1.77057,-0.0417071,0.589321,1.72995
551,1,-0.0260842,-0.255632,1.76343,-0.0417071,0.589321,1.72995
552,1,-0.0260201,-0.263295,1.77337,-0.0417071,0.589321,1.72995
553,1,-0.0258596,-0.26364,1.77258,-0.0417071,0.589321,1.72995
554,1,-0.0255233,-0.26346,1.77262,-0.0417071,0.589321,1.72995
555,1,-0.0256548,-0.263908,1.77461,-0.0417071,0.589321,1.72995
556,1,-0.0265837,-0.264354,1.77452,-0.0417071,0.589321,1.72995
557,1,-0.0270993,-0.263646,1.77557,-0.0417071,0.589321,1.72995
558,1,-0.0270408,-0.263055,1.77528,-0.0417071,0.589321,1.72995
559,1,-0.0272159,-0.262289,1.77545,-0.0417071,0.589321,1.72995
560,1,-0.0264669,-0.262801,1.77556,-0.0417071,0.589321,1.72995
561,1,-0.0267286,-0.261634,1.77143,-0.0417071,0.589321,1.72995
562,1,-0.026118,-0.261766,1.77414,-0.0417071,0.589321,1.72995
563,1,-0.0255769,-0.258007,1.77836,-0.0417071,0.589321,1.72995
564,1,-0.0249987,-0.256626,1.77419,-0.0417071,0.589321,1.72995
565,1,-0.0240456,-0.253437,1.77232,-0.0417071,0.589321,1.72995
566,1,-0.0211705,-0.250728,1.77222,-0.0417071,0.589321,1.72995
567,1,-0.020902,-0.241759,1.77011,-0.0417071,0.589321,1.72995
568,1,-0.0193771,-0.23794,1.76788,-0.0417071,0.589321,1.72995
569,1,-0.0174646,-0.231641,1.76445,-0.0417071,0.589321,1.72995
570,1,-0.0170252,-0.221165,1.76015,-0.0417071,0.589321,1.72995
571,1,-0.0144331,-0.213178,1.76043,-0.0417071,0.589321,1.72995
572,1,-0.0130994,-0.203275,1.75673,-0.0417071,0.589321,1.72995
573,1,-0.0114368,-0.190414,1.75273,-0.0417071,0.589321,1.72995
574,1,-0.00929324,-0.176963,1.74665,-0.0417071,0.589321,1.72995
575,1,-0.00874274,-0.163758,1.74091,-0.0417071,0.589321,1.72995
576,1,-0.00859044,-0.147161,1.7355,-0.0417071,0.589321,1.72995
577,1,-0.0063383,-0.126666,1.72525,-0.0417071,0.589321,1.72995
578,1,-0.00621038,-0.108693,1.71782,-0.0417071,0.589321,1.72995
579,1,-0.00499617,-0.0882301,1.70934,-0.0417071,0.589321,1.72995
580,1,-0.00298261,-0.0678268,1.70151,-0.0417071,0.589321,1.72995
581,1,-0.00118586,-0.0438624,1.69399,-0.0417071,0.589321,1.72995
582,1,0.000112275,-0.018578,1.6858,-0.0417071,0.589321,1.72995
583,1,-0.000343188,0.00827092,1.67726,-0.0417071,0.589321,1.72995
584,1,0.00351289,0.0339893,1.66956,-0.0417071,0.589321,1.72995
585,1,0.00551309,0.0597083,1.66139,-0.0417071,0.589321,1.72995
586,1,0.00645486,0.0852872,1.65339,-0.0417071,0.589321,1.72995
587,1,0.00930246,0.112538,1.64758,-0.0417071,0.589321,1.72995
588,1,0.0126597,0.152457,1.63591,-0.0417071,0.589321,1.72995
589,1,0.0128336,0.162832,1.64128,-0.0417071,0.589321,1.72995
590,1,0.0142718,0.187106,1.63932,-0.0417071,0.589321,1.72995
591,1,0.0166335,0.213561,1.63751,-0.0417071,0.589321,1.72995
592,1,0.0171903,0.240913,1.6351,-0.0417071,0.589321,1.72995
593,1,0.0168759,0.266669,1.63274,-0.0417071,0.589321,1.72995
594,1,0.0148237,0.291837,1.6313,-0.0417071,0.589321,1.72995
595,1,0.0162691,0.31807,1.63119,-0.0417071,0.589321,1.72995
596,1,0.0137738,0.342803,1.62996,-0.0417071,0.589321,1.72995
597,1,0.0130191,0.367203,1.63075,-0.0417071,0.589321,1.72995
598,1,0.010251,0.387695,1.63161,-0.0417071,0.589321,1.72995
599,1,0.00676564,0.408956,1.63213,-0.0417071,0.589321,1.72995
600,1,0.00499615,0.427521,1.63458,-0.0417071,0.589321,1.72995
601,1,0.00318869,0.442834,1.63604,-0.0417071,0.589321,1.72995
602,1,0.00129496,0.457292,1.63693,-0.0417071,0.589321,1.72995
603,1,0.000475805,0.469453,1.63853,-0.0417071,0.589321,1.72995
604,1,-0.00170146,0.479089,1.6383,-0.0417071,0.589321,1.72995
605,1,-0.00232643,0.489183,1.64125,-0.0417071,0.589321,1.72995
606,1,-0.00366101,0.497159,1.64212,-0.0417071,0.589321,1.72995
607,1,-0.00455326,0.502143,1.64328,-0.0417071,0.589321,1.72995
608,1,-0.00441969,0.508118,1.64271,-0.0417071,0.589321,1.72995
609,1,-0.00774092,0.51541,1.64662,-0.0417071,0.589321,1.72995
610,1,-0.00665345,0.519818,1.64795,-0.0417071,0.589321,1.72995
611,1,-0.0085535,0.522854,1.64887,-0.0417071,0.589321,1.72995
612,1,-0.00701811,0.525318,1.6492,-0.0417071,0.589321,1.72995
613,1,-0.00723745,0.527631,1.6493,-0.0417071,0.589321,1.72995
614,1,-0.00764165,0.529168,1.64996,-0.0417071,0.589321,1.72995
615,1,-0.00873352,0.532229,1.65232,-0.0417071,0.589321,1.72995
616,1,-0.008407,0.532321,1.65186,-0.0417071,0.589321,1.72995
617,1,-0.0112332,0.534881,1.657,-0.0417071,0.589321,1.72995
618,1,-0.00928568,0.534629,1.65563,-0.0417071,0.589321,1.72995
619,1,-0.00848995,0.534851,1.65644,-0.0417071,0.589321,1.72995
620,1,-0.00857799,0.535901,1.6572,-0.0417071,0.589321,1.72995
621,1,-0.00715041,0.536546,1.65758,-0.0417071,0.589321,1.72995
622,1,-0.00688168,0.535984,1.65707,-0.0417071,0.589321,1.72995
623,1,-0.00349016,0.534296,1.65478,-0.0417071,0.589321,1.72995
624,1,-0.00648363,0.536385,1.65893,-0.0417071,0.589321,1.72995
625,1,-0.00551361,0.535191,1.65842,-0.0417071,0.589321,1.72995
626,1,-0.00671832,0.535185,1.658,-0.0417071,0.589321,1.72995
627,1,-0.00719369,0.535327,1.65822,-0.0417071,0.589321,1.72995
628,1,-0.00651784,0.535312,1.65842,-0.0417071,0.589321,1.72995
629,1,-0.00604587,0.534,1.65743,-0.0417071,0.589321,1.72995
630,1,-0.00498028,0.532634,1.65691,-0.0417071,0.589321,1.72995
631,1,-0.00489763,0.53258,1.65825,-0.0417071,0.589321,1.72995
632,1,-0.00418685,0.530364,1.65681,-0.0417071,0.589321,1.72995
633,1,-0.0023283,0.527477,1.65409,-0.0417071,0.589321,1.72995
634,1,-0.0045474,0.526741,1.65553,-0.0417071,0.589321,1.72995
635,1,-0.00524548,0.526131,1.65592,-0.0417071,0.589321,1.72995
636,1,-0.00329113,0.522839,1.6524,-0.0417071,0.589321,1.72995
637,1,-0.00441386,0.519649,1.65102,-0.0417071,0.589321,1.72995
638,1,-0.0082185,0.516934,1.64977,-0.0417071,0.589321,1.72995
639,1,-0.00642479,0.509433,1.64646,-0.0417071,0.589321,1.72995
640,1,-0.0122935,0.500425,1.64211,-0.0417071,0.589321,1.72995
641,1,-0.0145656,0.487166,1.63621,-0.0417071,0.589321,1.72995
642,1,-0.017804,0.47406,1.63123,-0.0417071,0.589321,1.72995
643,1,-0.0206827,0.454575,1.62581,-0.0417071,0.589321,1.72995
644,1,-0.0263724,0.43638,1.61771,-0.0417071,0.589321,1.72995
645,1,-0.0329702,0.416508,1.61168,-0.0417071,0.589321,1.72995
646,1,-0.0404967,0.396331,1.60468,-0.0417071,0.589321,1.72995
647,1,-0.0519086,0.378491,1.60152,-0.0417071,0.589321,1.72995
648,1,-0.0640282,0.359831,1.59915,-0.0417071,0.589321,1.72995
649,1,-0.0765385,0.342764,1.59844,-0.0417071,0.589321,1.72995
650,1,-0.0897776,0.328249,1.59834,-0.0417071,0.589321,1.72995
651,1,-0.101205,0.316412,1.59905,-0.0417071,0.589321,1.72995
652,1,-0.115308,0.303803,1.59812,-0.0417071,0.589321,1.72995
653,1,-0.128808,0.296811,1.59857,-0.0417071,0.589321,1.72995
654,1,-0.142672,0.288915,1.59708,-0.0417071,0.589321,1.72995
655,1,-0.158922,0.280175,1.5955,-0.0417071,0.589321,1.72995
656,1,-0.177483,0.271033,1.5947,-0.0417071,0.589321,1.72995
657,1,-0.196498,0.262224,1.59642,-0.0417071,0.589321,1.72995
658,1,-0.217551,0.251587,1.59716,-0.0417071,0.589321,1.72995
659,1,-0.242556,0.237645,1.59799,-0.0417071,0.589321,1.72995
660,1,-0.267562,0.225993,1.59785,-0.0417071,0.589321,1.72995
661,1,-0.292332,0.207066,1.60274,-0.0417071,0.589321,1.72995
662,1,-0.318074,0.189657,1.60579,-0.0417071,0.589321,1.72995
663,1,-0.345762,0.167219,1.61386,-0.0417071,0.589321,1.72995
664,1,-0.372603,0.14181,1.62135,-0.0417071,0.589321,1.72995
665,1,-0.40045,0.115376,1.62926,-0.0417071,0.589321,1.72995
666,1,-0.42715,0.0920476,1.64201,-0.0417071,0.589321,1.72995
667,1,-0.451951,0.0692424,1.65694,-0.0417071,0.589321,1.72995
668,1,-0.470731,0.042078,1.66832,-0.0417071,0.589321,1.72995
669,1,-0.486872,0.0163455,1.68088,-0.0417071,0.589321,1.72995
670,1,-0.498658,-0.0105795,1.6902,-0.0417071,0.589321,1.72995
671,1,-0.508885,-0.03253,1.69841,-0.0417071,0.589321,1.72995
672,1,-0.515649,-0.0559918,1.70472,-0.0417071,0.589321,1.72995
673,1,-0.523811,-0.0744206,1.71347,-0.0417071,0.589321,1.72995
674,1,-0.527598,-0.0900711,1.72127,-0.0417071,0.589321,1.72995
675,1,-0.534481,-0.101849,1.72927,-0.0417071,0.589321,1.72995
676,1,-0.53719,-0.114326,1.73557,-0.0417071,0.589321,1.72995
677,1,-0.536897,-0.129309,1.73665,-0.0417071,0.589321,1.72995
678,1,-0.538867,-0.138185,1.73771,-0.0417071,0.589321,1.72995
679,1,-0.539818,-0.149087,1.73984,-0.0417071,0.589321,1.72995
680,1,-0.543773,-0.155114,1.74311,-0.0417071,0.589321,1.72995
681,1,-0.540478,-0.164604,1.74496,-0.0417071,0.589321,1.72995
682,1,-0.539417,-0.174495,1.74412,-0.0417071,0.589321,1.72995
683,1,-0.540602,-0.18241,1.74657,-0.0417071,0.589321,1.72995
684,1,-0.5413,-0.18606,1.74935,-0.0417071,0.589321,1.72995
685,1,-0.541708,-0.194311,1.75026,-0.0417071,0.589321,1.72995
686,1,-0.545289,-0.196511,1.75513,-0.0417071,0.589321,1.72995
687,1,-0.546634,-0.198038,1.75723,-0.0417071,0.589321,1.72995
688,1,-0.542696,-0.207105,1.75761,-0.0417071,0.589321,1.72995
689,1,-0.541344,-0.210625,1.75649,-0.0417071,0.589321,1.72995
690,1,-0.54517,-0.209735,1.76472,-0.0417071,0.589321,1.72995
691,1,-0.546951,-0.211462,1.76648,-0.0417071,0.589321,1.72995
692,1,-0.544183,-0.216857,1.76454,-0.0417071,0.589321,1.72995
693,1,-0.544885,-0.219599,1.76544,-0.0417071,0.589321,1.72995
694,1,-0.542172,-0.222958,1.7684,-0.0417071,0.589321,1.72995
695,1,-0.544947,-0.221621,1.773,-0.0417071,0.589321,1.72995
696,1,-0.54209,-0.228755,1.77314,-0.0417071,0.589321,1.72995
697,1,-0.539704,-0.233159,1.77292,-0.0417071,0.589321,1.72995
698,1,-0.540499,-0.230605,1.77289,-0.0417071,0.589321,1.72995
699,1,-0.539022,-0.232991,1.77162,-0.0417071,0.589321,1.72995
700,1,-0.540012,-0.231996,1.77278,-0.0417071,0.589321,1.72995
701,1,-0.540209,-0.231682,1.772,-0.0417071,0.589321,1.72995
702,1,-0.541394,-0.229399,1.7733,-0.0417071,0.589321,1.72995
703,1,-0.539345,-0.232142,1.77272,-0.0417071,0.589321,1.72995
704,1,-0.539479,-0.232498,1.77331,-0.0417071,0.589321,1.72995
705,1,-0.540781,-0.231303,1.77336,-0.0417071,0.589321,1.72995
706,1,-0.541495,-0.230956,1.77416,-0.0417071,0.589321,1.72995
707,1,-0.539833,-0.232221,1.77337,-0.0417071,0.589321,1.72995
708,1,-0.54146,-0.230133,1.7728,-0.0417071,0.589321,1.72995
709,1,-0.543653,-0.231106,1.77578,-0.0417071,0.589321,1.72995
710,1,-0.544043,-0.229455,1.77663,-0.0417071,0.589321,1.72995
711,1,-0.543112,-0.231617,1.77493,-0.0417071,0.589321,1.72995
712,1,-0.545383,-0.226891,1.78007,-0.0417071,0.589321,1.72995
713,1,-0.541639,-0.230517,1.77598,-0.0417071,0.589321,1.72995
714,1,-0.540039,-0.232695,1.77398,-0.0417071,0.589321,1.72995
715,0,-0.542844,-0.231887,1.77613,-0.0417071,0.589321,1.72995
716,0,-0.542062,-0.232852,1.77396,-0.0417071,0.589321,1.72995
717,0,-0.540112,-0.232242,1.77418,-0.0417071,0.589321,1.72995
718,0,-0.540799,-0.231474,1.77386,-0.0417071,0.589321,1.72995
719,0,-0.538822,-0.232029,1.77376,-0.0417071,0.589321,1.72995
720,0,-0.54258,-0.231177,1.77615,-0.0417071,0.589321,1.72995
721,0,-0.540277,-0.233048,1.77298,-0.0417071,0.589321,1.72995
722,0,-0.541385,-0.232844,1.77388,-0.0417071,0.589321,1.72995
723,0,-0.539249,-0.231812,1.7729,-0.0417071,0.589321,1.72995
724,0,-0.541617,-0.229409,1.77295,-0.0417071,0.589321,1.72995
725,0,-0.539851,-0.232329,1.77326,-0.0417071,0.589321,1.72995
726,0,-0.539961,-0.231132,1.7743,-0.0417071,0.589321,1.72995
727,0,-0.540147,-0.231136,1.77253,-0.0417071,0.589321,1.72995
728,0,-0.540263,-0.233046,1.77294,-0.0417071,0.589321,1.72995
729,0,-0.540938,-0.232246,1.77304,-0.0417071,0.589321,1.72995
730,0,-0.541045,-0.232726,1.77351,-0.0417071,0.589321,1.72995
731,0,-0.541117,-0.232691,1.77276,-0.0417071,0.589321,1.72995
732,0,-0.540067,-0.233182,1.77212,-0.0417071,0.589321,1.72995
733,0,-0.54203,-0.230945,1.77433,-0.0417071,0.589321,1.72995
734,0,-0.54124,-0.232942,1.77385,-0.0417071,0.589321,1.72995
735,0,-0.54123,-0.23311,1.77256,-0.0417071,0.589321,1.72995
736,0,-0.541123,-0.2314,1.77209,-0.0417071,0.589321,1.72995
737,0,-0.541633,-0.231335,1.77241,-0.0417071,0.589321,1.72995
738,0,-0.54091,-0.232189,1.77287,-0.0417071,0.589321,1.72995
739,0,-0.541182,-0.2318,1.77286,-0.0417071,0.589321,1.72995
740,0,-0.539892,-0.231871,1.77374,-0.0417071,0.589321,1.72995
741,0,-0.54187,-0.231424,1.77353,-0.0417071,0.589321,1.72995
742,0,-0.540823,-0.232154,1.77222,-0.0417071,0.589321,1.72995
743,0,-0.540422,-0.233121,1.77284,-0.0417071,0.589321,1.72995
744,0,-0.541877,-0.231274,1.774,-0.0417071,0.589321,1.72995
745,0,-0.541612,-0.232561,1.77323,-0.0417071,0.589321,1.72995
746,0,-0.541873,-0.231476,1.77615,-0.0417071,0.589321,1.72995
747,0,-0.540277,-0.232645,1.7728,-0.0417071,0.589321,1.72995
748,0,-0.540187,-0.23099,1.77282,-0.0417071,0.589321,1.72995
749,0,-0.540081,-0.233793,1.77311,-0.0417071,0.589321,1.72995
750,0,-0.540811,-0.23195,1.77297,-0.0417071,0.589321,1.72995
751,0,-0.540362,-0.232283,1.77317,-0.0417071,0.589321,1.72995
752,0,-0.540591,-0.232767,1.77303,-0.0417071,0.589321,1.72995
753,0,-0.540836,-0.232672,1.77235,-0.0417071,0.589321,1.72995
754,0,-0.540752,-0.233123,1.77212,-0.0417071,0.589321,1.72995
755,0,-0.540109,-0.233695,1.77253,-0.0417071,0.589321,1.72995
756,0,-0.541684,-0.232977,1.77383,-0.0417071,0.589321,1.72995
757,0,-0.54116,-0.231523,1.77382,-0.0417071,0.589321,1.72995
758,0,-0.541116,-0.232324,1.77311,-0.0417071,0.589321,1.72995
759,0,-0.540431,-0.231616,1.77349,-0.0417071,0.589321,1.72995
760,0,-0.541303,-0.232431,1.77455,-0.0417071,0.589321,1.72995
761,0,-0.540883,-0.231512,1.77173,-0.0417071,0.589321,1.72995
762,0,-0.541,-0.231934,1.77387,-0.0417071,0.589321,1.72995
763,0,-0.542059,-0.231403,1.77336,-0.0417071,0.589321,1.72995
764,0,-0.540022,-0.233587,1.77338,-0.0417071,0.589321,1.72995
765,0,-0.540938,-0.231951,1.77241,-0.0417071,0.589321,1.72995
766,0,-0.54101,-0.232445,1.77342,-0.0417071,0.589321,1.72995
767,0,-0.541387,-0.232399,1.77541,-0.0417071,0.589321,1.72995
768,0,-0.541472,-0.231868,1.77165,-0.0417071,0.589321,1.72995
769,0,-0.540024,-0.23245,1.77201,-0.0417071,0.589321,1.72995
770,0,-0.541299,-0.232936,1.77301,-0.0417071,0.589321,1.72995
771,0,-0.540547,-0.232472,1.77186,-0.0417071,0.589321,1.72995
772,0,-0.540649,-0.23272,1.77165,-0.0417071,0.589321,1.72995
773,0,-0.540226,-0.232517,1.77206,-0.0417071,0.589321,1.72995
774,0,-0.540759,-0.232324,1.77223,-0.0417071,0.589321,1.72995
775,0,-0.539656,-0.231591,1.77245,-0.0417071,0.589321,1.72995
776,0,-0.541088,-0.233187,1.77295,-0.0417071,0.589321,1.72995
777,0,-0.539786,-0.233185,1.77267,-0.0417071,0.589321,1.72995
778,0,-0.541679,-0.232066,1.77286,-0.0417071,0.589321,1.72995
779,0,-0.540422,-0.232679,1.77202,-0.0417071,0.589321,1.72995
780,0,-0.53977,-0.233368,1.77219,-0.0417071,0.589321,1.72995
781,0,-0.540082,-0.232876,1.77209,-0.0417071,0.589321,1.72995
782,0,-0.540683,-0.233557,1.77297,-0.0417071,0.589321,1.72995
783,0,-0.540955,-0.232303,1.773,-0.0417071,0.589321,1.72995
784,0,-0.541945,-0.231361,1.77385,-0.0417071,0.589321,1.72995
785,0,-0.539804,-0.233863,1.77181,-0.0417071,0.589321,1.72995
786,0,-0.540314,-0.233151,1.77165,-0.0417071,0.589321,1.72995
787,0,-0.539674,-0.232972,1.77071,-0.0417071,0.589321,1.72995
788,0,-0.54054,-0.23257,1.7714,-0.0417071,0.589321,1.72995
789,0,-0.540558,-0.233312,1.77205,-0.0417071,0.589321,1.72995
790,0,-0.541455,-0.232898,1.77269,-0.0417071,0.589321,1.72995
791,0,-0.540334,-0.232946,1.77175,-0.0417071,0.589321,1.72995
792,0,-0.540252,-0.233292,1.77224,-0.0417071,0.589321,1.72995
794,0,-0.541212,-0.231904,1.77206,-0.0417071,0.589321,1.72995
795,0,-0.540495,-0.233647,1.77213,-0.0417071,0.589321,1.72995
796,0,-0.538529,-0.232284,1.77233,-0.0417071,0.589321,1.72995
797,0,-0.54287,-0.2312,1.77541,-0.0417071,0.589321,1.72995
798,0,-0.540468,-0.230871,1.77324,-0.0417071,0.589321,1.72995
799,1,-0.543281,-0.228475,1.77365,-0.0417071,0.589321,1.72995
800,1,-0.542037,-0.228881,1.77368,-0.0417071,0.589321,1.72995
801,1,-0.541885,-0.229581,1.77351,-0.0417071,0.589321,1.72995
802,1,-0.541251,-0.22982,1.77434,-0.0417071,0.589321,1.72995
803,1,-0.540846,-0.230362,1.77361,-0.0417071,0.589321,1.72995
804,1,-0.541343,-0.230236,1.77379,-0.0417071,0.589321,1.72995
805,1,-0.541479,-0.229407,1.77528,-0.0417071,0.589321,1.72995
806,1,-0.541725,-0.228342,1.77356,-0.0417071,0.589321,1.72995
807,1,-0.541611,-0.227953,1.77458,-0.0417071,0.589321,1.72995
808,1,-0.542084,-0.229164,1.77416,-0.0417071,0.589321,1.72995
809,1,-0.542665,-0.227232,1.77426,-0.0417071,0.589321,1.72995
810,1,-0.540592,-0.229044,1.77256,-0.0417071,0.589321,1.72995
811,1,-0.541664,-0.230004,1.77217,-0.0417071,0.589321,1.72995
812,1,-0.54206,-0.228941,1.77334,-0.0417071,0.589321,1.72995
813,1,-0.542514,-0.22872,1.77369,-0.0417071,0.589321,1.72995
814,1,-0.542308,-0.228287,1.77208,-0.0417071,0.589321,1.72995
815,1,-0.542623,-0.22443,1.77127,-0.0417071,0.589321,1.72995
817,1,-0.537634,-0.207121,1.75758,-0.0417071,0.589321,1.72995
818,1,-0.540475,-0.193311,1.74737,-0.0417071,0.589321,1.72995
819,1,-0.539378,-0.177115,1.7342,-0.0417071,0.589321,1.72995
820,1,-0.54041,-0.157048,1.7222,-0.0417071,0.589321,1.72995
821,1,-0.537152,-0.137126,1.70905,-0.0417071,0.589321,1.72995
822,1,-0.533428,-0.114059,1.69582,-0.0417071,0.589321,1.72995
823,1,-0.523899,-0.0936471,1.67633,-0.0417071,0.589321,1.72995
824,1,-0.512965,-0.0702806,1.66285,-0.0417071,0.589321,1.72995
825,1,-0.496757,-0.046735,1.64607,-0.0417071,0.589321,1.72995
826,1,-0.477034,-0.027215,1.63331,-0.0417071,0.589321,1.72995
827,1,-0.454125,-0.00816485,1.62098,-0.0417071,0.589321,1.72995
828,1,-0.425472,0.00781728,1.60657,-0.0417071,0.589321,1.72995
829,1,-0.394139,0.0219831,1.59321,-0.0417071,0.589321,1.72995
830,1,-0.360833,0.0315604,1.58604,-0.0417071,0.589321,1.72995
831,1,-0.322244,0.0367062,1.58403,-0.0417071,0.589321,1.72995
832,1,-0.285576,0.0395876,1.582,-0.0417071,0.589321,1.72995
833,1,-0.249238,0.0414063,1.58397,-0.0417071,0.589321,1.72995
834,1,-0.206827,0.0389438,1.59122,-0.0417071,0.589321,1.72995
835,1,-0.16212,0.0391014,1.59099,-0.0417071,0.589321,1.72995
836,1,-0.118123,0.0362933,1.60094,-0.0417071,0.589321,1.72995
837,1,-0.0770876,0.0322048,1.6056,-0.0417071,0.589321,1.72995
838,1,-0.0345327,0.027946,1.61085,-0.0417071,0.589321,1.72995
839,1,0.00319342,0.0319878,1.61465,-0.0417071,0.589321,1.72995
840,1,0.0473676,0.0173752,1.62863,-0.0417071,0.589321,1.72995
841,1,0.086799,0.0160124,1.63524,-0.0417071,0.589321,1.72995
842,1,0.125097,0.0118672,1.64883,-0.0417071,0.589321,1.72995
843,1,0.162921,0.00883374,1.65936,-0.0417071,0.589321,1.72995
844,1,0.194155,0.00318143,1.66926,-0.0417071,0.589321,1.72995
845,1,0.223579,-0.00754497,1.68906,-0.0417071,0.589321,1.72995
846,1,0.256923,-0.0121623,1.70287,-0.0417071,0.589321,1.72995
847,1,0.288183,-0.0231082,1.72325,-0.0417071,0.589321,1.72995
848,1,0.314894,-0.0291412,1.72945,-0.0417071,0.589321,1.72995
849,1,0.338241,-0.0351058,1.7387,-0.0417071,0.589321,1.72995
850,1,0.363293,-0.0428868,1.75059,-0.0417071,0.589321,1.72995
851,1,0.386759,-0.0515195,1.76209,-0.0417071,0.589321,1.72995
852,1,0.410359,-0.055318,1.76833,-0.0417071,0.589321,1.72995
853,1,0.429877,-0.0658543,1.77959,-0.0417071,0.589321,1.72995
854,1,0.44557,-0.0682161,1.77623,-0.0417071,0.589321,1.72995
855,1,0.462016,-0.0754108,1.78793,-0.0417071,0.589321,1.72995
856,1,0.478629,-0.0800001,1.79578,-0.0417071,0.589321,1.72995
857,1,0.490502,-0.0951929,1.81092,-0.0417071,0.589321,1.72995
858,1,0.504063,-0.101339,1.81973,-0.0417071,0.589321,1.72995
859,1,0.510984,-0.104994,1.81831,-0.0417071,0.589321,1.72995
860,1,0.518677,-0.110535,1.82127,-0.0417071,0.589321,1.72995
861,1,0.526447,-0.113571,1.81882,-0.0417071,0.589321,1.72995
862,1,0.531726,-0.118884,1.82794,-0.0417071,0.589321,1.72995
863,1,0.535495,-0.119541,1.82285,-0.0417071,0.589321,1.72995
864,1,0.54268,-0.125287,1.83208,-0.0417071,0.589321,1.72995
865,1,0.551077,-0.126936,1.83673,-0.0417071,0.589321,1.72995
866,1,0.55252,-0.126997,1.83682,-0.0417071,0.589321,1.72995
867,1,0.553548,-0.129439,1.83682,-0.0417071,0.589321,1.72995
868,1,0.566976,-0.134481,1.8477,-0.0417071,0.589321,1.72995
869,1,0.569713,-0.14039,1.85538,-0.0417071,0.589321,1.72995
870,1,0.568928,-0.141727,1.85294,-0.0417071,0.589321,1.72995
871,1,0.570955,-0.138293,1.84503,-0.0417071,0.589321,1.72995
872,1,0.577643,-0.144265,1.85858,-0.0417071,0.589321,1.72995
873,1,0.572896,-0.145057,1.85552,-0.0417071,0.589321,1.72995
874,1,0.574457,-0.146773,1.85226,-0.0417071,0.589321,1.72995
875,1,0.577378,-0.144565,1.84089,-0.0417071,0.589321,1.72995
876,1,0.573279,-0.147642,1.84401,-0.0417071,0.589321,1.72995
877,1,0.573757,-0.149271,1.84533,-0.0417071,0.589321,1.72995
878,1,0.579956,-0.154246,1.85726,-0.0417071,0.589321,1.72995
879,1,0.578036,-0.15378,1.85588,-0.0417071,0.589321,1.72995
880,1,0.579349,-0.154534,1.85655,-0.0417071,0.589321,1.72995
881,1,0.580315,-0.154321,1.85669,-0.0417071,0.589321,1.72995
882,1,0.58046,-0.153488,1.85411,-0.0417071,0.589321,1.72995
883,1,0.580814,-0.152525,1.85475,-0.0417071,0.589321,1.72995
884,1,0.580995,-0.150673,1.8535,-0.0417071,0.589321,1.72995
885,1,0.581861,-0.151033,1.85635,-0.0417071,0.589321,1.72995
886,1,0.578872,-0.151144,1.85514,-0.0417071,0.589321,1.72995
887,1,0.580498,-0.153609,1.85574,-0.0417071,0.589321,1.72995
888,1,0.58577,-0.154241,1.85717,-0.0417071,0.589321,1.72995
889,1,0.583918,-0.151284,1.84898,-0.0417071,0.589321,1.72995
890,1,0.585402,-0.150982,1.85117,-0.0417071,0.589321,1.72995
891,1,0.586008,-0.154302,1.85845,-0.0417071,0.589321,1.72995
892,1,0.576654,-0.150031,1.84746,-0.0417071,0.589321,1.72995
893,1,0.575001,-0.147875,1.84578,-0.0417071,0.589321,1.72995
894,1,0.578294,-0.14707,1.84908,-0.0417071,0.589321,1.72995
895,1,0.556284,-0.130553,1.82,-0.0417071,0.589321,1.72995
896,1,0.535528,-0.127348,1.79884,-0.0417071,0.589321,1.72995
897,1,0.544322,-0.121008,1.80037,-0.0417071,0.589321,1.72995
898,1,0.535663,-0.119016,1.804,-0.0417071,0.589321,1.72995
899,0,0.593894,-0.163961,1.89062,-0.0417071,0.589321,1.72995
900,0,0.596071,-0.16455,1.89184,-0.0417071,0.589321,1.72995
901,0,0.595818,-0.163418,1.89004,-0.0417071,0.589321,1.72995
902,0,0.595152,-0.163716,1.89159,-0.0417071,0.589321,1.72995
903,0,0.595239,-0.163684,1.89093,-0.0417071,0.589321,1.72995
904,0,0.595249,-0.162799,1.89086,-0.0417071,0.589321,1.72995
905,0,0.594658,-0.16321,1.89024,-0.0417071,0.589321,1.72995
906,0,0.594437,-0.163857,1.89201,-0.0417071,0.589321,1.72995
907,0,0.59594,-0.163929,1.89025,-0.0417071,0.589321,1.72995
908,0,0.595587,-0.16387,1.89083,-0.0417071,0.589321,1.72995
909,0,0.594959,-0.162735,1.8906,-0.0417071,0.589321,1.72995
910,0,0.594694,-0.163415,1.89064,-0.0417071,0.589321,1.72995
911,0,0.594819,-0.163742,1.89037,-0.0417071,0.589321,1.72995
912,0,0.594918,-0.16315,1.89055,-0.0417071,0.589321,1.72995
913,0,0.593647,-0.163947,1.88972,-0.0417071,0.589321,1.72995
914,0,0.595215,-0.163097,1.89063,-0.0417071,0.589321,1.72995
915,0,0.594833,-0.164089,1.89082,-0.0417071,0.589321,1.72995
916,0,0.595505,-0.163073,1.89139,-0.0417071,0.589321,1.72995
917,0,0.595201,-0.162875,1.89138,-0.0417071,0.589321,1.72995
918,0,0.594421,-0.16318,1.89028,-0.0417071,0.589321,1.72995
919,0,0.594368,-0.164753,1.88651,-0.0417071,0.589321,1.72995
920,0,0.594753,-0.163223,1.8901,-0.0417071,0.589321,1.72995
921,0,0.593306,-0.162416,1.88993,-0.0417071,0.589321,1.72995
922,0,0.594223,-0.162879,1.89014,-0.0417071,0.589321,1.72995
923,0,0.595491,-0.163193,1.89244,-0.0417071,0.589321,1.72995
924,0,0.594925,-0.163428,1.88978,-0.0417071,0.589321,1.72995
925,0,0.595326,-0.16386,1.89026,-0.0417071,0.589321,1.72995
926,0,0.59616,-0.162742,1.89055,-0.0417071,0.589321,1.72995
927,0,0.593853,-0.164919,1.88943,-0.0417071,0.589321,1.72995
928,0,0.595323,-0.163411,1.89045,-0.0417071,0.589321,1.72995
929,0,0.59498,-0.164247,1.89037,-0.0417071,0.589321,1.72995
930,0,0.59518,-0.163226,1.89089,-0.0417071,0.589321,1.72995
931,0,0.594325,-0.163952,1.89041,-0.0417071,0.589321,1.72995
932,0,0.594653,-0.163515,1.89124,-0.0417071,0.589321,1.72995
933,0,0.595025,-0.163886,1.88986,-0.0417071,0.589321,1.72995
934,0,0.594996,-0.16336,1.88934,-0.0417071,0.589321,1.72995
935,0,0.595243,-0.163389,1.89104,-0.0417071,0.589321,1.72995
936,0,0.594863,-0.163874,1.89117,-0.0417071,0.589321,1.72995
937,0,0.595507,-0.164361,1.89104,-0.0417071,0.589321,1.72995
938,0,0.595354,-0.163242,1.89285,-0.0417071,0.589321,1.72995
939,0,0.594378,-0.163022,1.89148,-0.0417071,0.589321,1.72995
940,0,0.594597,-0.163985,1.89121,-0.0417071,0.589321,1.72995
941,0,0.594711,-0.165029,1.89177,-0.0417071,0.589321,1.72995
942,0,0.594369,-0.162966,1.88947,-0.0417071,0.589321,1.72995
943,0,0.594973,-0.163472,1.88976,-0.0417071,0.589321,1.72995
944,0,0.594936,-0.163235,1.89042,-0.0417071,0.589321,1.72995
945,0,0.596082,-0.162657,1.89109,-0.0417071,0.589321,1.72995
946,0,0.595464,-0.163739,1.89085,-0.0417071,0.589321,1.72995
947,0,0.594964,-0.163212,1.89018,-0.0417071,0.589321,1.72995
948,0,0.594959,-0.163219,1.89098,-0.0417071,0.589321,1.72995
949,0,0.595611,-0.163574,1.89086,-0.0417071,0.589321,1.72995
950,0,0.595348,-0.163095,1.89086,-0.0417071,0.589321,1.72995
951,0,0.594737,-0.163921,1.89071,-0.0417071,0.589321,1.72995
952,0,0.595407,-0.163206,1.89108,-0.0417071,0.589321,1.72995
953,0,0.596307,-0.163303,1.89102,-0.0417071,0.589321,1.72995
954,0,0.594913,-0.162833,1.89091,-0.0417071,0.589321,1.72995
955,0,0.593291,-0.1635,1.89067,-0.0417071,0.589321,1.72995
956,0,0.595404,-0.162994,1.88946,-0.0417071,0.589321,1.72995
957,0,0.595072,-0.163495,1.89026,-0.0417071,0.589321,1.72995
958,0,0.595838,-0.163308,1.89176,-0.0417071,0.589321,1.72995
959,0,0.595403,-0.163754,1.89109,-0.0417071,0.589321,1.72995
960,0,0.595577,-0.164318,1.89173,-0.0417071,0.589321,1.72995
961,0,0.594465,-0.164406,1.89002,-0.0417071,0.589321,1.72995
962,0,0.594683,-0.163741,1.89031,-0.0417071,0.589321,1.72995
963,0,0.595875,-0.162789,1.89021,-0.0417071,0.589321,1.72995
964,0,0.595281,-0.163175,1.89191,-0.0417071,0.589321,1.72995
965,0,0.594885,-0.162806,1.88997,-0.0417071,0.589321,1.72995
966,0,0.595831,-0.163497,1.89191,-0.0417071,0.589321,1.72995
967,0,0.595002,-0.16429,1.89091,-0.0417071,0.589321,1.72995
968,0,0.594504,-0.16395,1.89226,-0.0417071,0.589321,1.72995
969,0,0.594474,-0.163681,1.89124,-0.0417071,0.589321,1.72995
970,0,0.594966,-0.164817,1.89117,-0.0417071,0.589321,1.72995
971,0,0.595515,-0.163326,1.89011,-0.0417071,0.589321,1.72995
972,0,0.596094,-0.163251,1.89196,-0.0417071,0.589321,1.72995
973,0,0.597604,-0.162945,1.89355,-0.0417071,0.589321,1.72995
974,0,0.595155,-0.163014,1.89353,-0.0417071,0.589321,1.72995
975,0,0.594766,-0.163333,1.89062,-0.0417071,0.589321,1.72995
976,0,0.594382,-0.164531,1.8915,-0.0417071,0.589321,1.72995
977,0,0.594429,-0.163874,1.89023,-0.0417071,0.589321,1.72995
978,0,0.595438,-0.16329,1.89062,-0.0417071,0.589321,1.72995
979,0,0.595796,-0.162983,1.89217,-0.0417071,0.589321,1.72995
980,0,0.59556,-0.163693,1.89244,-0.0417071,0.589321,1.72995
981,0,0.595693,-0.163484,1.89243,-0.0417071,0.589321,1.72995
982,0,0.595408,-0.164045,1.8919,-0.0417071,0.589321,1.72995
983,0,0.594919,-0.163767,1.88988,-0.0417071,0.589321,1.72995
984,0,0.594602,-0.163741,1.88987,-0.0417071,0.589321,1.72995
985,0,0.595019,-0.16324,1.89215,-0.0417071,0.589321,1.72995
986,0,0.59448,-0.162887,1.89164,-0.0417071,0.589321,1.72995
988,0,0.595795,-0.163295,1.89157,-0.0417071,0.589321,1.72995
989,0,0.595795,-0.163708,1.891,-0.0417071,0.589321,1.72995
