51,0,0.590631,-0.164305,1.89418,-0.0104338,0.573115,1.71306
52,0,0.590468,-0.162766,1.89166,-0.0104338,0.573115,1.71306
53,0,0.590398,-0.163303,1.89208,-0.0104338,0.573115,1.71306
54,0,0.592012,-0.16399,1.8946,-0.0104338,0.573115,1.71306
55,0,0.590523,-0.163909,1.89196,-0.0104338,0.573115,1.71306
56,0,0.590897,-0.162767,1.8905,-0.0104338,0.573115,1.71306
57,0,0.59197,-0.16378,1.89392,-0.0104338,0.573115,1.71306
58,0,0.590649,-0.163521,1.89185,-0.0104338,0.573115,1.71306
59,0,0.589359,-0.163549,1.89118,-0.0104338,0.573115,1.71306
60,0,0.591638,-0.162872,1.89176,-0.0104338,0.573115,1.71306
61,0,0.591009,-0.163627,1.89139,-0.0104338,0.573115,1.71306
62,0,0.591307,-0.163027,1.89117,-0.0104338,0.573115,1.71306
63,0,0.591415,-0.163034,1.89274,-0.0104338,0.573115,1.71306
64,0,0.590847,-0.164168,1.89079,-0.0104338,0.573115,1.71306
65,0,0.590788,-0.163513,1.893,-0.0104338,0.573115,1.71306
66,0,0.59068,-0.163048,1.89192,-0.0104338,0.573115,1.71306
67,0,0.591081,-0.162836,1.89131,-0.0104338,0.573115,1.71306
68,0,0.590307,-0.164817,1.89173,-0.0104338,0.573115,1.71306
69,0,0.590721,-0.163756,1.89201,-0.0104338,0.573115,1.71306
70,0,0.59115,-0.162565,1.89161,-0.0104338,0.573115,1.71306
71,0,0.591729,-0.163667,1.89299,-0.0104338,0.573115,1.71306
72,0,0.590876,-0.164821,1.89259,-0.0104338,0.573115,1.71306
73,0,0.590279,-0.163106,1.89147,-0.0104338,0.573115,1.71306
74,0,0.590966,-0.163207,1.89261,-0.0104338,0.573115,1.71306
75,0,0.591782,-0.164136,1.89321,-0.0104338,0.573115,1.71306
76,0,0.590587,-0.164028,1.89314,-0.0104338,0.573115,1.71306
77,0,0.591072,-0.164239,1.89269,-0.0104338,0.573115,1.71306
78,0,0.591029,-0.163733,1.89254,-0.0104338,0.573115,1.71306
79,0,0.590919,-0.164562,1.89225,-0.0104338,0.573115,1.71306
80,0,0.591278,-0.164509,1.89362,-0.0104338,0.573115,1.71306
81,0,0.590732,-0.16338,1.89238,-0.0104338,0.573115,1.71306
82,0,0.591621,-0.163823,1.8936,-0.0104338,0.573115,1.71306
83,0,0.59028,-0.164485,1.89204,-0.0104338,0.573115,1.71306
84,0,0.591998,-0.164134,1.8929,-0.0104338,0.573115,1.71306
85,0,0.591331,-0.164777,1.89378,-0.0104338,0.573115,1.71306
86,0,0.591171,-0.16349,1.89414,-0.0104338,0.573115,1.71306
87,0,0.591533,-0.163746,1.89187,-0.0104338,0.573115,1.71306
88,0,0.589861,-0.163845,1.89098,-0.0104338,0.573115,1.71306
89,0,0.590354,-0.163782,1.8916,-0.0104338,0.573115,1.71306
90,0,0.591099,-0.163094,1.89238,-0.0104338,0.573115,1.71306
91,0,0.590974,-0.165038,1.89261,-0.0104338,0.573115,1.71306
92,0,0.590193,-0.163136,1.8922,-0.0104338,0.573115,1.71306
93,0,0.580713,-0.161994,1.86169,-0.0104338,0.573115,1.71306
94,0,0.581299,-0.160328,1.86211,-0.0104338,0.573115,1.71306
95,0,0.581151,-0.161574,1.86164,-0.0104338,0.573115,1.71306
96,0,0.58136,-0.161232,1.86234,-0.0104338,0.573115,1.71306
97,0,0.581128,-0.162828,1.86225,-0.0104338,0.573115,1.71306
98,0,0.580737,-0.161513,1.86216,-0.0104338,0.573115,1.71306
99,0,0.582406,-0.161564,1.8625,-0.0104338,0.573115,1.71306
100,0,0.581943,-0.16114,1.8616,-0.0104338,0.573115,1.71306
101,0,0.581788,-0.161273,1.86266,-0.0104338,0.573115,1.71306
102,0,0.581592,-0.161147,1.86216,-0.0104338,0.573115,1.71306
103,0,0.580678,-0.161981,1.86221,-0.0104338,0.573115,1.71306
104,0,0.582068,-0.162243,1.86402,-0.0104338,0.573115,1.71306
105,0,0.582038,-0.162366,1.86377,-0.0104338,0.573115,1.71306
106,0,0.581329,-0.162581,1.8626,-0.0104338,0.573115,1.71306
107,0,0.582968,-0.161366,1.8625,-0.0104338,0.573115,1.71306
108,0,0.582222,-0.161282,1.86292,-0.0104338,0.573115,1.71306
109,0,0.582449,-0.161503,1.86333,-0.0104338,0.573115,1.71306
110,0,0.582514,-0.161539,1.86387,-0.0104338,0.573115,1.71306
111,0,0.581126,-0.162922,1.86314,-0.0104338,0.573115,1.71306
112,0,0.579791,-0.152403,1.84785,-0.0104338,0.573115,1.71306
113,1,0.576664,-0.146579,1.84453,-0.0104338,0.573115,1.71306
114,1,0.540852,-0.120004,1.80881,-0.0104338,0.573115,1.71306
115,1,0.5451,-0.11953,1.80665,-0.0104338,0.573115,1.71306
116,1,0.555308,-0.12776,1.81427,-0.0104338,0.573115,1.71306
117,1,0.571668,-0.140596,1.82982,-0.0104338,0.573115,1.71306
118,1,0.55599,-0.13598,1.81401,-0.0104338,0.573115,1.71306
119,1,0.564005,-0.139114,1.81254,-0.0104338,0.573115,1.71306
120,1,0.570596,-0.142179,1.81979,-0.0104338,0.573115,1.71306
121,1,0.579181,-0.147278,1.83005,-0.0104338,0.573115,1.71306
122,1,0.572513,-0.148179,1.82729,-0.0104338,0.573115,1.71306
123,1,0.573368,-0.149165,1.82667,-0.0104338,0.573115,1.71306
124,1,0.57223,-0.148914,1.82316,-0.0104338,0.573115,1.71306
125,1,0.57055,-0.151835,1.82566,-0.0104338,0.573115,1.71306
126,1,0.569371,-0.15206,1.82535,-0.0104338,0.573115,1.71306
127,1,0.561656,-0.148774,1.8167,-0.0104338,0.573115,1.71306
128,1,0.565276,-0.153873,1.82301,-0.0104338,0.573115,1.71306
129,1,0.565434,-0.155378,1.82285,-0.0104338,0.573115,1.71306
130,1,0.581436,-0.166796,1.83624,-0.0104338,0.573115,1.71306
131,1,0.576348,-0.168299,1.84452,-0.0104338,0.573115,1.71306
132,1,0.583002,-0.167273,1.84813,-0.0104338,0.573115,1.71306
133,1,0.585096,-0.168707,1.85016,-0.0104338,0.573115,1.71306
134,1,0.582798,-0.162376,1.83898,-0.0104338,0.573115,1.71306
135,1,0.576318,-0.160029,1.83146,-0.0104338,0.573115,1.71306
136,1,0.577132,-0.159035,1.82814,-0.0104338,0.573115,1.71306
137,1,0.57678,-0.15827,1.82627,-0.0104338,0.573115,1.71306
138,1,0.583272,-0.162027,1.8367,-0.0104338,0.573115,1.71306
139,1,0.582859,-0.166666,1.84274,-0.0104338,0.573115,1.71306
140,1,0.581393,-0.158791,1.83491,-0.0104338,0.573115,1.71306
141,1,0.578829,-0.157299,1.83158,-0.0104338,0.573115,1.71306
142,1,0.577398,-0.156154,1.83427,-0.0104338,0.573115,1.71306
143,1,0.571082,-0.144559,1.82145,-0.0104338,0.573115,1.71306
144,1,0.558391,-0.137466,1.80537,-0.0104338,0.573115,1.71306
145,1,0.565516,-0.128575,1.80959,-0.0104338,0.573115,1.71306
146,1,0.559195,-0.124081,1.80229,-0.0104338,0.573115,1.71306
147,1,0.558632,-0.119133,1.79856,-0.0104338,0.573115,1.71306
148,1,0.549982,-0.115425,1.79198,-0.0104338,0.573115,1.71306
149,1,0.537998,-0.106061,1.78121,-0.0104338,0.573115,1.71306
150,1,0.526194,-0.0965653,1.76601,-0.0104338,0.573115,1.71306
151,1,0.5131,-0.0894765,1.75495,-0.0104338,0.573115,1.71306
152,1,0.513777,-0.0916573,1.76212,-0.0104338,0.573115,1.71306
153,1,0.501961,-0.0776628,1.73918,-0.0104338,0.573115,1.71306
154,1,0.487265,-0.0745506,1.7297,-0.0104338,0.573115,1.71306
155,1,0.477364,-0.0748703,1.72372,-0.0104338,0.573115,1.71306
156,1,0.4667,-0.077487,1.71926,-0.0104338,0.573115,1.71306
157,1,0.453441,-0.0742572,1.70639,-0.0104338,0.573115,1.71306
158,1,0.439858,-0.0678522,1.68816,-0.0104338,0.573115,1.71306
159,1,0.431182,-0.073075,1.68661,-0.0104338,0.573115,1.71306
160,1,0.420142,-0.0728553,1.67667,-0.0104338,0.573115,1.71306
161,1,0.408168,-0.0744913,1.66655,-0.0104338,0.573115,1.71306
162,1,0.397468,-0.0763038,1.65593,-0.0104338,0.573115,1.71306
163,1,0.388701,-0.0791147,1.64337,-0.0104338,0.573115,1.71306
164,1,0.379787,-0.0752862,1.63054,-0.0104338,0.573115,1.71306
165,1,0.371141,-0.0838856,1.62349,-0.0104338,0.573115,1.71306
166,1,0.363768,-0.0888343,1.6176,-0.0104338,0.573115,1.71306
167,1,0.358601,-0.0923,1.60843,-0.0104338,0.573115,1.71306
168,1,0.357153,-0.0927166,1.60229,-0.0104338,0.573115,1.71306
169,1,0.352937,-0.0964984,1.59359,-0.0104338,0.573115,1.71306
170,1,0.351513,-0.0999351,1.58678,-0.0104338,0.573115,1.71306
171,1,0.351368,-0.101479,1.57714,-0.0104338,0.573115,1.71306
172,1,0.349781,-0.104618,1.56833,-0.0104338,0.573115,1.71306
173,1,0.349459,-0.10717,1.56015,-0.0104338,0.573115,1.71306
174,1,0.350142,-0.110228,1.55608,-0.0104338,0.573115,1.71306
175,1,0.352604,-0.110428,1.5491,-0.0104338,0.573115,1.71306
176,1,0.353878,-0.112696,1.54178,-0.0104338,0.573115,1.71306
177,1,0.354667,-0.115503,1.53607,-0.0104338,0.573115,1.71306
178,1,0.358354,-0.116512,1.53014,-0.0104338,0.573115,1.71306
179,1,0.360664,-0.118819,1.52411,-0.0104338,0.573115,1.71306
180,1,0.364601,-0.12203,1.52148,-0.0104338,0.573115,1.71306
181,1,0.369004,-0.124051,1.51643,-0.0104338,0.573115,1.71306
182,1,0.37043,-0.125987,1.50804,-0.0104338,0.573115,1.71306
183,1,0.374301,-0.126065,1.50207,-0.0104338,0.573115,1.71306
184,1,0.378881,-0.1348,1.5078,-0.0104338,0.573115,1.71306
185,1,0.376878,-0.139459,1.49664,-0.0104338,0.573115,1.71306
186,1,0.381488,-0.143808,1.49628,-0.0104338,0.573115,1.71306
187,1,0.383879,-0.14825,1.48794,-0.0104338,0.573115,1.71306
188,1,0.384724,-0.153646,1.4841,-0.0104338,0.573115,1.71306
189,1,0.38723,-0.160715,1.48503,-0.0104338,0.573115,1.71306
190,1,0.389488,-0.164352,1.47888,-0.0104338,0.573115,1.71306
191,1,0.387199,-0.171572,1.47154,-0.0104338,0.573115,1.71306
192,1,0.388404,-0.18155,1.47383,-0.0104338,0.573115,1.71306
193,1,0.391726,-0.185191,1.47255,-0.0104338,0.573115,1.71306
194,1,0.388905,-0.192897,1.46583,-0.0104338,0.573115,1.71306
195,1,0.389946,-0.19862,1.45967,-0.0104338,0.573115,1.71306
196,1,0.391555,-0.199729,1.44916,-0.0104338,0.573115,1.71306
197,1,0.395653,-0.19644,1.43827,-0.0104338,0.573115,1.71306
198,1,0.398909,-0.197286,1.43337,-0.0104338,0.573115,1.71306
199,1,0.399576,-0.209239,1.44311,-0.0104338,0.573115,1.71306
200,1,0.403509,-0.207264,1.43284,-0.0104338,0.573115,1.71306
201,1,0.409483,-0.205225,1.42433,-0.0104338,0.573115,1.71306
202,1,0.410814,-0.208742,1.42715,-0.0104338,0.573115,1.71306
203,1,0.415989,-0.201281,1.4157,-0.0104338,0.573115,1.71306
204,1,0.419637,-0.20643,1.41949,-0.0104338,0.573115,1.71306
205,1,0.424343,-0.206535,1.41852,-0.0104338,0.573115,1.71306
206,1,0.429778,-0.203813,1.41317,-0.0104338,0.573115,1.71306
207,1,0.434678,-0.201572,1.41002,-0.0104338,0.573115,1.71306
208,1,0.436951,-0.202583,1.41011,-0.0104338,0.573115,1.71306
209,1,0.437598,-0.206289,1.41151,-0.0104338,0.573115,1.71306
210,1,0.440743,-0.205604,1.40731,-0.0104338,0.573115,1.71306
211,1,0.444279,-0.205682,1.40424,-0.0104338,0.573115,1.71306
212,1,0.447424,-0.203716,1.39782,-0.0104338,0.573115,1.71306
213,1,0.449346,-0.204373,1.3973,-0.0104338,0.573115,1.71306
214,1,0.45186,-0.206088,1.39692,-0.0104338,0.573115,1.71306
215,1,0.451466,-0.209788,1.39854,-0.0104338,0.573115,1.71306
216,1,0.454063,-0.209443,1.39584,-0.0104338,0.573115,1.71306
217,1,0.456984,-0.205883,1.39134,-0.0104338,0.573115,1.71306
218,1,0.458715,-0.206391,1.39165,-0.0104338,0.573115,1.71306
219,1,0.459576,-0.206335,1.3903,-0.0104338,0.573115,1.71306
220,1,0.460121,-0.206784,1.39036,-0.0104338,0.573115,1.71306
221,1,0.459715,-0.208701,1.39262,-0.0104338,0.573115,1.71306
222,1,0.460201,-0.207942,1.39106,-0.0104338,0.573115,1.71306
223,1,0.45991,-0.209705,1.39174,-0.0104338,0.573115,1.71306
224,1,0.460764,-0.209822,1.39236,-0.0104338,0.573115,1.71306
225,1,0.460824,-0.210354,1.39185,-0.0104338,0.573115,1.71306
226,1,0.46078,-0.212243,1.39347,-0.0104338,0.573115,1.71306
227,1,0.461183,-0.212025,1.39262,-0.0104338,0.573115,1.71306
228,1,0.461227,-0.211715,1.39189,-0.0104338,0.573115,1.71306
229,1,0.460987,-0.212238,1.39264,-0.0104338,0.573115,1.71306
230,1,0.462193,-0.210158,1.39097,-0.0104338,0.573115,1.71306
231,1,0.460843,-0.211042,1.39193,-0.0104338,0.573115,1.71306
232,1,0.460943,-0.209692,1.39094,-0.0104338,0.573115,1.71306
233,1,0.460278,-0.21051,1.3928,-0.0104338,0.573115,1.71306
234,1,0.460536,-0.210824,1.3931,-0.0104338,0.573115,1.71306
235,1,0.460155,-0.21067,1.39291,-0.0104338,0.573115,1.71306
236,1,0.459368,-0.210277,1.39192,-0.0104338,0.573115,1.71306
237,1,0.459323,-0.211049,1.39355,-0.0104338,0.573115,1.71306
238,1,0.460602,-0.208169,1.3917,-0.0104338,0.573115,1.71306
239,1,0.460409,-0.208567,1.39216,-0.0104338,0.573115,1.71306
240,1,0.45966,-0.20967,1.39388,-0.0104338,0.573115,1.71306
241,1,0.458324,-0.211102,1.39579,-0.0104338,0.573115,1.71306
242,1,0.45973,-0.209316,1.39363,-0.0104338,0.573115,1.71306
243,1,0.459434,-0.208175,1.39272,-0.0104338,0.573115,1.71306
244,1,0.459596,-0.208065,1.39163,-0.0104338,0.573115,1.71306
245,1,0.459115,-0.209415,1.39463,-0.0104338,0.573115,1.71306
246,1,0.458253,-0.208786,1.39376,-0.0104338,0.573115,1.71306
247,1,0.458243,-0.208106,1.39323,-0.0104338,0.573115,1.71306
248,1,0.457296,-0.206733,1.39224,-0.0104338,0.573115,1.71306
249,1,0.457778,-0.206868,1.39264,-0.0104338,0.573115,1.71306
250,1,0.456655,-0.208255,1.39615,-0.0104338,0.573115,1.71306
251,1,0.457389,-0.205153,1.39261,-0.0104338,0.573115,1.71306
252,1,0.455937,-0.20648,1.39575,-0.0104338,0.573115,1.71306
253,1,0.456105,-0.206929,1.39528,-0.0104338,0.573115,1.71306
254,1,0.455415,-0.207528,1.39735,-0.0104338,0.573115,1.71306
255,1,0.456336,-0.205028,1.39524,-0.0104338,0.573115,1.71306
256,1,0.456194,-0.206357,1.39636,-0.0104338,0.573115,1.71306
257,1,0.456096,-0.205206,1.39735,-0.0104338,0.573115,1.71306
258,1,0.455263,-0.205956,1.39708,-0.0104338,0.573115,1.71306
259,1,0.455774,-0.205741,1.39877,-0.0104338,0.573115,1.71306
260,1,0.457199,-0.201919,1.39363,-0.0104338,0.573115,1.71306
261,1,0.456061,-0.202591,1.39355,-0.0104338,0.573115,1.71306
262,1,0.456366,-0.203205,1.39536,-0.0104338,0.573115,1.71306
263,1,0.455797,-0.202144,1.39526,-0.0104338,0.573115,1.71306
264,1,0.456159,-0.201973,1.3971,-0.0104338,0.573115,1.71306
265,1,0.455913,-0.204028,1.39776,-0.0104338,0.573115,1.71306
266,1,0.455811,-0.204504,1.39527,-0.0104338,0.573115,1.71306
267,1,0.456375,-0.202986,1.39501,-0.0104338,0.573115,1.71306
268,1,0.456267,-0.20341,1.39758,-0.0104338,0.573115,1.71306
269,1,0.455711,-0.20254,1.39552,-0.0104338,0.573115,1.71306
270,1,0.45567,-0.203296,1.39691,-0.0104338,0.573115,1.71306
271,1,0.456626,-0.203003,1.39508,-0.0104338,0.573115,1.71306
272,1,0.455757,-0.202841,1.39507,-0.0104338,0.573115,1.71306
273,1,0.457043,-0.201736,1.39853,-0.0104338,0.573115,1.71306
274,1,0.45521,-0.203377,1.39531,-0.0104338,0.573115,1.71306
275,1,0.456605,-0.203193,1.39503,-0.0104338,0.573115,1.71306
276,1,0.456226,-0.203732,1.3939,-0.0104338,0.573115,1.71306
277,1,0.456207,-0.203151,1.39431,-0.0104338,0.573115,1.71306
278,1,0.454671,-0.205372,1.39613,-0.0104338,0.573115,1.71306
279,1,0.453887,-0.205979,1.39647,-0.0104338,0.573115,1.71306
280,1,0.453657,-0.205279,1.39583,-0.0104338,0.573115,1.71306
281,1,0.453333,-0.206145,1.39754,-0.0104338,0.573115,1.71306
282,1,0.453951,-0.205307,1.39754,-0.0104338,0.573115,1.71306
283,1,0.452763,-0.204811,1.39499,-0.0104338,0.573115,1.71306
284,1,0.452477,-0.203313,1.3949,-0.0104338,0.573115,1.71306
285,1,0.452452,-0.203457,1.39437,-0.0104338,0.573115,1.71306
286,1,0.451638,-0.203819,1.39444,-0.0104338,0.573115,1.71306
287,1,0.452538,-0.203748,1.39709,-0.0104338,0.573115,1.71306
288,1,0.451514,-0.204522,1.39443,-0.0104338,0.573115,1.71306
289,1,0.452142,-0.203614,1.39502,-0.0104338,0.573115,1.71306
290,1,0.452457,-0.202805,1.39884,-0.0104338,0.573115,1.71306
291,1,0.452189,-0.201618,1.39739,-0.0104338,0.573115,1.71306
292,1,0.451475,-0.203995,1.40024,-0.0104338,0.573115,1.71306
293,1,0.451122,-0.202667,1.40199,-0.0104338,0.573115,1.71306
294,1,0.447547,-0.204984,1.40199,-0.0104338,0.573115,1.71306
295,1,0.444605,-0.204054,1.4026,-0.0104338,0.573115,1.71306
296,1,0.442465,-0.202373,1.40466,-0.0104338,0.573115,1.71306
297,1,0.438399,-0.199626,1.4055,-0.0104338,0.573115,1.71306
298,1,0.433529,-0.201634,1.41363,-0.0104338,0.573115,1.71306
299,1,0.429423,-0.196689,1.41661,-0.0104338,0.573115,1.71306
300,1,0.42397,-0.189409,1.4173,-0.0104338,0.573115,1.71306
301,1,0.416522,-0.190873,1.4302,-0.0104338,0.573115,1.71306
302,1,0.40984,-0.188697,1.44443,-0.0104338,0.573115,1.71306
303,1,0.400953,-0.1826,1.45243,-0.0104338,0.573115,1.71306
304,1,0.392631,-0.174668,1.46113,-0.0104338,0.573115,1.71306
305,1,0.382651,-0.164558,1.47248,-0.0104338,0.573115,1.71306
306,1,0.369239,-0.155875,1.47863,-0.0104338,0.573115,1.71306
307,1,0.355838,-0.146757,1.4866,-0.0104338,0.573115,1.71306
308,1,0.34288,-0.130768,1.49115,-0.0104338,0.573115,1.71306
309,1,0.331433,-0.118574,1.50323,-0.0104338,0.573115,1.71306
310,1,0.319157,-0.100406,1.51004,-0.0104338,0.573115,1.71306
311,1,0.307129,-0.0835736,1.51831,-0.0104338,0.573115,1.71306
312,1,0.294884,-0.0664525,1.5238,-0.0104338,0.573115,1.71306
313,1,0.282541,-0.0482759,1.52994,-0.0104338,0.573115,1.71306
314,1,0.271887,-0.0275166,1.53515,-0.0104338,0.573115,1.71306
315,1,0.259659,-0.0106582,1.53933,-0.0104338,0.573115,1.71306
316,1,0.25064,0.00841006,1.53936,-0.0104338,0.573115,1.71306
317,1,0.240467,0.0272624,1.53946,-0.0104338,0.573115,1.71306
318,1,0.232638,0.0445626,1.54027,-0.0104338,0.573115,1.71306
319,1,0.226216,0.0657195,1.53988,-0.0104338,0.573115,1.71306
320,1,0.220092,0.0854885,1.53771,-0.0104338,0.573115,1.71306
321,1,0.215714,0.10738,1.53715,-0.0104338,0.573115,1.71306
322,1,0.210347,0.13154,1.5361,-0.0104338,0.573115,1.71306
323,1,0.205528,0.154728,1.53321,-0.0104338,0.573115,1.71306
324,1,0.20072,0.176188,1.53318,-0.0104338,0.573115,1.71306
325,1,0.196349,0.198236,1.53456,-0.0104338,0.573115,1.71306
326,1,0.191577,0.217037,1.53644,-0.0104338,0.573115,1.71306
327,1,0.188115,0.243633,1.53115,-0.0104338,0.573115,1.71306
328,1,0.184608,0.254328,1.53879,-0.0104338,0.573115,1.71306
329,1,0.177551,0.263679,1.5435,-0.0104338,0.573115,1.71306
330,1,0.174394,0.280144,1.5456,-0.0104338,0.573115,1.71306
331,1,0.166788,0.290138,1.55094,-0.0104338,0.573115,1.71306
332,1,0.163643,0.3043,1.55322,-0.0104338,0.573115,1.71306
333,1,0.157775,0.31199,1.55889,-0.0104338,0.573115,1.71306
334,1,0.15313,0.323696,1.56374,-0.0104338,0.573115,1.71306
335,1,0.149179,0.336918,1.56545,-0.0104338,0.573115,1.71306
336,1,0.143295,0.349732,1.56841,-0.0104338,0.573115,1.71306
337,1,0.137765,0.361154,1.57225,-0.0104338,0.573115,1.71306
338,1,0.129693,0.367193,1.57822,-0.0104338,0.573115,1.71306
339,1,0.125559,0.375943,1.58115,-0.0104338,0.573115,1.71306
340,1,0.116744,0.386503,1.58474,-0.0104338,0.573115,1.71306
341,1,0.110163,0.397625,1.58991,-0.0104338,0.573115,1.71306
342,1,0.103652,0.402859,1.59505,-0.0104338,0.573115,1.71306
343,1,0.0988063,0.412375,1.59814,-0.0104338,0.573115,1.71306
344,1,0.0929305,0.420911,1.60194,-0.0104338,0.573115,1.71306
345,1,0.0864506,0.429776,1.60371,-0.0104338,0.573115,1.71306
346,1,0.0796256,0.434834,1.60679,-0.0104338,0.573115,1.71306
347,1,0.0769235,0.444495,1.61042,-0.0104338,0.573115,1.71306
348,1,0.0724708,0.451482,1.61364,-0.0104338,0.573115,1.71306
349,1,0.0673602,0.454341,1.61713,-0.0104338,0.573115,1.71306
350,1,0.0640653,0.459928,1.61944,-0.0104338,0.573115,1.71306
351,1,0.0599621,0.46347,1.62282,-0.0104338,0.573115,1.71306
352,1,0.0556647,0.468875,1.62663,-0.0104338,0.573115,1.71306
353,1,0.0516398,0.471527,1.6304,-0.0104338,0.573115,1.71306
354,1,0.0483227,0.474956,1.63165,-0.0104338,0.573115,1.71306
355,1,0.0457547,0.479466,1.6323,-0.0104338,0.573115,1.71306
356,1,0.0419596,0.483384,1.63337,-0.0104338,0.573115,1.71306
357,1,0.0359617,0.488732,1.63652,-0.0104338,0.573115,1.71306
358,1,0.0338374,0.491475,1.64014,-0.0104338,0.573115,1.71306
359,1,0.0287132,0.497535,1.64419,-0.0104338,0.573115,1.71306
360,1,0.0281237,0.500957,1.64715,-0.0104338,0.573115,1.71306
361,1,0.0243531,0.505458,1.6508,-0.0104338,0.573115,1.71306
362,1,0.0229547,0.507109,1.65388,-0.0104338,0.573115,1.71306
363,1,0.0226534,0.512382,1.6547,-0.0104338,0.573115,1.71306
364,1,0.0188571,0.513203,1.65703,-0.0104338,0.573115,1.71306
365,1,0.0185694,0.514062,1.6574,-0.0104338,0.573115,1.71306
366,1,0.0182218,0.516583,1.65779,-0.0104338,0.573115,1.71306
367,1,0.0161345,0.519724,1.66037,-0.0104338,0.573115,1.71306
368,1,0.0149757,0.52025,1.6616,-0.0104338,0.573115,1.71306
369,1,0.0150198,0.520139,1.66251,-0.0104338,0.573115,1.71306
370,1,0.0145091,0.521446,1.66397,-0.0104338,0.573115,1.71306
371,1,0.0144324,0.52179,1.66407,-0.0104338,0.573115,1.71306
372,1,0.014014,0.520711,1.66375,-0.0104338,0.573115,1.71306
373,1,0.0138076,0.522108,1.66462,-0.0104338,0.573115,1.71306
374,1,0.0110964,0.523463,1.66502,-0.0104338,0.573115,1.71306
375,1,0.0105431,0.524289,1.66545,-0.0104338,0.573115,1.71306
376,1,0.0102726,0.524086,1.6655,-0.0104338,0.573115,1.71306
377,1,0.00996678,0.524082,1.66542,-0.0104338,0.573115,1.71306
378,1,0.0108584,0.523795,1.66566,-0.0104338,0.573115,1.71306
379,1,0.0093227,0.524797,1.66681,-0.0104338,0.573115,1.71306
380,1,0.00973679,0.524266,1.6662,-0.0104338,0.573115,1.71306
381,1,0.00934718,0.523904,1.66564,-0.0104338,0.573115,1.71306
382,1,0.0101657,0.523778,1.66517,-0.0104338,0.573115,1.71306
383,1,0.0110573,0.521282,1.66395,-0.0104338,0.573115,1.71306
384,1,0.0112445,0.520354,1.66393,-0.0104338,0.573115,1.71306
385,1,0.00954577,0.523129,1.66639,-0.0104338,0.573115,1.71306
386,1,0.0103376,0.519809,1.66448,-0.0104338,0.573115,1.71306
387,1,0.00953708,0.520514,1.6661,-0.0104338,0.573115,1.71306
388,1,0.00775951,0.519236,1.66709,-0.0104338,0.573115,1.71306
389,1,0.00861675,0.514123,1.66536,-0.0104338,0.573115,1.71306
390,1,0.00510514,0.512117,1.66665,-0.0104338,0.573115,1.71306
391,1,0.00561873,0.505923,1.66349,-0.0104338,0.573115,1.71306
392,1,0.00804442,0.49605,1.65979,-0.0104338,0.573115,1.71306
393,1,0.00995345,0.489215,1.65759,-0.0104338,0.573115,1.71306
394,1,0.00998703,0.475656,1.65373,-0.0104338,0.573115,1.71306
395,1,0.0108376,0.461003,1.65101,-0.0104338,0.573115,1.71306
396,1,0.0124679,0.443749,1.64301,-0.0104338,0.573115,1.71306
397,1,0.0148806,0.427016,1.63751,-0.0104338,0.573115,1.71306
398,1,0.0153884,0.40571,1.63428,-0.0104338,0.573115,1.71306
399,1,0.0187175,0.386794,1.62962,-0.0104338,0.573115,1.71306
400,1,0.0208593,0.362205,1.62404,-0.0104338,0.573115,1.71306
401,1,0.0205825,0.337258,1.62062,-0.0104338,0.573115,1.71306
402,1,0.0210813,0.317124,1.61555,-0.0104338,0.573115,1.71306
403,1,0.0232833,0.287305,1.61069,-0.0104338,0.573115,1.71306
404,1,0.0218443,0.260445,1.60843,-0.0104338,0.573115,1.71306
405,1,0.0213948,0.235981,1.60873,-0.0104338,0.573115,1.71306
406,1,0.0211885,0.210001,1.60803,-0.0104338,0.573115,1.71306
407,1,0.0188643,0.184122,1.60815,-0.0104338,0.573115,1.71306
408,1,0.0185037,0.162775,1.60959,-0.0104338,0.573115,1.71306
409,1,0.0168292,0.141981,1.61174,-0.0104338,0.573115,1.71306
410,1,0.0148224,0.12176,1.61357,-0.0104338,0.573115,1.71306
411,1,0.0117373,0.0993378,1.61608,-0.0104338,0.573115,1.71306
412,1,0.00927989,0.0788363,1.62107,-0.0104338,0.573115,1.71306
413,1,0.00731277,0.0581199,1.6263,-0.0104338,0.573115,1.71306
414,1,0.00604701,0.0358317,1.62952,-0.0104338,0.573115,1.71306
415,1,0.00370234,0.0121783,1.63778,-0.0104338,0.573115,1.71306
416,1,0.00126681,-0.0117119,1.64355,-0.0104338,0.573115,1.71306
417,1,-0.000813205,-0.0361587,1.65077,-0.0104338,0.573115,1.71306
418,1,-0.00345721,-0.0604609,1.65849,-0.0104338,0.573115,1.71306
419,1,-0.0042524,-0.0826243,1.66808,-0.0104338,0.573115,1.71306
420,1,-0.00703281,-0.104775,1.67846,-0.0104338,0.573115,1.71306
421,1,-0.00967055,-0.12709,1.68961,-0.0104338,0.573115,1.71306
422,1,-0.0138685,-0.146769,1.69838,-0.0104338,0.573115,1.71306
423,1,-0.0166853,-0.163149,1.70681,-0.0104338,0.573115,1.71306
424,1,-0.0208811,-0.176321,1.71531,-0.0104338,0.573115,1.71306
425,1,-0.0236725,-0.188694,1.72382,-0.0104338,0.573115,1.71306
426,1,-0.0270369,-0.196475,1.72631,-0.0104338,0.573115,1.71306
427,1,-0.0301944,-0.20498,1.73326,-0.0104338,0.573115,1.71306
428,1,-0.0342194,-0.210723,1.73552,-0.0104338,0.573115,1.71306
429,1,-0.035198,-0.214198,1.73999,-0.0104338,0.573115,1.71306
430,1,-0.0365885,-0.219051,1.7439,-0.0104338,0.573115,1.71306
431,1,-0.0360774,-0.224048,1.74446,-0.0104338,0.573115,1.71306
432,1,-0.0358703,-0.227051,1.74795,-0.0104338,0.573115,1.71306
433,1,-0.0362794,-0.22996,1.74861,-0.0104338,0.573115,1.71306
434,1,-0.036904,-0.232579,1.75241,-0.0104338,0.573115,1.71306
435,1,-0.0370375,-0.235661,1.75619,-0.0104338,0.573115,1.71306
436,1,-0.0380248,-0.238597,1.75813,-0.0104338,0.573115,1.71306
437,1,-0.0383789,-0.239928,1.76216,-0.0104338,0.573115,1.71306
438,1,-0.0371589,-0.240844,1.76467,-0.0104338,0.573115,1.71306
439,1,-0.0371628,-0.24515,1.76748,-0.0104338,0.573115,1.71306
440,1,-0.0358677,-0.249367,1.77055,-0.0104338,0.573115,1.71306
441,1,-0.0347552,-0.251852,1.77271,-0.0104338,0.573115,1.71306
442,1,-0.0349084,-0.252577,1.77795,-0.0104338,0.573115,1.71306
443,1,-0.0347949,-0.255916,1.7815,-0.0104338,0.573115,1.71306
444,1,-0.0354215,-0.257154,1.78327,-0.0104338,0.573115,1.71306
445,1,-0.0352983,-0.258771,1.78699,-0.0104338,0.573115,1.71306
446,1,-0.0345844,-0.25892,1.78676,-0.0104338,0.573115,1.71306
447,1,-0.0351467,-0.258217,1.78766,-0.0104338,0.573115,1.71306
448,1,-0.0355498,-0.261109,1.78705,-0.0104338,0.573115,1.71306
449,1,-0.0359345,-0.259522,1.78567,-0.0104338,0.573115,1.71306
450,1,-0.0359024,-0.260589,1.78611,-0.0104338,0.573115,1.71306
451,1,-0.0351324,-0.259777,1.78688,-0.0104338,0.573115,1.71306
452,1,-0.0351863,-0.258612,1.78648,-0.0104338,0.573115,1.71306
453,1,-0.0353953,-0.259798,1.78435,-0.0104338,0.573115,1.71306
454,1,-0.0351252,-0.258489,1.78629,-0.0104338,0.573115,1.71306
455,1,-0.0350493,-0.261465,1.78665,-0.0104338,0.573115,1.71306
456,1,-0.0351826,-0.260138,1.78682,-0.0104338,0.573115,1.71306
457,1,-0.0348082,-0.2597,1.78648,-0.0104338,0.573115,1.71306
458,1,-0.0343894,-0.260695,1.78502,-0.0104338,0.573115,1.71306
459,1,-0.0353479,-0.261323,1.78465,-0.0104338,0.573115,1.71306
460,1,-0.034683,-0.260684,1.78524,-0.0104338,0.573115,1.71306
461,1,-0.0360725,-0.259799,1.78525,-0.0104338,0.573115,1.71306
462,1,-0.0359623,-0.259322,1.78209,-0.0104338,0.573115,1.71306
463,1,-0.0374287,-0.258038,1.78268,-0.0104338,0.573115,1.71306
464,1,-0.038784,-0.258785,1.7859,-0.0104338,0.573115,1.71306
465,1,-0.0398152,-0.258366,1.78558,-0.0104338,0.573115,1.71306
466,1,-0.0410515,-0.257717,1.78366,-0.0104338,0.573115,1.71306
467,1,-0.0417155,-0.256669,1.78704,-0.0104338,0.573115,1.71306
468,0,-0.0394221,-0.258927,1.78958,-0.0104338,0.573115,1.71306
469,0,-0.0395996,-0.257878,1.78872,-0.0104338,0.573115,1.71306
470,0,-0.0390595,-0.259104,1.78885,-0.0104338,0.573115,1.71306
471,0,-0.0373957,-0.261008,1.78632,-0.0104338,0.573115,1.71306
472,0,-0.0406653,-0.257318,1.78888,-0.0104338,0.573115,1.71306
473,0,-0.0402682,-0.257724,1.78978,-0.0104338,0.573115,1.71306
474,0,-0.0382531,-0.259259,1.78708,-0.0104338,0.573115,1.71306
475,0,-0.0377158,-0.261327,1.78907,-0.0104338,0.573115,1.71306
476,0,-0.038592,-0.260812,1.78678,-0.0104338,0.573115,1.71306
477,0,-0.0385574,-0.260979,1.7879,-0.0104338,0.573115,1.71306
478,0,-0.0399411,-0.258489,1.79027,-0.0104338,0.573115,1.71306
479,0,-0.038951,-0.260617,1.78767,-0.0104338,0.573115,1.71306
480,0,-0.0401325,-0.258922,1.78973,-0.0104338,0.573115,1.71306
481,0,-0.0406486,-0.258161,1.79029,-0.0104338,0.573115,1.71306
482,0,-0.0378782,-0.260069,1.78855,-0.0104338,0.573115,1.71306
483,0,-0.0386988,-0.25879,1.79027,-0.0104338,0.573115,1.71306
484,0,-0.0374883,-0.260799,1.78705,-0.0104338,0.573115,1.71306
485,0,-0.0381632,-0.25895,1.78735,-0.0104338,0.573115,1.71306
486,0,-0.0371565,-0.260928,1.78671,-0.0104338,0.573115,1.71306
487,0,-0.0404979,-0.257407,1.79139,-0.0104338,0.573115,1.71306
488,0,-0.0409861,-0.257475,1.79066,-0.0104338,0.573115,1.71306
489,0,-0.0393783,-0.258462,1.791,-0.0104338,0.573115,1.71306
490,0,-0.0378976,-0.260434,1.7865,-0.0104338,0.573115,1.71306
491,0,-0.0394781,-0.257255,1.7907,-0.0104338,0.573115,1.71306
492,0,-0.0404663,-0.258405,1.79105,-0.0104338,0.573115,1.71306
493,0,-0.0375946,-0.261521,1.78791,-0.0104338,0.573115,1.71306
494,0,-0.0407273,-0.258398,1.79036,-0.0104338,0.573115,1.71306
495,0,-0.0399374,-0.256532,1.78995,-0.0104338,0.573115,1.71306
496,0,-0.0408246,-0.25749,1.79122,-0.0104338,0.573115,1.71306
497,0,-0.0402495,-0.257489,1.78927,-0.0104338,0.573115,1.71306
498,0,-0.039848,-0.257974,1.78981,-0.0104338,0.573115,1.71306
499,0,-0.0375513,-0.261599,1.78744,-0.0104338,0.573115,1.71306
500,0,-0.0389237,-0.259601,1.79054,-0.0104338,0.573115,1.71306
501,0,-0.0378763,-0.260813,1.78788,-0.0104338,0.573115,1.71306
502,0,-0.0404462,-0.257239,1.79145,-0.0104338,0.573115,1.71306
503,0,-0.0390245,-0.258497,1.78936,-0.0104338,0.573115,1.71306
504,0,-0.0370712,-0.26037,1.7866,-0.0104338,0.573115,1.71306
505,0,-0.0387048,-0.259364,1.79063,-0.0104338,0.573115,1.71306
506,0,-0.0384546,-0.25983,1.79045,-0.0104338,0.573115,1.71306
507,0,-0.0394749,-0.258249,1.79149,-0.0104338,0.573115,1.71306
508,0,-0.0394567,-0.257339,1.79008,-0.0104338,0.573115,1.71306
509,0,-0.0401111,-0.257865,1.79049,-0.0104338,0.573115,1.71306
510,0,-0.0397912,-0.258544,1.79074,-0.0104338,0.573115,1.71306
511,0,-0.0375986,-0.261005,1.78869,-0.0104338,0.573115,1.71306
512,0,-0.0392396,-0.259031,1.79005,-0.0104338,0.573115,1.71306
513,0,-0.0389205,-0.259274,1.78938,-0.0104338,0.573115,1.71306
514,0,-0.0400167,-0.258062,1.79094,-0.0104338,0.573115,1.71306
515,0,-0.0403206,-0.257806,1.79033,-0.0104338,0.573115,1.71306
516,0,-0.038452,-0.260489,1.78935,-0.0104338,0.573115,1.71306
517,0,-0.0398514,-0.257566,1.79099,-0.0104338,0.573115,1.71306
518,0,-0.0393746,-0.257328,1.79144,-0.0104338,0.573115,1.71306
519,0,-0.0397344,-0.259584,1.78984,-0.0104338,0.573115,1.71306
520,0,-0.0404519,-0.258297,1.79132,-0.0104338,0.573115,1.71306
521,0,-0.038597,-0.258576,1.79046,-0.0104338,0.573115,1.71306
522,0,-0.0383556,-0.259918,1.78952,-0.0104338,0.573115,1.71306
523,0,-0.0392168,-0.259239,1.79004,-0.0104338,0.573115,1.71306
524,0,-0.0398679,-0.259632,1.79156,-0.0104338,0.573115,1.71306
525,0,-0.0365821,-0.261953,1.78791,-0.0104338,0.573115,1.71306
526,0,-0.0386927,-0.26021,1.79103,-0.0104338,0.573115,1.71306
527,0,-0.0412302,-0.25771,1.79093,-0.0104338,0.573115,1.71306
528,0,-0.0386238,-0.261831,1.78811,-0.0104338,0.573115,1.71306
529,0,-0.0395309,-0.258383,1.79033,-0.0104338,0.573115,1.71306
530,0,-0.0403233,-0.259164,1.79044,-0.0104338,0.573115,1.71306
531,0,-0.0378919,-0.261883,1.78799,-0.0104338,0.573115,1.71306
532,0,-0.0400529,-0.258264,1.78977,-0.0104338,0.573115,1.71306
533,0,-0.0391292,-0.260096,1.7891,-0.0104338,0.573115,1.71306
534,0,-0.0397749,-0.259794,1.78995,-0.0104338,0.573115,1.71306
535,0,-0.0379803,-0.261047,1.78943,-0.0104338,0.573115,1.71306
536,0,-0.0401439,-0.259479,1.78988,-0.0104338,0.573115,1.71306
537,0,-0.0381001,-0.261305,1.78919,-0.0104338,0.573115,1.71306
538,0,-0.0409824,-0.259084,1.78954,-0.0104338,0.573115,1.71306
539,0,-0.0382528,-0.260259,1.78759,-0.0104338,0.573115,1.71306
540,0,-0.0399812,-0.258044,1.78976,-0.0104338,0.573115,1.71306
541,0,-0.041748,-0.257702,1.79126,-0.0104338,0.573115,1.71306
542,0,-0.0393223,-0.260817,1.78848,-0.0104338,0.573115,1.71306
543,0,-0.0402579,-0.259254,1.78955,-0.0104338,0.573115,1.71306
544,0,-0.0408345,-0.258577,1.78968,-0.0104338,0.573115,1.71306
545,0,-0.0411042,-0.258897,1.79036,-0.0104338,0.573115,1.71306
546,0,-0.0460745,-0.253584,1.78937,-0.0104338,0.573115,1.71306
547,0,-0.0436318,-0.255094,1.78681,-0.0104338,0.573115,1.71306
548,1,-0.0419265,-0.255799,1.78681,-0.0104338,0.573115,1.71306
549,1,-0.0417203,-0.256855,1.79061,-0.0104338,0.573115,1.71306
550,1,-0.0393791,-0.258916,1.78765,-0.0104338,0.573115,1.71306
551,1,-0.040753,-0.257778,1.7874,-0.0104338,0.573115,1.71306
552,1,-0.0381208,-0.258576,1.78694,-0.0104338,0.573115,1.71306
553,1,-0.0380681,-0.258175,1.78606,-0.0104338,0.573115,1.71306
554,1,-0.0374363,-0.257186,1.78407,-0.0104338,0.573115,1.71306
555,1,-0.0362618,-0.259144,1.78336,-0.0104338,0.573115,1.71306
556,1,-0.0355175,-0.261039,1.78493,-0.0104338,0.573115,1.71306
557,1,-0.0354347,-0.260967,1.78435,-0.0104338,0.573115,1.71306
558,1,-0.0353801,-0.260758,1.78317,-0.0104338,0.573115,1.71306
559,1,-0.034251,-0.259438,1.78309,-0.0104338,0.573115,1.71306
560,1,-0.0341079,-0.258899,1.78186,-0.0104338,0.573115,1.71306
561,1,-0.0337632,-0.258778,1.78438,-0.0104338,0.573115,1.71306
562,1,-0.0339594,-0.259292,1.78365,-0.0104338,0.573115,1.71306
563,1,-0.0337595,-0.258636,1.78401,-0.0104338,0.573115,1.71306
564,1,-0.0326912,-0.259579,1.78457,-0.0104338,0.573115,1.71306
565,1,-0.0318066,-0.252931,1.7813,-0.0104338,0.573115,1.71306
566,1,-0.0299929,-0.249893,1.78113,-0.0104338,0.573115,1.71306
567,1,-0.0282894,-0.243844,1.78066,-0.0104338,0.573115,1.71306
568,1,-0.0263897,-0.239055,1.78051,-0.0104338,0.573115,1.71306
569,1,-0.0250736,-0.234258,1.77473,-0.0104338,0.573115,1.71306
570,1,-0.0232546,-0.22948,1.77188,-0.0104338,0.573115,1.71306
571,1,-0.020924,-0.218192,1.76803,-0.0104338,0.573115,1.71306
572,1,-0.0199243,-0.211417,1.76736,-0.0104338,0.573115,1.71306
573,1,-0.0173603,-0.20079,1.76511,-0.0104338,0.573115,1.71306
574,1,-0.0185088,-0.190523,1.76128,-0.0104338,0.573115,1.71306
575,1,-0.0175267,-0.176537,1.75292,-0.0104338,0.573115,1.71306
576,1,-0.0168704,-0.163507,1.74829,-0.0104338,0.573115,1.71306
577,1,-0.0145242,-0.143213,1.73921,-0.0104338,0.573115,1.71306
578,1,-0.0133747,-0.121327,1.73361,-0.0104338,0.573115,1.71306
579,1,-0.0117538,-0.100823,1.7247,-0.0104338,0.573115,1.71306
580,1,-0.0103055,-0.0776642,1.71581,-0.0104338,0.573115,1.71306
581,1,-0.0091265,-0.0510044,1.70856,-0.0104338,0.573115,1.71306
582,1,-0.00847142,-0.0231663,1.70139,-0.0104338,0.573115,1.71306
583,1,-0.00696752,0.00529675,1.6944,-0.0104338,0.573115,1.71306
584,1,-0.0066763,0.0346704,1.68522,-0.0104338,0.573115,1.71306
585,1,-0.00643262,0.0631687,1.67704,-0.0104338,0.573115,1.71306
586,1,-0.00627609,0.093971,1.67154,-0.0104338,0.573115,1.71306
587,1,-0.00427883,0.126999,1.66549,-0.0104338,0.573115,1.71306
588,1,-0.00433891,0.154695,1.66137,-0.0104338,0.573115,1.71306
589,1,-0.00410631,0.184201,1.65989,-0.0104338,0.573115,1.71306
590,1,-0.00405019,0.213561,1.65824,-0.0104338,0.573115,1.71306
591,1,-0.00360089,0.240591,1.65612,-0.0104338,0.573115,1.71306
592,1,-0.00724068,0.2646,1.65459,-0.0104338,0.573115,1.71306
593,1,-0.00776848,0.286527,1.65521,-0.0104338,0.573115,1.71306
594,1,-0.00907259,0.312487,1.65561,-0.0104338,0.573115,1.71306
595,1,-0.0105455,0.334295,1.65719,-0.0104338,0.573115,1.71306
596,1,-0.0123834,0.354519,1.65656,-0.0104338,0.573115,1.71306
597,1,-0.0119159,0.372209,1.65847,-0.0104338,0.573115,1.71306
598,1,-0.0106841,0.38701,1.65894,-0.0104338,0.573115,1.71306
599,1,-0.0130714,0.404921,1.66089,-0.0104338,0.573115,1.71306
600,1,-0.0121496,0.417708,1.66105,-0.0104338,0.573115,1.71306
601,1,-0.0148308,0.432231,1.66301,-0.0104338,0.573115,1.71306
602,1,-0.0178515,0.443638,1.66456,-0.0104338,0.573115,1.71306
603,1,-0.0178479,0.453734,1.66563,-0.0104338,0.573115,1.71306
604,1,-0.0132714,0.460665,1.66324,-0.0104338,0.573115,1.71306
605,1,-0.0183048,0.471678,1.66682,-0.0104338,0.573115,1.71306
606,1,-0.016699,0.479746,1.66744,-0.0104338,0.573115,1.71306
607,1,-0.0142993,0.486057,1.66637,-0.0104338,0.573115,1.71306
608,1,-0.0149,0.490225,1.66678,-0.0104338,0.573115,1.71306
609,1,-0.0140368,0.493778,1.66551,-0.0104338,0.573115,1.71306
610,1,-0.014184,0.499882,1.66731,-0.0104338,0.573115,1.71306
611,1,-0.0150315,0.507133,1.66783,-0.0104338,0.573115,1.71306
612,1,-0.0156389,0.512294,1.67077,-0.0104338,0.573115,1.71306
613,1,-0.0146841,0.515887,1.67113,-0.0104338,0.573115,1.71306
614,1,-0.0138415,0.518372,1.6692,-0.0104338,0.573115,1.71306
615,1,-0.0148592,0.522213,1.67148,-0.0104338,0.573115,1.71306
616,1,-0.0134484,0.523997,1.6713,-0.0104338,0.573115,1.71306
617,1,-0.0133709,0.526204,1.67317,-0.0104338,0.573115,1.71306
618,1,-0.0129103,0.527782,1.67422,-0.0104338,0.573115,1.71306
619,1,-0.0118641,0.52787,1.67362,-0.0104338,0.573115,1.71306
620,1,-0.0107372,0.527359,1.67292,-0.0104338,0.573115,1.71306
621,1,-0.00942271,0.528102,1.67343,-0.0104338,0.573115,1.71306
622,1,-0.00861005,0.526941,1.67243,-0.0104338,0.573115,1.71306
623,1,-0.00793012,0.52737,1.67327,-0.0104338,0.573115,1.71306
624,1,-0.00707412,0.526284,1.67247,-0.0104338,0.573115,1.71306
625,1,-0.00577192,0.527258,1.67327,-0.0104338,0.573115,1.71306
626,1,-0.00520151,0.526421,1.6725,-0.0104338,0.573115,1.71306
627,1,-0.00377705,0.524746,1.67214,-0.0104338,0.573115,1.71306
628,1,-0.00329028,0.525555,1.67215,-0.0104338,0.573115,1.71306
629,1,-0.0028142,0.527024,1.67285,-0.0104338,0.573115,1.71306
630,1,-0.00223338,0.523363,1.66916,-0.0104338,0.573115,1.71306
631,1,-0.00193815,0.5282,1.67308,-0.0104338,0.573115,1.71306
632,1,-0.00194381,0.52403,1.6688,-0.0104338,0.573115,1.71306
633,1,-0.00223779,0.527517,1.67302,-0.0104338,0.573115,1.71306
634,1,-0.00214203,0.523716,1.66954,-0.0104338,0.573115,1.71306
635,1,-0.00193938,0.527119,1.67403,-0.0104338,0.573115,1.71306
636,1,-0.00215061,0.527022,1.67452,-0.0104338,0.573115,1.71306
637,1,-0.0025157,0.526708,1.67434,-0.0104338,0.573115,1.71306
638,1,-0.00270754,0.526094,1.67462,-0.0104338,0.573115,1.71306
639,1,-0.00365105,0.521814,1.67112,-0.0104338,0.573115,1.71306
640,1,-0.00311506,0.524424,1.67415,-0.0104338,0.573115,1.71306
641,1,-0.00483603,0.522922,1.67601,-0.0104338,0.573115,1.71306
642,1,-0.00589054,0.522018,1.67564,-0.0104338,0.573115,1.71306
643,1,-0.00637446,0.518322,1.67318,-0.0104338,0.573115,1.71306
644,1,-0.00894064,0.511953,1.66914,-0.0104338,0.573115,1.71306
645,1,-0.0106909,0.507133,1.66751,-0.0104338,0.573115,1.71306
646,1,-0.0151673,0.498737,1.66441,-0.0104338,0.573115,1.71306
647,1,-0.0180465,0.486612,1.66007,-0.0104338,0.573115,1.71306
648,1,-0.0198395,0.47294,1.65494,-0.0104338,0.573115,1.71306
649,1,-0.0221842,0.458083,1.65147,-0.0104338,0.573115,1.71306
650,1,-0.0258199,0.442,1.64807,-0.0104338,0.573115,1.71306
651,1,-0.0288669,0.425946,1.64712,-0.0104338,0.573115,1.71306
652,1,-0.0332244,0.409756,1.64715,-0.0104338,0.573115,1.71306
653,1,-0.0374423,0.394927,1.64734,-0.0104338,0.573115,1.71306
654,1,-0.0427491,0.382163,1.64685,-0.0104338,0.573115,1.71306
655,1,-0.0489968,0.363827,1.64903,-0.0104338,0.573115,1.71306
656,1,-0.0564814,0.349584,1.65272,-0.0104338,0.573115,1.71306
657,1,-0.0632179,0.335047,1.65696,-0.0104338,0.573115,1.71306
658,1,-0.0697192,0.319827,1.66035,-0.0104338,0.573115,1.71306
659,1,-0.0770707,0.303882,1.66561,-0.0104338,0.573115,1.71306
661,1,-0.0863642,0.290058,1.67038,-0.0104338,0.573115,1.71306
662,1,-0.102519,0.273471,1.67591,-0.0104338,0.573115,1.71306
663,1,-0.113322,0.262801,1.68045,-0.0104338,0.573115,1.71306
664,1,-0.125623,0.253965,1.68523,-0.0104338,0.573115,1.71306
665,1,-0.137127,0.246934,1.68716,-0.0104338,0.573115,1.71306
666,1,-0.1509,0.243709,1.68768,-0.0104338,0.573115,1.71306
667,1,-0.16258,0.234679,1.69037,-0.0104338,0.573115,1.71306
668,1,-0.180378,0.230201,1.69339,-0.0104338,0.573115,1.71306
669,1,-0.196619,0.227425,1.69696,-0.0104338,0.573115,1.71306
670,1,-0.21672,0.225062,1.69866,-0.0104338,0.573115,1.71306
671,1,-0.235941,0.221923,1.70043,-0.0104338,0.573115,1.71306
672,1,-0.255261,0.220172,1.70092,-0.0104338,0.573115,1.71306
673,1,-0.276648,0.21357,1.70105,-0.0104338,0.573115,1.71306
674,1,-0.296607,0.209991,1.69984,-0.0104338,0.573115,1.71306
675,1,-0.316254,0.20141,1.69872,-0.0104338,0.573115,1.71306
676,1,-0.337297,0.190947,1.6983,-0.0104338,0.573115,1.71306
677,1,-0.356451,0.18286,1.70264,-0.0104338,0.573115,1.71306
678,1,-0.375917,0.166827,1.70186,-0.0104338,0.573115,1.71306
679,1,-0.396674,0.150879,1.70338,-0.0104338,0.573115,1.71306
680,1,-0.415524,0.132066,1.70575,-0.0104338,0.573115,1.71306
681,1,-0.433082,0.111572,1.7061,-0.0104338,0.573115,1.71306
682,1,-0.44796,0.0894012,1.70891,-0.0104338,0.573115,1.71306
683,1,-0.463626,0.0640935,1.71335,-0.0104338,0.573115,1.71306
684,1,-0.476281,0.0363849,1.7193,-0.0104338,0.573115,1.71306
685,1,-0.488598,0.0133342,1.72592,-0.0104338,0.573115,1.71306
686,1,-0.50112,-0.00798022,1.73297,-0.0104338,0.573115,1.71306
687,1,-0.50724,-0.0320376,1.73538,-0.0104338,0.573115,1.71306
688,1,-0.514623,-0.0539817,1.73866,-0.0104338,0.573115,1.71306
689,1,-0.521562,-0.0735288,1.74474,-0.0104338,0.573115,1.71306
690,1,-0.526139,-0.0926561,1.74724,-0.0104338,0.573115,1.71306
691,1,-0.533175,-0.10492,1.75551,-0.0104338,0.573115,1.71306
692,1,-0.534456,-0.121992,1.75763,-0.0104338,0.573115,1.71306
693,1,-0.532218,-0.139341,1.75372,-0.0104338,0.573115,1.71306
694,1,-0.535075,-0.147336,1.7547,-0.0104338,0.573115,1.71306
695,1,-0.535498,-0.156046,1.75502,-0.0104338,0.573115,1.71306
696,1,-0.537654,-0.167207,1.7573,-0.0104338,0.573115,1.71306
697,1,-0.541517,-0.174027,1.76143,-0.0104338,0.573115,1.71306
698,1,-0.538403,-0.183737,1.7584,-0.0104338,0.573115,1.71306
699,1,-0.543513,-0.185717,1.76352,-0.0104338,0.573115,1.71306
700,1,-0.542014,-0.194568,1.7638,-0.0104338,0.573115,1.71306
701,1,-0.539024,-0.202912,1.76469,-0.0104338,0.573115,1.71306
702,1,-0.541369,-0.206683,1.76526,-0.0104338,0.573115,1.71306
703,1,-0.540938,-0.21123,1.76696,-0.0104338,0.573115,1.71306
704,1,-0.53795,-0.216834,1.7625,-0.0104338,0.573115,1.71306
705,1,-0.540037,-0.218954,1.76642,-0.0104338,0.573115,1.71306
706,1,-0.538036,-0.223494,1.76652,-0.0104338,0.573115,1.71306
707,1,-0.541748,-0.221478,1.77413,-0.0104338,0.573115,1.71306
708,1,-0.539474,-0.225168,1.77388,-0.0104338,0.573115,1.71306
709,1,-0.538833,-0.226681,1.77357,-0.0104338,0.573115,1.71306
710,1,-0.535603,-0.230182,1.77305,-0.0104338,0.573115,1.71306
711,1,-0.536142,-0.229007,1.77298,-0.0104338,0.573115,1.71306
712,1,-0.535247,-0.229377,1.77228,-0.0104338,0.573115,1.71306
713,1,-0.536837,-0.230272,1.77178,-0.0104338,0.573115,1.71306
714,1,-0.536866,-0.229481,1.7727,-0.0104338,0.573115,1.71306
715,1,-0.535717,-0.232322,1.77193,-0.0104338,0.573115,1.71306
716,1,-0.535715,-0.230022,1.7733,-0.0104338,0.573115,1.71306
717,1,-0.536246,-0.231428,1.77338,-0.0104338,0.573115,1.71306
718,1,-0.534769,-0.229669,1.76986,-0.0104338,0.573115,1.71306
719,1,-0.5372,-0.229404,1.777,-0.0104338,0.573115,1.71306
720,1,-0.536845,-0.229469,1.77588,-0.0104338,0.573115,1.71306
721,1,-0.536698,-0.229648,1.77561,-0.0104338,0.573115,1.71306
722,1,-0.535653,-0.23041,1.77521,-0.0104338,0.573115,1.71306
723,1,-0.535209,-0.229787,1.77404,-0.0104338,0.573115,1.71306
724,1,-0.536127,-0.230056,1.7753,-0.0104338,0.573115,1.71306
725,1,-0.536877,-0.228891,1.7761,-0.0104338,0.573115,1.71306
726,1,-0.536037,-0.230629,1.77497,-0.0104338,0.573115,1.71306
727,1,-0.534541,-0.232421,1.77727,-0.0104338,0.573115,1.71306
728,1,-0.532917,-0.232529,1.77479,-0.0104338,0.573115,1.71306
729,1,-0.534526,-0.23214,1.77686,-0.0104338,0.573115,1.71306
730,0,-0.53352,-0.232935,1.77636,-0.0104338,0.573115,1.71306
731,0,-0.533581,-0.23319,1.77615,-0.0104338,0.573115,1.71306
732,0,-0.532061,-0.232143,1.77298,-0.0104338,0.573115,1.71306
733,0,-0.53482,-0.233273,1.77594,-0.0104338,0.573115,1.71306
734,0,-0.533254,-0.2325,1.77632,-0.0104338,0.573115,1.71306
735,0,-0.533765,-0.232706,1.77661,-0.0104338,0.573115,1.71306
736,0,-0.532814,-0.231482,1.77356,-0.0104338,0.573115,1.71306
737,0,-0.533453,-0.232662,1.77668,-0.0104338,0.573115,1.71306
738,0,-0.53431,-0.233095,1.77635,-0.0104338,0.573115,1.71306
739,0,-0.532533,-0.233051,1.77562,-0.0104338,0.573115,1.71306
740,0,-0.534107,-0.233327,1.77677,-0.0104338,0.573115,1.71306
741,0,-0.533339,-0.232959,1.77641,-0.0104338,0.573115,1.71306
742,0,-0.533068,-0.23201,1.77412,-0.0104338,0.573115,1.71306
743,0,-0.533334,-0.233436,1.77627,-0.0104338,0.573115,1.71306
744,0,-0.533348,-0.233411,1.77702,-0.0104338,0.573115,1.71306
745,0,-0.532341,-0.233482,1.77577,-0.0104338,0.573115,1.71306
746,0,-0.532625,-0.228425,1.7713,-0.0104338,0.573115,1.71306
747,0,-0.534005,-0.232813,1.77696,-0.0104338,0.573115,1.71306
748,0,-0.532449,-0.231803,1.77411,-0.0104338,0.573115,1.71306
749,0,-0.53401,-0.233007,1.77646,-0.0104338,0.573115,1.71306
750,0,-0.533963,-0.232278,1.77706,-0.0104338,0.573115,1.71306
751,0,-0.533415,-0.232474,1.77599,-0.0104338,0.573115,1.71306
752,0,-0.532844,-0.233059,1.77618,-0.0104338,0.573115,1.71306
753,0,-0.533157,-0.232552,1.7755,-0.0104338,0.573115,1.71306
754,0,-0.534278,-0.232104,1.77584,-0.0104338,0.573115,1.71306
755,0,-0.53362,-0.232344,1.77715,-0.0104338,0.573115,1.71306
756,0,-0.533217,-0.228412,1.77025,-0.0104338,0.573115,1.71306
757,0,-0.532828,-0.233101,1.77545,-0.0104338,0.573115,1.71306
758,0,-0.532458,-0.233022,1.77581,-0.0104338,0.573115,1.71306
759,0,-0.533139,-0.233477,1.77662,-0.0104338,0.573115,1.71306
760,0,-0.533146,-0.232892,1.77519,-0.0104338,0.573115,1.71306
761,0,-0.533597,-0.232291,1.77654,-0.0104338,0.573115,1.71306
762,0,-0.533301,-0.233345,1.77626,-0.0104338,0.573115,1.71306
763,0,-0.533762,-0.226943,1.76956,-0.0104338,0.573115,1.71306
764,0,-0.532748,-0.233024,1.77521,-0.0104338,0.573115,1.71306
765,0,-0.532893,-0.233127,1.77598,-0.0104338,0.573115,1.71306
766,0,-0.532578,-0.232533,1.77533,-0.0104338,0.573115,1.71306
767,0,-0.532827,-0.232501,1.77482,-0.0104338,0.573115,1.71306
768,0,-0.532476,-0.233116,1.77379,-0.0104338,0.573115,1.71306
769,0,-0.533167,-0.232876,1.77236,-0.0104338,0.573115,1.71306
770,0,-0.5325,-0.232402,1.77402,-0.0104338,0.573115,1.71306
771,0,-0.531667,-0.23218,1.77317,-0.0104338,0.573115,1.71306
772,0,-0.532217,-0.231581,1.7727,-0.0104338,0.573115,1.71306
773,0,-0.53147,-0.232918,1.77274,-0.0104338,0.573115,1.71306
774,0,-0.532101,-0.232346,1.77299,-0.0104338,0.573115,1.71306
775,0,-0.531899,-0.23273,1.77271,-0.0104338,0.573115,1.71306
776,0,-0.532396,-0.232563,1.77248,-0.0104338,0.573115,1.71306
777,0,-0.531869,-0.232818,1.77283,-0.0104338,0.573115,1.71306
778,0,-0.532299,-0.232628,1.77257,-0.0104338,0.573115,1.71306
779,0,-0.532061,-0.231129,1.77241,-0.0104338,0.573115,1.71306
780,0,-0.532019,-0.233051,1.77323,-0.0104338,0.573115,1.71306
781,0,-0.531456,-0.232422,1.7719,-0.0104338,0.573115,1.71306
782,0,-0.53222,-0.231978,1.77291,-0.0104338,0.573115,1.71306
783,0,-0.532432,-0.232559,1.77338,-0.0104338,0.573115,1.71306
784,0,-0.532106,-0.232869,1.77288,-0.0104338,0.573115,1.71306
785,0,-0.532175,-0.232662,1.7741,-0.0104338,0.573115,1.71306
786,0,-0.532371,-0.232,1.77299,-0.0104338,0.573115,1.71306
787,0,-0.532748,-0.231549,1.77297,-0.0104338,0.573115,1.71306
788,0,-0.532626,-0.231827,1.7735,-0.0104338,0.573115,1.71306
789,0,-0.533067,-0.231824,1.7728,-0.0104338,0.573115,1.71306
790,0,-0.531959,-0.232551,1.77383,-0.0104338,0.573115,1.71306
791,0,-0.531934,-0.231037,1.77055,-0.0104338,0.573115,1.71306
792,0,-0.531796,-0.231839,1.77238,-0.0104338,0.573115,1.71306
793,0,-0.530993,-0.231375,1.7696,-0.0104338,0.573115,1.71306
794,0,-0.532585,-0.232262,1.7723,-0.0104338,0.573115,1.71306
795,0,-0.531817,-0.231853,1.772,-0.0104338,0.573115,1.71306
796,0,-0.532907,-0.232595,1.7739,-0.0104338,0.573115,1.71306
797,0,-0.532682,-0.232835,1.77428,-0.0104338,0.573115,1.71306
798,0,-0.532801,-0.232014,1.77328,-0.0104338,0.573115,1.71306
799,0,-0.531878,-0.231763,1.77264,-0.0104338,0.573115,1.71306
800,0,-0.532186,-0.232463,1.77295,-0.0104338,0.573115,1.71306
801,0,-0.531761,-0.233032,1.77179,-0.0104338,0.573115,1.71306
802,0,-0.534113,-0.23329,1.77395,-0.0104338,0.573115,1.71306
803,0,-0.53303,-0.234438,1.77193,-0.0104338,0.573115,1.71306
804,0,-0.5323,-0.231756,1.77266,-0.0104338,0.573115,1.71306
805,0,-0.531892,-0.232423,1.77423,-0.0104338,0.573115,1.71306
806,0,-0.532572,-0.231794,1.77344,-0.0104338,0.573115,1.71306
807,0,-0.532065,-0.232316,1.77259,-0.0104338,0.573115,1.71306
808,0,-0.532809,-0.232586,1.77422,-0.0104338,0.573115,1.71306
809,0,-0.534083,-0.23347,1.77294,-0.0104338,0.573115,1.71306
810,0,-0.532872,-0.232662,1.77434,-0.0104338,0.573115,1.71306
811,0,-0.531932,-0.232962,1.77334,-0.0104338,0.573115,1.71306
812,0,-0.532416,-0.232707,1.77304,-0.0104338,0.573115,1.71306
813,0,-0.532089,-0.232792,1.77229,-0.0104338,0.573115,1.71306
814,0,-0.531583,-0.233345,1.77227,-0.0104338,0.573115,1.71306
815,0,-0.532443,-0.233036,1.77314,-0.0104338,0.573115,1.71306
816,0,-0.531673,-0.233166,1.77272,-0.0104338,0.573115,1.71306
817,0,-0.531853,-0.233151,1.77266,-0.0104338,0.573115,1.71306
818,0,-0.532028,-0.23304,1.77256,-0.0104338,0.573115,1.71306
819,0,-0.531953,-0.23294,1.77281,-0.0104338,0.573115,1.71306
820,0,-0.531935,-0.232984,1.7735,-0.0104338,0.573115,1.71306
821,0,-0.535246,-0.220164,1.75714,-0.0104338,0.573115,1.71306
822,0,-0.532184,-0.233016,1.77262,-0.0104338,0.573115,1.71306
823,0,-0.53211,-0.232335,1.77191,-0.0104338,0.573115,1.71306
824,0,-0.533161,-0.232379,1.77299,-0.0104338,0.573115,1.71306
825,0,-0.533829,-0.233047,1.77264,-0.0104338,0.573115,1.71306
826,0,-0.533996,-0.232865,1.7736,-0.0104338,0.573115,1.71306
827,1,-0.535212,-0.229778,1.77446,-0.0104338,0.573115,1.71306
828,1,-0.533624,-0.231072,1.77297,-0.0104338,0.573115,1.71306
829,1,-0.534026,-0.229765,1.77192,-0.0104338,0.573115,1.71306
830,1,-0.533145,-0.229915,1.77051,-0.0104338,0.573115,1.71306
831,1,-0.532536,-0.230316,1.77294,-0.0104338,0.573115,1.71306
832,1,-0.534402,-0.229734,1.77414,-0.0104338,0.573115,1.71306
833,1,-0.534567,-0.230397,1.77439,-0.0104338,0.573115,1.71306
835,1,-0.533612,-0.230301,1.77269,-0.0104338,0.573115,1.71306
836,1,-0.532325,-0.231298,1.77336,-0.0104338,0.573115,1.71306
837,1,-0.534419,-0.22924,1.77236,-0.0104338,0.573115,1.71306
838,1,-0.535068,-0.224439,1.77247,-0.0104338,0.573115,1.71306
839,1,-0.533028,-0.218123,1.76851,-0.0104338,0.573115,1.71306
840,1,-0.536775,-0.203323,1.7638,-0.0104338,0.573115,1.71306
841,1,-0.539591,-0.189538,1.74803,-0.0104338,0.573115,1.71306
842,1,-0.541497,-0.168743,1.73628,-0.0104338,0.573115,1.71306
843,1,-0.539617,-0.148402,1.72147,-0.0104338,0.573115,1.71306
844,1,-0.537509,-0.123472,1.71062,-0.0104338,0.573115,1.71306
845,1,-0.53272,-0.0980871,1.69677,-0.0104338,0.573115,1.71306
846,1,-0.524363,-0.0735841,1.6835,-0.0104338,0.573115,1.71306
847,1,-0.51454,-0.0507711,1.66987,-0.0104338,0.573115,1.71306
848,1,-0.500812,-0.0270432,1.65856,-0.0104338,0.573115,1.71306
849,1,-0.486663,-0.00624703,1.64726,-0.0104338,0.573115,1.71306
850,1,-0.469394,0.0131929,1.63341,-0.0104338,0.573115,1.71306
851,1,-0.451747,0.0338633,1.62339,-0.0104338,0.573115,1.71306
852,1,-0.433754,0.0483231,1.61199,-0.0104338,0.573115,1.71306
853,1,-0.407767,0.0600089,1.59823,-0.0104338,0.573115,1.71306
854,1,-0.39087,0.0720002,1.59237,-0.0104338,0.573115,1.71306
855,1,-0.367465,0.0795292,1.58435,-0.0104338,0.573115,1.71306
856,1,-0.344343,0.0873013,1.58107,-0.0104338,0.573115,1.71306
857,1,-0.31879,0.0922852,1.57812,-0.0104338,0.573115,1.71306
858,1,-0.2872,0.0926463,1.57241,-0.0104338,0.573115,1.71306
859,1,-0.264835,0.0979057,1.5726,-0.0104338,0.573115,1.71306
860,1,-0.236142,0.0978223,1.5741,-0.0104338,0.573115,1.71306
861,1,-0.204703,0.0970379,1.57556,-0.0104338,0.573115,1.71306
862,1,-0.177166,0.09516,1.575,-0.0104338,0.573115,1.71306
863,1,-0.147746,0.0930124,1.57703,-0.0104338,0.573115,1.71306
864,1,-0.120664,0.0893368,1.57961,-0.0104338,0.573115,1.71306
865,1,-0.0963535,0.0862651,1.58391,-0.0104338,0.573115,1.71306
866,1,-0.0692525,0.0834226,1.58538,-0.0104338,0.573115,1.71306
867,1,-0.0455622,0.07939,1.58449,-0.0104338,0.573115,1.71306
868,1,-0.021826,0.0765286,1.5875,-0.0104338,0.573115,1.71306
869,1,0.000411751,0.0751589,1.58793,-0.0104338,0.573115,1.71306
870,1,0.0263809,0.0721642,1.5904,-0.0104338,0.573115,1.71306
871,1,0.047817,0.0643061,1.59419,-0.0104338,0.573115,1.71306
872,1,0.0721255,0.058568,1.59428,-0.0104338,0.573115,1.71306
873,1,0.09352,0.0567453,1.59501,-0.0104338,0.573115,1.71306
874,1,0.121223,0.0505692,1.6024,-0.0104338,0.573115,1.71306
875,1,0.138616,0.0473036,1.60021,-0.0104338,0.573115,1.71306
876,1,0.172418,0.0340964,1.61635,-0.0104338,0.573115,1.71306
877,1,0.198989,0.0248696,1.62955,-0.0104338,0.573115,1.71306
878,1,0.226827,0.0214485,1.63936,-0.0104338,0.573115,1.71306
879,1,0.256845,0.00745961,1.65978,-0.0104338,0.573115,1.71306
880,1,0.281888,0.00141679,1.66897,-0.0104338,0.573115,1.71306
881,1,0.3031,-0.00847996,1.67395,-0.0104338,0.573115,1.71306
882,1,0.330005,-0.022842,1.69483,-0.0104338,0.573115,1.71306
883,1,0.348172,-0.0313095,1.70221,-0.0104338,0.573115,1.71306
884,1,0.36868,-0.0382744,1.70837,-0.0104338,0.573115,1.71306
885,1,0.390247,-0.0511863,1.72937,-0.0104338,0.573115,1.71306
886,1,0.40897,-0.0619414,1.74412,-0.0104338,0.573115,1.71306
887,1,0.424581,-0.0728458,1.759,-0.0104338,0.573115,1.71306
888,1,0.432818,-0.0779003,1.76017,-0.0104338,0.573115,1.71306
889,1,0.448817,-0.0909765,1.77426,-0.0104338,0.573115,1.71306
890,1,0.461506,-0.097955,1.78287,-0.0104338,0.573115,1.71306
891,1,0.476182,-0.103138,1.79756,-0.0104338,0.573115,1.71306
892,1,0.485301,-0.10884,1.80378,-0.0104338,0.573115,1.71306
893,1,0.495351,-0.11386,1.81432,-0.0104338,0.573115,1.71306
894,1,0.487718,-0.113646,1.8003,-0.0104338,0.573115,1.71306
895,1,0.509065,-0.123603,1.82451,-0.0104338,0.573115,1.71306
896,1,0.519526,-0.128435,1.82489,-0.0104338,0.573115,1.71306
897,1,0.53333,-0.129873,1.82984,-0.0104338,0.573115,1.71306
898,1,0.541385,-0.13881,1.83861,-0.0104338,0.573115,1.71306
899,1,0.543949,-0.144438,1.83973,-0.0104338,0.573115,1.71306
900,1,0.553275,-0.14667,1.8426,-0.0104338,0.573115,1.71306
901,1,0.558245,-0.149344,1.83998,-0.0104338,0.573115,1.71306
902,1,0.56607,-0.148946,1.83749,-0.0104338,0.573115,1.71306
903,1,0.571337,-0.160841,1.8549,-0.0104338,0.573115,1.71306
904,1,0.5716,-0.159372,1.85659,-0.0104338,0.573115,1.71306
905,1,0.570041,-0.155379,1.84534,-0.0104338,0.573115,1.71306
906,1,0.566197,-0.1499,1.83312,-0.0104338,0.573115,1.71306
907,1,0.571319,-0.15239,1.84165,-0.0104338,0.573115,1.71306
908,1,0.574133,-0.156186,1.85366,-0.0104338,0.573115,1.71306
909,1,0.575092,-0.155858,1.85315,-0.0104338,0.573115,1.71306
910,1,0.565918,-0.148065,1.83467,-0.0104338,0.573115,1.71306
911,1,0.566404,-0.152881,1.84217,-0.0104338,0.573115,1.71306
912,1,0.572447,-0.156585,1.85137,-0.0104338,0.573115,1.71306
913,1,0.57215,-0.158419,1.85792,-0.0104338,0.573115,1.71306
914,1,0.569625,-0.158834,1.85557,-0.0104338,0.573115,1.71306
915,1,0.572897,-0.15925,1.85654,-0.0104338,0.573115,1.71306
916,1,0.571432,-0.158726,1.85494,-0.0104338,0.573115,1.71306
917,1,0.575155,-0.15786,1.8559,-0.0104338,0.573115,1.71306
918,1,0.576919,-0.158604,1.85812,-0.0104338,0.573115,1.71306
919,1,0.575466,-0.156502,1.85482,-0.0104338,0.573115,1.71306
920,1,0.576162,-0.158362,1.85577,-0.0104338,0.573115,1.71306
921,1,0.571226,-0.152853,1.84479,-0.0104338,0.573115,1.71306
922,1,0.576872,-0.154148,1.85189,-0.0104338,0.573115,1.71306
923,1,0.574093,-0.149266,1.84224,-0.0104338,0.573115,1.71306
924,1,0.565212,-0.151201,1.84069,-0.0104338,0.573115,1.71306
925,1,0.576429,-0.153719,1.8497,-0.0104338,0.573115,1.71306
926,1,0.57148,-0.147861,1.83275,-0.0104338,0.573115,1.71306
927,1,0.581784,-0.155357,1.85575,-0.0104338,0.573115,1.71306
928,1,0.58219,-0.157475,1.85733,-0.0104338,0.573115,1.71306
929,1,0.580036,-0.157059,1.857,-0.0104338,0.573115,1.71306
930,1,0.579439,-0.155946,1.85473,-0.0104338,0.573115,1.71306
931,1,0.575082,-0.155191,1.85328,-0.0104338,0.573115,1.71306
932,1,0.573863,-0.156475,1.853,-0.0104338,0.573115,1.71306
933,1,0.574198,-0.156231,1.85209,-0.0104338,0.573115,1.71306
934,1,0.576386,-0.155787,1.84672,-0.0104338,0.573115,1.71306
935,1,0.578885,-0.149063,1.84569,-0.0104338,0.573115,1.71306
936,1,0.589139,-0.153141,1.85709,-0.0104338,0.573115,1.71306
937,1,0.584794,-0.155384,1.85941,-0.0104338,0.573115,1.71306
938,1,0.564476,-0.150634,1.8472,-0.0104338,0.573115,1.71306
939,1,0.58023,-0.149444,1.8657,-0.0104338,0.573115,1.71306
940,1,0.587679,-0.158672,1.8796,-0.0104338,0.573115,1.71306
941,0,0.590334,-0.164439,1.8864,-0.0104338,0.573115,1.71306
942,0,0.590777,-0.163109,1.89323,-0.0104338,0.573115,1.71306
943,0,0.590789,-0.163248,1.88757,-0.0104338,0.573115,1.71306
944,0,0.590319,-0.162553,1.88706,-0.0104338,0.573115,1.71306
945,0,0.5905,-0.164487,1.89253,-0.0104338,0.573115,1.71306
946,0,0.591273,-0.16348,1.89287,-0.0104338,0.573115,1.71306
947,0,0.590383,-0.163765,1.89229,-0.0104338,0.573115,1.71306
948,0,0.589465,-0.162918,1.89032,-0.0104338,0.573115,1.71306
949,0,0.589333,-0.163966,1.89025,-0.0104338,0.573115,1.71306
950,0,0.590264,-0.163525,1.89194,-0.0104338,0.573115,1.71306
951,0,0.590728,-0.164472,1.89178,-0.0104338,0.573115,1.71306
952,0,0.590707,-0.16427,1.89247,-0.0104338,0.573115,1.71306
953,0,0.590649,-0.164233,1.89122,-0.0104338,0.573115,1.71306
954,0,0.58997,-0.163742,1.88718,-0.0104338,0.573115,1.71306
955,0,0.590642,-0.163804,1.89078,-0.0104338,0.573115,1.71306
956,0,0.589543,-0.163883,1.89162,-0.0104338,0.573115,1.71306
957,0,0.591003,-0.163031,1.88999,-0.0104338,0.573115,1.71306
958,0,0.590428,-0.163202,1.89086,-0.0104338,0.573115,1.71306
959,0,0.590779,-0.163563,1.8907,-0.0104338,0.573115,1.71306
960,0,0.591499,-0.163893,1.89185,-0.0104338,0.573115,1.71306
961,0,0.590248,-0.164366,1.89131,-0.0104338,0.573115,1.71306
962,0,0.59051,-0.16281,1.8923,-0.0104338,0.573115,1.71306
963,0,0.591272,-0.164176,1.8932,-0.0104338,0.573115,1.71306
964,0,0.590554,-0.163571,1.89203,-0.0104338,0.573115,1.71306
965,0,0.590167,-0.164357,1.89251,-0.0104338,0.573115,1.71306
966,0,0.589776,-0.163232,1.89269,-0.0104338,0.573115,1.71306
967,0,0.589752,-0.165011,1.89176,-0.0104338,0.573115,1.71306
968,0,0.590012,-0.163779,1.88618,-0.0104338,0.573115,1.71306
969,0,0.589598,-0.163402,1.88929,-0.0104338,0.573115,1.71306
970,0,0.59122,-0.163029,1.89092,-0.0104338,0.573115,1.71306
971,0,0.589711,-0.163813,1.89311,-0.0104338,0.573115,1.71306
972,0,0.590616,-0.163393,1.88675,-0.0104338,0.573115,1.71306
973,0,0.590195,-0.164124,1.89054,-0.0104338,0.573115,1.71306
974,0,0.590404,-0.162792,1.88964,-0.0104338,0.573115,1.71306
975,0,0.589663,-0.16325,1.89117,-0.0104338,0.573115,1.71306
976,0,0.590614,-0.164048,1.89057,-0.0104338,0.573115,1.71306
977,0,0.591454,-0.163131,1.89121,-0.0104338,0.573115,1.71306
978,0,0.590115,-0.163549,1.88715,-0.0104338,0.573115,1.71306
979,0,0.590809,-0.163208,1.88996,-0.0104338,0.573115,1.71306
980,0,0.589925,-0.163681,1.89157,-0.0104338,0.573115,1.71306
981,0,0.590044,-0.163787,1.88665,-0.0104338,0.573115,1.71306
982,0,0.590435,-0.164456,1.89193,-0.0104338,0.573115,1.71306
983,0,0.589584,-0.162976,1.89087,-0.0104338,0.573115,1.71306
984,0,0.58957,-0.162325,1.88679,-0.0104338,0.573115,1.71306
985,0,0.590046,-0.163335,1.88583,-0.0104338,0.573115,1.71306
986,0,0.588818,-0.162655,1.89067,-0.0104338,0.573115,1.71306
987,0,0.590042,-0.16363,1.89003,-0.0104338,0.573115,1.71306
988,0,0.590026,-0.163839,1.8896,-0.0104338,0.573115,1.71306
989,0,0.590417,-0.163973,1.8919,-0.0104338,0.573115,1.71306
990,0,0.590684,-0.162897,1.89032,-0.0104338,0.573115,1.71306
991,0,0.590851,-0.16336,1.89141,-0.0104338,0.573115,1.71306
992,0,0.590149,-0.163256,1.89124,-0.0104338,0.573115,1.71306
993,0,0.590375,-0.163507,1.89146,-0.0104338,0.573115,1.71306
994,0,0.591238,-0.162673,1.88989,-0.0104338,0.573115,1.71306
995,0,0.589361,-0.163928,1.89148,-0.0104338,0.573115,1.71306
996,0,0.590907,-0.163043,1.89099,-0.0104338,0.573115,1.71306
997,0,0.590135,-0.163578,1.88999,-0.0104338,0.573115,1.71306
998,0,0.590717,-0.163649,1.89188,-0.0104338,0.573115,1.71306
999,0,0.590125,-0.162738,1.892,-0.0104338,0.573115,1.71306
1000,0,0.590799,-0.164176,1.89191,-0.0104338,0.573115,1.71306
1001,0,0.589118,-0.164086,1.89121,-0.0104338,0.573115,1.71306
1002,0,0.589631,-0.161854,1.89121,-0.0104338,0.573115,1.71306
1003,0,0.589911,-0.163122,1.89085,-0.0104338,0.573115,1.71306
1004,0,0.590408,-0.163904,1.89185,-0.0104338,0.573115,1.71306
1005,0,0.590381,-0.163449,1.88976,-0.0104338,0.573115,1.71306
1006,0,0.589293,-0.164177,1.89117,-0.0104338,0.573115,1.71306
1007,0,0.590362,-0.163375,1.89164,-0.0104338,0.573115,1.71306
1008,0,0.589942,-0.16393,1.89184,-0.0104338,0.573115,1.71306
1009,0,0.588891,-0.164313,1.89271,-0.0104338,0.573115,1.71306
1010,0,0.590351,-0.163085,1.89121,-0.0104338,0.573115,1.71306
1011,0,0.590114,-0.163195,1.89071,-0.0104338,0.573115,1.71306
1012,0,0.590152,-0.163348,1.89087,-0.0104338,0.573115,1.71306
1013,0,0.58918,-0.161357,1.89063,-0.0104338,0.573115,1.71306
1014,0,0.590635,-0.162218,1.89021,-0.0104338,0.573115,1.71306
1015,0,0.588837,-0.163343,1.8909,-0.0104338,0.573115,1.71306
1016,0,0.588991,-0.163075,1.89121,-0.0104338,0.573115,1.71306
1017,0,0.589778,-0.163322,1.89068,-0.0104338,0.573115,1.71306
1018,0,0.589751,-0.162634,1.89237,-0.0104338,0.573115,1.71306
1019,0,0.591184,-0.162724,1.88639,-0.0104338,0.573115,1.71306
1020,0,0.589245,-0.164086,1.89044,-0.0104338,0.573115,1.71306
1021,0,0.589738,-0.162953,1.89086,-0.0104338,0.573115,1.71306
1022,0,0.590598,-0.163109,1.89136,-0.0104338,0.573115,1.71306
1023,0,0.590368,-0.163563,1.89159,-0.0104338,0.573115,1.71306
