101,0,0.356628,-0.199348,1.73818,0.00244802,0.533219,1.70522
102,0,0.35756,-0.199876,1.73781,0.00244802,0.533219,1.70522
103,0,0.356725,-0.199388,1.7391,0.00244802,0.533219,1.70522
104,0,0.356622,-0.199904,1.73822,0.00244802,0.533219,1.70522
105,0,0.356721,-0.200131,1.73951,0.00244802,0.533219,1.70522
106,0,0.356801,-0.199531,1.73752,0.00244802,0.533219,1.70522
107,0,0.357269,-0.199382,1.73743,0.00244802,0.533219,1.70522
108,0,0.357113,-0.199549,1.73758,0.00244802,0.533219,1.70522
109,0,0.357535,-0.199638,1.73682,0.00244802,0.533219,1.70522
110,0,0.356855,-0.199439,1.73513,0.00244802,0.533219,1.70522
111,0,0.356816,-0.199599,1.7364,0.00244802,0.533219,1.70522
112,0,0.356359,-0.199156,1.73601,0.00244802,0.533219,1.70522
113,0,0.357301,-0.197893,1.73792,0.00244802,0.533219,1.70522
114,0,0.3568,-0.199212,1.73844,0.00244802,0.533219,1.70522
115,0,0.357193,-0.197613,1.73822,0.00244802,0.533219,1.70522
116,0,0.35677,-0.199794,1.73596,0.00244802,0.533219,1.70522
117,0,0.357229,-0.199479,1.73748,0.00244802,0.533219,1.70522
118,0,0.357051,-0.199505,1.73751,0.00244802,0.533219,1.70522
119,0,0.356616,-0.198766,1.73805,0.00244802,0.533219,1.70522
120,0,0.356739,-0.197895,1.7377,0.00244802,0.533219,1.70522
121,0,0.356589,-0.199645,1.73803,0.00244802,0.533219,1.70522
122,0,0.356895,-0.198758,1.73826,0.00244802,0.533219,1.70522
123,0,0.357162,-0.19895,1.73774,0.00244802,0.533219,1.70522
124,0,0.356161,-0.199296,1.73617,0.00244802,0.533219,1.70522
125,0,0.356637,-0.19936,1.73747,0.00244802,0.533219,1.70522
126,0,0.356928,-0.199784,1.73631,0.00244802,0.533219,1.70522
127,0,0.356963,-0.199903,1.73758,0.00244802,0.533219,1.70522
128,0,0.356787,-0.199395,1.7351,0.00244802,0.533219,1.70522
129,0,0.356741,-0.199621,1.73634,0.00244802,0.533219,1.70522
130,0,0.356643,-0.199716,1.73719,0.00244802,0.533219,1.70522
131,0,0.35736,-0.196767,1.73807,0.00244802,0.533219,1.70522
132,0,0.356665,-0.199475,1.73583,0.00244802,0.533219,1.70522
133,0,0.356644,-0.199309,1.73675,0.00244802,0.533219,1.70522
134,0,0.356693,-0.199468,1.73661,0.00244802,0.533219,1.70522
135,0,0.35679,-0.199379,1.73748,0.00244802,0.533219,1.70522
136,0,0.356778,-0.199561,1.73662,0.00244802,0.533219,1.70522
137,0,0.356536,-0.198703,1.73704,0.00244802,0.533219,1.70522
138,0,0.35622,-0.199235,1.7375,0.00244802,0.533219,1.70522
139,0,0.356738,-0.199714,1.73934,0.00244802,0.533219,1.70522
140,0,0.357222,-0.199875,1.73578,0.00244802,0.533219,1.70522
141,0,0.3562,-0.199766,1.73643,0.00244802,0.533219,1.70522
142,0,0.357104,-0.199348,1.73629,0.00244802,0.533219,1.70522
143,0,0.35637,-0.199341,1.73684,0.00244802,0.533219,1.70522
144,0,0.356136,-0.199798,1.73638,0.00244802,0.533219,1.70522
145,0,0.356513,-0.199662,1.73705,0.00244802,0.533219,1.70522
146,0,0.356222,-0.199687,1.73776,0.00244802,0.533219,1.70522
147,0,0.356878,-0.199569,1.73677,0.00244802,0.533219,1.70522
148,0,0.356625,-0.199497,1.73725,0.00244802,0.533219,1.70522
149,0,0.356902,-0.198811,1.73672,0.00244802,0.533219,1.70522
150,0,0.356465,-0.199303,1.73696,0.00244802,0.533219,1.70522
151,0,0.357033,-0.199106,1.73625,0.00244802,0.533219,1.70522
152,0,0.357197,-0.199655,1.73743,0.00244802,0.533219,1.70522
153,0,0.356946,-0.198819,1.73666,0.00244802,0.533219,1.70522
154,0,0.356899,-0.199549,1.73618,0.00244802,0.533219,1.70522
155,0,0.356688,-0.199496,1.73717,0.00244802,0.533219,1.70522
156,0,0.316028,-0.164728,1.672,0.00244802,0.533219,1.70522
157,1,0.355604,-0.199231,1.72394,0.00244802,0.533219,1.70522
158,1,0.344511,-0.191163,1.71108,0.00244802,0.533219,1.70522
159,1,0.355742,-0.195407,1.72066,0.00244802,0.533219,1.70522
160,1,0.355094,-0.197172,1.71984,0.00244802,0.533219,1.70522
161,1,0.355845,-0.197877,1.71765,0.00244802,0.533219,1.70522
162,1,0.356383,-0.199508,1.72107,0.00244802,0.533219,1.70522
163,1,0.35466,-0.200685,1.72315,0.00244802,0.533219,1.70522
164,1,0.354038,-0.201963,1.72305,0.00244802,0.533219,1.70522
165,1,0.356929,-0.204748,1.72212,0.00244802,0.533219,1.70522
166,1,0.359329,-0.204343,1.72504,0.00244802,0.533219,1.70522
167,1,0.363693,-0.205885,1.73285,0.00244802,0.533219,1.70522
168,1,0.365594,-0.205531,1.73397,0.00244802,0.533219,1.70522
169,1,0.366187,-0.206685,1.73518,0.00244802,0.533219,1.70522
170,1,0.365402,-0.21123,1.73409,0.00244802,0.533219,1.70522
171,1,0.362413,-0.207838,1.72517,0.00244802,0.533219,1.70522
172,1,0.359685,-0.206579,1.72513,0.00244802,0.533219,1.70522
173,1,0.356152,-0.207434,1.72923,0.00244802,0.533219,1.70522
174,1,0.346119,-0.206191,1.72578,0.00244802,0.533219,1.70522
175,1,0.371205,-0.180456,1.73269,0.00244802,0.533219,1.70522
176,1,0.364421,-0.179828,1.72913,0.00244802,0.533219,1.70522
177,1,0.359351,-0.178948,1.73437,0.00244802,0.533219,1.70522
178,1,0.348477,-0.17303,1.73364,0.00244802,0.533219,1.70522
179,1,0.335657,-0.164931,1.73541,0.00244802,0.533219,1.70522
180,1,0.322389,-0.155496,1.73642,0.00244802,0.533219,1.70522
181,1,0.313455,-0.105293,1.76071,0.00244802,0.533219,1.70522
182,1,0.297738,-0.0911452,1.75827,0.00244802,0.533219,1.70522
183,1,0.282,-0.075384,1.74896,0.00244802,0.533219,1.70522
184,1,0.265107,-0.0601842,1.73877,0.00244802,0.533219,1.70522
185,1,0.251296,-0.0435662,1.7305,0.00244802,0.533219,1.70522
186,1,0.237295,-0.0279328,1.72375,0.00244802,0.533219,1.70522
187,1,0.225853,-0.0104303,1.71988,0.00244802,0.533219,1.70522
188,1,0.21378,0.00705586,1.70448,0.00244802,0.533219,1.70522
189,1,0.202523,0.025354,1.69686,0.00244802,0.533219,1.70522
190,1,0.189243,0.0442041,1.68904,0.00244802,0.533219,1.70522
191,1,0.178495,0.0638119,1.67864,0.00244802,0.533219,1.70522
192,1,0.165344,0.0815657,1.66597,0.00244802,0.533219,1.70522
193,1,0.15245,0.10158,1.65704,0.00244802,0.533219,1.70522
194,1,0.138715,0.121485,1.64753,0.00244802,0.533219,1.70522
195,1,0.124284,0.14086,1.63302,0.00244802,0.533219,1.70522
196,1,0.111067,0.162592,1.62688,0.00244802,0.533219,1.70522
197,1,0.0961594,0.183798,1.61886,0.00244802,0.533219,1.70522
198,1,0.0843367,0.204536,1.60798,0.00244802,0.533219,1.70522
199,1,0.0689661,0.223845,1.60166,0.00244802,0.533219,1.70522
200,1,0.0542433,0.245685,1.60317,0.00244802,0.533219,1.70522
201,1,0.0390369,0.265532,1.60282,0.00244802,0.533219,1.70522
202,1,0.0253084,0.287919,1.60226,0.00244802,0.533219,1.70522
203,1,0.010892,0.30959,1.61109,0.00244802,0.533219,1.70522
204,1,-0.00293756,0.331675,1.61966,0.00244802,0.533219,1.70522
205,1,-0.0184465,0.34734,1.62699,0.00244802,0.533219,1.70522
206,1,-0.0322568,0.364857,1.64032,0.00244802,0.533219,1.70522
207,1,-0.0453121,0.379942,1.6578,0.00244802,0.533219,1.70522
208,1,-0.0564217,0.389388,1.66916,0.00244802,0.533219,1.70522
209,1,-0.0660288,0.395522,1.6788,0.00244802,0.533219,1.70522
210,1,-0.0733161,0.400584,1.68687,0.00244802,0.533219,1.70522
211,1,-0.0756809,0.413947,1.707,0.00244802,0.533219,1.70522
212,1,-0.0826389,0.414913,1.7153,0.00244802,0.533219,1.70522
213,1,-0.0807608,0.422914,1.72133,0.00244802,0.533219,1.70522
214,1,-0.0829221,0.421536,1.72145,0.00244802,0.533219,1.70522
215,1,-0.083402,0.41684,1.71154,0.00244802,0.533219,1.70522
216,1,-0.083758,0.417712,1.71378,0.00244802,0.533219,1.70522
217,1,-0.0836085,0.418105,1.71482,0.00244802,0.533219,1.70522
218,1,-0.0820407,0.423849,1.72642,0.00244802,0.533219,1.70522
219,1,-0.0828299,0.419912,1.71871,0.00244802,0.533219,1.70522
220,1,-0.0837409,0.418062,1.72106,0.00244802,0.533219,1.70522
221,1,-0.0837276,0.415233,1.71441,0.00244802,0.533219,1.70522
222,1,-0.0813747,0.416725,1.71577,0.00244802,0.533219,1.70522
223,1,-0.0798016,0.41537,1.71223,0.00244802,0.533219,1.70522
224,1,-0.0777764,0.414717,1.70954,0.00244802,0.533219,1.70522
225,1,-0.077802,0.411702,1.70433,0.00244802,0.533219,1.70522
226,1,-0.0781853,0.411116,1.70436,0.00244802,0.533219,1.70522
227,1,-0.0771952,0.410728,1.70344,0.00244802,0.533219,1.70522
228,1,-0.0766697,0.413663,1.70722,0.00244802,0.533219,1.70522
229,1,-0.0786665,0.411406,1.71219,0.00244802,0.533219,1.70522
230,1,-0.0763293,0.412487,1.70838,0.00244802,0.533219,1.70522
231,1,-0.078893,0.411081,1.71153,0.00244802,0.533219,1.70522
232,1,-0.0784283,0.412725,1.71405,0.00244802,0.533219,1.70522
233,1,-0.0794395,0.410419,1.71275,0.00244802,0.533219,1.70522
234,1,-0.0767964,0.413547,1.71405,0.00244802,0.533219,1.70522
235,1,-0.0769092,0.41218,1.709,0.00244802,0.533219,1.70522
236,1,-0.078383,0.410999,1.71367,0.00244802,0.533219,1.70522
237,1,-0.0781235,0.410842,1.70958,0.00244802,0.533219,1.70522
238,1,-0.0776941,0.41274,1.71327,0.00244802,0.533219,1.70522
239,1,-0.0767782,0.412427,1.71373,0.00244802,0.533219,1.70522
240,1,-0.0765043,0.412902,1.71261,0.00244802,0.533219,1.70522
241,1,-0.0791974,0.411587,1.714,0.00244802,0.533219,1.70522
242,1,-0.0788739,0.411309,1.71478,0.00244802,0.533219,1.70522
243,1,-0.0740991,0.41378,1.70757,0.00244802,0.533219,1.70522
244,1,-0.0753398,0.412716,1.71088,0.00244802,0.533219,1.70522
245,1,-0.0778257,0.409504,1.71006,0.00244802,0.533219,1.70522
246,1,-0.0752052,0.414046,1.71036,0.00244802,0.533219,1.70522
247,1,-0.0753055,0.41391,1.71121,0.00244802,0.533219,1.70522
248,1,-0.0766177,0.411449,1.70972,0.00244802,0.533219,1.70522
249,1,-0.0746934,0.415592,1.71182,0.00244802,0.533219,1.70522
250,1,-0.0806602,0.408607,1.71533,0.00244802,0.533219,1.70522
251,1,-0.0785338,0.409311,1.71086,0.00244802,0.533219,1.70522
252,1,-0.0761774,0.411975,1.70967,0.00244802,0.533219,1.70522
253,1,-0.0738676,0.412613,1.70519,0.00244802,0.533219,1.70522
254,1,-0.0741633,0.413136,1.706,0.00244802,0.533219,1.70522
255,1,-0.0751399,0.411794,1.70376,0.00244802,0.533219,1.70522
256,1,-0.07624,0.409985,1.70674,0.00244802,0.533219,1.70522
257,1,-0.0748854,0.41055,1.70433,0.00244802,0.533219,1.70522
258,1,-0.0749242,0.410058,1.70412,0.00244802,0.533219,1.70522
259,1,-0.0747559,0.409516,1.70182,0.00244802,0.533219,1.70522
260,1,-0.0795155,0.406281,1.70482,0.00244802,0.533219,1.70522
261,1,-0.0773766,0.405392,1.70018,0.00244802,0.533219,1.70522
262,1,-0.0772318,0.406011,1.69992,0.00244802,0.533219,1.70522
263,1,-0.0729746,0.408131,1.69615,0.00244802,0.533219,1.70522
264,1,-0.0735488,0.413645,1.70912,0.00244802,0.533219,1.70522
265,1,-0.0748216,0.406799,1.69677,0.00244802,0.533219,1.70522
266,1,-0.0763232,0.406833,1.69913,0.00244802,0.533219,1.70522
267,1,-0.0740954,0.409954,1.69788,0.00244802,0.533219,1.70522
268,1,-0.0775167,0.408409,1.70353,0.00244802,0.533219,1.70522
269,1,-0.0719978,0.408944,1.68891,0.00244802,0.533219,1.70522
270,1,-0.0712436,0.409331,1.69609,0.00244802,0.533219,1.70522
271,1,-0.0720351,0.411002,1.69526,0.00244802,0.533219,1.70522
272,1,-0.071818,0.407071,1.68991,0.00244802,0.533219,1.70522
273,1,-0.0729127,0.409784,1.694,0.00244802,0.533219,1.70522
274,1,-0.0726588,0.409545,1.6903,0.00244802,0.533219,1.70522
275,1,-0.0734122,0.408169,1.68924,0.00244802,0.533219,1.70522
276,1,-0.0723486,0.408107,1.68874,0.00244802,0.533219,1.70522
277,1,-0.0731961,0.408126,1.69249,0.00244802,0.533219,1.70522
278,1,-0.0717995,0.408345,1.6928,0.00244802,0.533219,1.70522
279,1,-0.0728996,0.40657,1.69337,0.00244802,0.533219,1.70522
280,1,-0.0719391,0.402376,1.68561,0.00244802,0.533219,1.70522
281,1,-0.0702481,0.400397,1.68922,0.00244802,0.533219,1.70522
282,1,-0.0678326,0.402062,1.68895,0.00244802,0.533219,1.70522
283,1,-0.0676689,0.396609,1.6841,0.00244802,0.533219,1.70522
284,1,-0.0660226,0.397378,1.69164,0.00244802,0.533219,1.70522
285,1,-0.063665,0.395351,1.68685,0.00244802,0.533219,1.70522
286,1,-0.0632865,0.3934,1.68851,0.00244802,0.533219,1.70522
287,1,-0.062542,0.390694,1.69066,0.00244802,0.533219,1.70522
288,1,-0.062854,0.391794,1.69473,0.00244802,0.533219,1.70522
289,1,-0.0612469,0.389931,1.69093,0.00244802,0.533219,1.70522
290,1,-0.0590575,0.386584,1.68553,0.00244802,0.533219,1.70522
291,1,-0.0587683,0.381478,1.68348,0.00244802,0.533219,1.70522
292,1,-0.0560417,0.378171,1.6819,0.00244802,0.533219,1.70522
293,1,-0.0558535,0.37304,1.68556,0.00244802,0.533219,1.70522
294,1,-0.0570351,0.3631,1.6836,0.00244802,0.533219,1.70522
295,1,-0.0568602,0.351138,1.68244,0.00244802,0.533219,1.70522
296,1,-0.0535569,0.341703,1.67529,0.00244802,0.533219,1.70522
297,1,-0.0562543,0.324808,1.67265,0.00244802,0.533219,1.70522
298,1,-0.0551337,0.312325,1.67576,0.00244802,0.533219,1.70522
299,1,-0.0593592,0.290262,1.6706,0.00244802,0.533219,1.70522
300,1,-0.0474097,0.312398,1.81634,0.00244802,0.533219,1.70522
301,1,-0.0515453,0.283422,1.81733,0.00244802,0.533219,1.70522
302,1,-0.0597833,0.248836,1.8121,0.00244802,0.533219,1.70522
303,1,-0.0517014,0.215269,1.82099,0.00244802,0.533219,1.70522
304,1,-0.0621067,0.119166,1.61291,0.00244802,0.533219,1.70522
305,0,-0.0755671,0.130843,1.82613,0.00244802,0.533219,1.70522
306,0,-0.0898215,0.0362502,1.59178,0.00244802,0.533219,1.70522
307,1,-0.107726,-0.00238404,1.576,0.00244802,0.533219,1.70522
308,1,-0.134173,-0.0356434,1.5629,0.00244802,0.533219,1.70522
309,1,-0.153152,-0.065085,1.55073,0.00244802,0.533219,1.70522
310,1,-0.180853,-0.0845241,1.53523,0.00244802,0.533219,1.70522
311,1,-0.204285,-0.102187,1.51513,0.00244802,0.533219,1.70522
312,1,-0.225281,-0.120817,1.49392,0.00244802,0.533219,1.70522
313,1,-0.249803,-0.134929,1.47323,0.00244802,0.533219,1.70522
314,1,-0.272673,-0.147098,1.45415,0.00244802,0.533219,1.70522
315,1,-0.29591,-0.161154,1.42916,0.00244802,0.533219,1.70522
316,1,-0.315989,-0.171493,1.40988,0.00244802,0.533219,1.70522
317,1,-0.333339,-0.181019,1.38625,0.00244802,0.533219,1.70522
318,1,-0.349482,-0.18632,1.37451,0.00244802,0.533219,1.70522
319,1,-0.364394,-0.196343,1.35846,0.00244802,0.533219,1.70522
320,1,-0.375822,-0.203585,1.34629,0.00244802,0.533219,1.70522
321,1,-0.383734,-0.210411,1.33557,0.00244802,0.533219,1.70522
322,1,-0.390323,-0.217517,1.32228,0.00244802,0.533219,1.70522
323,1,-0.395415,-0.224012,1.3165,0.00244802,0.533219,1.70522
324,1,-0.398506,-0.231741,1.3122,0.00244802,0.533219,1.70522
325,1,-0.401292,-0.23952,1.30934,0.00244802,0.533219,1.70522
326,1,-0.402215,-0.247982,1.30742,0.00244802,0.533219,1.70522
327,1,-0.403504,-0.257095,1.30681,0.00244802,0.533219,1.70522
328,1,-0.40378,-0.263272,1.30587,0.00244802,0.533219,1.70522
329,1,-0.406593,-0.26414,1.3032,0.00244802,0.533219,1.70522
330,1,-0.405521,-0.264402,1.30196,0.00244802,0.533219,1.70522
331,1,-0.404482,-0.264518,1.30195,0.00244802,0.533219,1.70522
332,1,-0.40397,-0.264428,1.3013,0.00244802,0.533219,1.70522
333,1,-0.404367,-0.264616,1.30148,0.00244802,0.533219,1.70522
334,1,-0.403901,-0.264821,1.30113,0.00244802,0.533219,1.70522
335,1,-0.404183,-0.265041,1.30188,0.00244802,0.533219,1.70522
336,1,-0.404993,-0.264119,1.30115,0.00244802,0.533219,1.70522
337,1,-0.404229,-0.26389,1.30169,0.00244802,0.533219,1.70522
338,1,-0.405896,-0.263422,1.30271,0.00244802,0.533219,1.70522
339,1,-0.406252,-0.263085,1.30192,0.00244802,0.533219,1.70522
340,1,-0.407947,-0.264106,1.29989,0.00244802,0.533219,1.70522
341,1,-0.408141,-0.264126,1.30052,0.00244802,0.533219,1.70522
342,1,-0.408486,-0.263739,1.30055,0.00244802,0.533219,1.70522
343,1,-0.409148,-0.263797,1.3022,0.00244802,0.533219,1.70522
344,1,-0.409256,-0.263544,1.30205,0.00244802,0.533219,1.70522
345,1,-0.408825,-0.263457,1.3023,0.00244802,0.533219,1.70522
346,1,-0.410253,-0.26313,1.30186,0.00244802,0.533219,1.70522
347,1,-0.410042,-0.263827,1.3015,0.00244802,0.533219,1.70522
348,1,-0.409771,-0.26369,1.30053,0.00244802,0.533219,1.70522
349,1,-0.410574,-0.263546,1.30162,0.00244802,0.533219,1.70522
350,1,-0.410711,-0.262917,1.3021,0.00244802,0.533219,1.70522
351,1,-0.411221,-0.262802,1.30144,0.00244802,0.533219,1.70522
352,1,-0.412406,-0.263169,1.30171,0.00244802,0.533219,1.70522
353,1,-0.411869,-0.263052,1.30125,0.00244802,0.533219,1.70522
354,1,-0.412522,-0.263317,1.3027,0.00244802,0.533219,1.70522
355,1,-0.411639,-0.263761,1.30279,0.00244802,0.533219,1.70522
356,1,-0.412079,-0.262717,1.30184,0.00244802,0.533219,1.70522
357,1,-0.41077,-0.264982,1.30282,0.00244802,0.533219,1.70522
358,0,-0.410922,-0.264583,1.30222,0.00244802,0.533219,1.70522
359,0,-0.410713,-0.264992,1.30255,0.00244802,0.533219,1.70522
360,0,-0.411422,-0.264869,1.3033,0.00244802,0.533219,1.70522
361,0,-0.41081,-0.264948,1.30283,0.00244802,0.533219,1.70522
362,0,-0.410912,-0.26447,1.30305,0.00244802,0.533219,1.70522
363,0,-0.410724,-0.264339,1.30191,0.00244802,0.533219,1.70522
364,0,-0.410733,-0.26445,1.30265,0.00244802,0.533219,1.70522
365,0,-0.410955,-0.264379,1.30261,0.00244802,0.533219,1.70522
366,0,-0.411237,-0.264693,1.30329,0.00244802,0.533219,1.70522
367,0,-0.410219,-0.26429,1.30239,0.00244802,0.533219,1.70522
368,0,-0.411361,-0.265016,1.30345,0.00244802,0.533219,1.70522
369,0,-0.411072,-0.264214,1.30265,0.00244802,0.533219,1.70522
370,0,-0.410774,-0.264932,1.30321,0.00244802,0.533219,1.70522
371,0,-0.410935,-0.264558,1.3021,0.00244802,0.533219,1.70522
372,0,-0.411418,-0.264235,1.30294,0.00244802,0.533219,1.70522
373,0,-0.411174,-0.264417,1.30261,0.00244802,0.533219,1.70522
374,0,-0.411318,-0.264665,1.30339,0.00244802,0.533219,1.70522
375,0,-0.410522,-0.264378,1.30169,0.00244802,0.533219,1.70522
376,0,-0.411141,-0.264175,1.30312,0.00244802,0.533219,1.70522
377,0,-0.411336,-0.264883,1.30291,0.00244802,0.533219,1.70522
378,0,-0.411588,-0.264444,1.30285,0.00244802,0.533219,1.70522
379,0,-0.411185,-0.264731,1.30304,0.00244802,0.533219,1.70522
380,0,-0.41048,-0.264664,1.30226,0.00244802,0.533219,1.70522
381,0,-0.411364,-0.264318,1.30281,0.00244802,0.533219,1.70522
382,0,-0.410755,-0.264509,1.3022,0.00244802,0.533219,1.70522
383,0,-0.409767,-0.264353,1.30221,0.00244802,0.533219,1.70522
384,0,-0.410581,-0.264312,1.30295,0.00244802,0.533219,1.70522
385,0,-0.410455,-0.264341,1.30302,0.00244802,0.533219,1.70522
386,0,-0.411351,-0.26453,1.30309,0.00244802,0.533219,1.70522
387,0,-0.41073,-0.264556,1.30228,0.00244802,0.533219,1.70522
388,0,-0.411114,-0.264355,1.30201,0.00244802,0.533219,1.70522
389,0,-0.410343,-0.264261,1.30219,0.00244802,0.533219,1.70522
390,0,-0.411419,-0.264556,1.30219,0.00244802,0.533219,1.70522
391,0,-0.41135,-0.264944,1.30379,0.00244802,0.533219,1.70522
392,0,-0.41078,-0.264253,1.30099,0.00244802,0.533219,1.70522
393,0,-0.410917,-0.264256,1.30072,0.00244802,0.533219,1.70522
394,0,-0.410876,-0.264405,1.30122,0.00244802,0.533219,1.70522
395,0,-0.410393,-0.264561,1.30035,0.00244802,0.533219,1.70522
396,0,-0.409778,-0.263762,1.29993,0.00244802,0.533219,1.70522
397,0,-0.410618,-0.264383,1.30066,0.00244802,0.533219,1.70522
398,0,-0.410276,-0.264186,1.30058,0.00244802,0.533219,1.70522
399,0,-0.410743,-0.264134,1.30146,0.00244802,0.533219,1.70522
400,0,-0.410465,-0.263973,1.30051,0.00244802,0.533219,1.70522
401,0,-0.410887,-0.264504,1.30122,0.00244802,0.533219,1.70522
402,0,-0.410268,-0.264474,1.30069,0.00244802,0.533219,1.70522
403,0,-0.410691,-0.264091,1.30083,0.00244802,0.533219,1.70522
404,0,-0.41089,-0.264266,1.30062,0.00244802,0.533219,1.70522
405,0,-0.41145,-0.264529,1.30143,0.00244802,0.533219,1.70522
406,0,-0.410439,-0.264197,1.30068,0.00244802,0.533219,1.70522
407,0,-0.409641,-0.264338,1.29991,0.00244802,0.533219,1.70522
408,0,-0.409924,-0.262973,1.30189,0.00244802,0.533219,1.70522
409,0,-0.410445,-0.264381,1.30159,0.00244802,0.533219,1.70522
410,0,-0.410693,-0.264028,1.3007,0.00244802,0.533219,1.70522
411,0,-0.410404,-0.264214,1.30083,0.00244802,0.533219,1.70522
412,0,-0.411323,-0.264352,1.30186,0.00244802,0.533219,1.70522
413,0,-0.410254,-0.264551,1.30042,0.00244802,0.533219,1.70522
414,0,-0.410483,-0.264445,1.3006,0.00244802,0.533219,1.70522
415,0,-0.410306,-0.264684,1.30165,0.00244802,0.533219,1.70522
416,0,-0.410492,-0.264352,1.30052,0.00244802,0.533219,1.70522
417,0,-0.410082,-0.264079,1.30012,0.00244802,0.533219,1.70522
418,0,-0.410311,-0.264406,1.30107,0.00244802,0.533219,1.70522
419,0,-0.410238,-0.264429,1.30064,0.00244802,0.533219,1.70522
420,0,-0.410506,-0.263827,1.30092,0.00244802,0.533219,1.70522
421,0,-0.409888,-0.262645,1.30089,0.00244802,0.533219,1.70522
422,0,-0.411145,-0.264637,1.30209,0.00244802,0.533219,1.70522
423,0,-0.410896,-0.264052,1.30059,0.00244802,0.533219,1.70522
424,0,-0.411023,-0.26436,1.30151,0.00244802,0.533219,1.70522
425,0,-0.410695,-0.264144,1.3021,0.00244802,0.533219,1.70522
426,0,-0.41075,-0.26424,1.30122,0.00244802,0.533219,1.70522
427,0,-0.410672,-0.263811,1.30139,0.00244802,0.533219,1.70522
428,0,-0.411119,-0.264291,1.30111,0.00244802,0.533219,1.70522
429,0,-0.409932,-0.264354,1.30168,0.00244802,0.533219,1.70522
430,0,-0.410623,-0.264382,1.30095,0.00244802,0.533219,1.70522
431,0,-0.411162,-0.264394,1.30085,0.00244802,0.533219,1.70522
432,0,-0.410391,-0.264352,1.30051,0.00244802,0.533219,1.70522
433,0,-0.411063,-0.264481,1.3011,0.00244802,0.533219,1.70522
434,0,-0.410163,-0.26414,1.30038,0.00244802,0.533219,1.70522
435,0,-0.410915,-0.264564,1.30143,0.00244802,0.533219,1.70522
436,0,-0.410259,-0.26394,1.30006,0.00244802,0.533219,1.70522
437,0,-0.410025,-0.264108,1.30051,0.00244802,0.533219,1.70522
438,0,-0.410394,-0.264046,1.30013,0.00244802,0.533219,1.70522
439,0,-0.41071,-0.264579,1.30099,0.00244802,0.533219,1.70522
440,0,-0.411258,-0.264068,1.30204,0.00244802,0.533219,1.70522
441,0,-0.41088,-0.264204,1.30082,0.00244802,0.533219,1.70522
442,0,-0.410255,-0.264425,1.29996,0.00244802,0.533219,1.70522
443,0,-0.411189,-0.264347,1.30098,0.00244802,0.533219,1.70522
444,0,-0.410642,-0.264531,1.30123,0.00244802,0.533219,1.70522
445,0,-0.410287,-0.264734,1.30137,0.00244802,0.533219,1.70522
446,0,-0.409776,-0.264479,1.29998,0.00244802,0.533219,1.70522
447,0,-0.410181,-0.264476,1.30003,0.00244802,0.533219,1.70522
448,0,-0.409948,-0.264284,1.29931,0.00244802,0.533219,1.70522
449,0,-0.410053,-0.264535,1.29964,0.00244802,0.533219,1.70522
450,0,-0.409694,-0.263703,1.29927,0.00244802,0.533219,1.70522
451,0,-0.409864,-0.264077,1.29974,0.00244802,0.533219,1.70522
452,0,-0.409658,-0.264546,1.30045,0.00244802,0.533219,1.70522
453,0,-0.41038,-0.263935,1.30103,0.00244802,0.533219,1.70522
454,0,-0.409571,-0.264434,1.29944,0.00244802,0.533219,1.70522
455,0,-0.409832,-0.26368,1.29984,0.00244802,0.533219,1.70522
456,0,-0.410706,-0.264299,1.30007,0.00244802,0.533219,1.70522
457,0,-0.410377,-0.26443,1.29996,0.00244802,0.533219,1.70522
458,0,-0.41039,-0.264471,1.30042,0.00244802,0.533219,1.70522
459,0,-0.410278,-0.264718,1.30132,0.00244802,0.533219,1.70522
460,0,-0.41067,-0.264673,1.3012,0.00244802,0.533219,1.70522
461,0,-0.409464,-0.264433,1.30062,0.00244802,0.533219,1.70522
