Locations,5
Location Intervals,100
Sector Intervals,36
0,0,0
0,0,0,0,0,0,0,0,0,0,0,0,0,0,0,0,0,0,0,0,0,0,0,0,0,0,0,0,0,0,0,0,0,0,0,0,0,0,0,0,0,0,0,0,0,0,0,0,0,0,0,0,0,0,0,0,0,0,0,0,0,0,0,0,0,0,0,0,0,0,0,0,0,0,0,0,0,0,0,0,0,0,0,0,0,0,0,0,0,0,0,0,0,0,0,0,0,0,0,0
0,1,0
0.000475143,0.0012893,0.00224466,0.00304644,0.00344417,0.00350739,0.00368457,0.00446685,0.00675207,0.0102984,0.012458,0.0129383,0.0125583,0.0135167,0.0144407,0.0148173,0.0150022,0.0153807,0.0158876,0.0164844,0.0168869,0.0170843,0.0171555,0.0170156,0.0167429,0.0166595,0.0169589,0.0164927,0.0162262,0.017419,0.0166611,0.0183748,0.0183844,0.0170262,0.0154141,0.0144599,0.0140006,0.0136098,0.0132444,0.0130384,0.0126985,0.0116707,0.0101793,0.00931213,0.00914659,0.00948941,0.010677,0.0124969,0.0148732,0.0160468,0.0160839,0.0158151,0.0148513,0.01436,0.0132666,0.0120276,0.0110656,0.0100782,0.010401,0.011956,0.0130131,0.0130615,0.0125751,0.0115664,0.0107214,0.0095626,0.00832072,0.00695446,0.00569473,0.00558075,0.00507859,0.00440159,0.00533686,0.00604238,0.00719685,0.00820971,0.00894809,0.00933521,0.00928318,0.00938941,0.0105978,0.0114135,0.0111699,0.0107592,0.0101134,0.0105452,0.0103048,0.0102129,0.0111565,0.0104974,0.00956645,0.00904618,0.0088201,0.00822678,0.00735774,0.0058756,0.00423956,0.00253271,0.00125071,0.000434256
0,2,0
0,0,0,0,0,0,0,0,0,0,0,0,0,0,0,0,0,0,0,0,0,0,0,0,0,0,0,0,0,0,0,0,0,0,0,0,0,0,0,0,0,0,0,0,0,0,0,0,0,0,0,0,0,0,0,0,0,0,0,0,0,0,0,0,0,0,0,0,0,0,0,0,0,0,0,0,0,0,0,0,0,0,0,0,0,0,0,0,0,0,0,0,0,0,0,0,0,0,0,0
0,3,0
0,0,0,0,0,0,0,0,0,0,0,0,0,0,0,0,0,0,0,0,0,0,0,0,0,0,0,0,0,0,0,0,0,0,0,0,0,0,0,0,0,0,0,0,0,0,0,0,0,0,0,0,0,0,0,0,0,0,0,0,0,0,0,0,0,0,0,0,0,0,0,0,0,0,0,0,0,0,0,0,0,0,0,0,0,0,0,0,0,0,0,0,0,0,0,0,0,0,0,0
0,4,0
0,0,0,0,0,0,0,0,0,0,0,0,0,0,0,0,0,0,0,0,0,0,0,0,0,0,0,0,0,0,0,0,0,0,0,0,0,0,0,0,0,0,0,0,0,0,0,0,0,0,0,0,0,0,0,0,0,0,0,0,0,0,0,0,0,0,0,0,0,0,0,0,0,0,0,0,0,0,0,0,0,0,0,0,0,0,0,0,0,0,0,0,0,0,0,0,0,0,0,0
1,0,0
0,0,0,0,0,0,0,0,0,0,0,0,0,0,0,0,0,0,0,0,0,0,0,0,0,0,0,0,0,0,0,0,0,0,0,0,0,0,0,0,0,0,0,0,0,0,0,0,0,0,0,0,0,0,0,0,0,0,0,0,0,0,0,0,0,0,0,0,0,0,0,0,0,0,0,0,0,0,0,0,0,0,0,0,0,0,0,0,0,0,0,0,0,0,0,0,0,0,0,0
1,1,0
0,0,0,0,0,0,0,0,0,0,0,0,0,0,0,0,0,0,0,0,0,0,0,0,0,0,0,0,0,0,0,0,0,0,0,0,0,0,0,0,0,0,0,0,0,0,0,0,0,0,0,0,0,0,0,0,0,0,0,0,0,0,0,0,0,0,0,0,0,0,0,0,0,0,0,0,0,0,0,0,0,0,0,0,0,0,0,0,0,0,0,0,0,0,0,0,0,0,0,0
1,2,0
0.000107901,0.000300073,0.000523646,0.000736772,0.000949945,0.00117184,0.00140091,0.00191428,0.00340308,0.00625787,0.00863347,0.00932242,0.0101225,0.0106444,0.0109644,0.0108686,0.010595,0.0108378,0.0111549,0.0100481,0.00857024,0.00864406,0.00873162,0.00878203,0.00968697,0.0109865,0.0113763,0.0111199,0.010519,0.010252,0.0103342,0.0105228,0.0106596,0.0107042,0.0107251,0.0107545,0.0108033,0.0108523,0.0108835,0.0108397,0.0105648,0.0102485,0.0117896,0.0125682,0.0117883,0.00968657,0.00957546,0.00941984,0.00928049,0.00916288,0.00902572,0.00886578,0.00878267,0.00886563,0.00893765,0.00864822,0.00959885,0.0106248,0.0113766,0.0115705,0.0117239,0.0119823,0.0121087,0.0119499,0.0116175,0.0112693,0.0112951,0.0114221,0.0115737,0.0117109,0.0118194,0.0118985,0.0119637,0.0120327,0.0121043,0.0121846,0.012305,0.012441,0.0124933,0.0124515,0.0123349,0.0121118,0.01179,0.0113793,0.0108706,0.0102766,0.00963567,0.00896218,0.00827588,0.00759244,0.00689705,0.00618321,0.00546833,0.00474399,0.00398057,0.00315614,0.00232045,0.0015696,0.000902588,0.000317584
1,3,0
0,0,0,0,0,0,0,0,0,0,0,0,0,0,0,0,0,0,0,0,0,0,0,0,0,0,0,0,0,0,0,0,0,0,0,0,0,0,0,0,0,0,0,0,0,0,0,0,0,0,0,0,0,0,0,0,0,0,0,0,0,0,0,0,0,0,0,0,0,0,0,0,0,0,0,0,0,0,0,0,0,0,0,0,0,0,0,0,0,0,0,0,0,0,0,0,0,0,0,0
1,4,0
0,0,0,0,0,0,0,0,0,0,0,0,0,0,0,0,0,0,0,0,0,0,0,0,0,0,0,0,0,0,0,0,0,0,0,0,0,0,0,0,0,0,0,0,0,0,0,0,0,0,0,0,0,0,0,0,0,0,0,0,0,0,0,0,0,0,0,0,0,0,0,0,0,0,0,0,0,0,0,0,0,0,0,0,0,0,0,0,0,0,0,0,0,0,0,0,0,0,0,0
2,0,0
0,0,0,0,0,0,0,0,0,0,0,0,0,0,0,0,0,0,0,0,0,0,0,0,0,0,0,0,0,0,0,0,0,0,0,0,0,0,0,0,0,0,0,0,0,0,0,0,0,0,0,0,0,0,0,0,0,0,0,0,0,0,0,0,0,0,0,0,0,0,0,0,0,0,0,0,0,0,0,0,0,0,0,0,0,0,0,0,0,0,0,0,0,0,0,0,0,0,0,0
2,1,0
0,0,0,0,0,0,0,0,0,0,0,0,0,0,0,0,0,0,0,0,0,0,0,0,0,0,0,0,0,0,0,0,0,0,0,0,0,0,0,0,0,0,0,0,0,0,0,0,0,0,0,0,0,0,0,0,0,0,0,0,0,0,0,0,0,0,0,0,0,0,0,0,0,0,0,0,0,0,0,0,0,0,0,0,0,0,0,0,0,0,0,0,0,0,0,0,0,0,0,0
2,2,0
0,0,0,0,0,0,0,0,0,0,0,0,0,0,0,0,0,0,0,0,0,0,0,0,0,0,0,0,0,0,0,0,0,0,0,0,0,0,0,0,0,0,0,0,0,0,0,0,0,0,0,0,0,0,0,0,0,0,0,0,0,0,0,0,0,0,0,0,0,0,0,0,0,0,0,0,0,0,0,0,0,0,0,0,0,0,0,0,0,0,0,0,0,0,0,0,0,0,0,0
2,3,0
0.000712863,0.00191324,0.00320244,0.00435715,0.00547364,0.00661323,0.00778122,0.00930264,0.0119701,0.0155172,0.0184248,0.0218079,0.0263464,0.0297922,0.0304985,0.0278172,0.0232427,0.0203275,0.0188235,0.0164464,0.0164682,0.0183771,0.0186951,0.017823,0.0156889,0.0142618,0.0165417,0.0204135,0.0214887,0.0195959,0.0161094,0.0140216,0.0136119,0.0137384,0.0138231,0.0138453,0.0138461,0.0138358,0.0138068,0.0138417,0.0141618,0.0147363,0.0150819,0.0151555,0.0151735,0.0152329,0.0153538,0.0155528,0.0158255,0.0159923,0.0156271,0.013992,0.0162148,0.0207978,0.0232696,0.0241227,0.0240136,0.0226549,0.0213797,0.0195923,0.0182597,0.0184776,0.0215414,0.0260377,0.0269597,0.0262556,0.0277377,0.0282854,0.0299199,0.030305,0.027772,0.0257683,0.0252084,0.0254259,0.0270643,0.0298282,0.0305607,0.0275605,0.0227195,0.0214429,0.0259529,0.0310233,0.0324001,0.03226,0.0289808,0.024297,0.0193819,0.0161192,0.0144279,0.0131926,0.0119664,0.0107547,0.00968564,0.00904383,0.00864625,0.0075887,0.0059199,0.00420307,0.0026306,0.00122649
2,4,0
0.0025206,0.0059319,0.00856633,0.0123651,0.0299859,0.070025,0.0950972,0.0928968,0.0699176,0.0522238,0.0595055,0.0605187,0.0673237,0.0828951,0.090449,0.0810973,0.0749889,0.0742166,0.0720514,0.0790586,0.0825687,0.0808782,0.0855489,0.0974364,0.104852,0.103554,0.0929052,0.0889479,0.0962337,0.100999,0.096811,0.0881908,0.0810866,0.0732977,0.0615025,0.0544415,0.0538929,0.0605508,0.0721123,0.0803655,0.082901,0.0827336,0.0795354,0.0723313,0.0673432,0.0715458,0.0764654,0.0778523,0.075788,0.067904,0.0541255,0.0535285,0.052807,0.0529057,0.0558482,0.0611605,0.061749,0.0565678,0.0461875,0.0398496,0.0387907,0.0396091,0.0394827,0.0379043,0.0347044,0.0347019,0.0388132,0.0399413,0.0358072,0.0337241,0.0337173,0.0320289,0.0281645,0.026666,0.0311741,0.0355934,0.0411454,0.0436118,0.0437641,0.0427522,0.0395075,0.0344571,0.0335587,0.0344851,0.0305876,0.0232632,0.0229914,0.0240996,0.0221792,0.0165393,0.0123153,0.0117614,0.0128008,0.0123989,0.0109115,0.00876671,0.00649792,0.00418159,0.00216219,0.00106704
3,0,0
0,0,0,0,0,0,0,0,0,0,0,0,0,0,0,0,0,0,0,0,0,0,0,0,0,0,0,0,0,0,0,0,0,0,0,0,0,0,0,0,0,0,0,0,0,0,0,0,0,0,0,0,0,0,0,0,0,0,0,0,0,0,0,0,0,0,0,0,0,0,0,0,0,0,0,0,0,0,0,0,0,0,0,0,0,0,0,0,0,0,0,0,0,0,0,0,0,0,0,0
3,1,0
0,0,0,0,0,0,0,0,0,0,0,0,0,0,0,0,0,0,0,0,0,0,0,0,0,0,0,0,0,0,0,0,0,0,0,0,0,0,0,0,0,0,0,0,0,0,0,0,0,0,0,0,0,0,0,0,0,0,0,0,0,0,0,0,0,0,0,0,0,0,0,0,0,0,0,0,0,0,0,0,0,0,0,0,0,0,0,0,0,0,0,0,0,0,0,0,0,0,0,0
3,2,0
0.000225463,0.000598765,0.000938658,0.00113046,0.00136397,0.00174363,0.00222917,0.002607,0.00302874,0.00351479,0.00386253,0.00406121,0.00421732,0.00436896,0.00450405,0.00467356,0.0050089,0.00529712,0.00578381,0.00612913,0.00836103,0.00994371,0.0105991,0.00857379,0.00575335,0.00747528,0.00702779,0.0050419,0.00417151,0.00554488,0.00574436,0.0053538,0.00474888,0.00466448,0.0052804,0.00689007,0.00935285,0.0110298,0.0112915,0.010751,0.0106089,0.0109793,0.0114468,0.0118394,0.0121532,0.0123889,0.0125558,0.0126498,0.0128829,0.0138524,0.0150669,0.0141662,0.0116872,0.0112847,0.0125955,0.0124599,0.0116426,0.0112876,0.0112248,0.0112608,0.0113652,0.0115034,0.0116786,0.0118745,0.012111,0.0123931,0.0127317,0.013068,0.0130575,0.0124359,0.0121688,0.0140347,0.0163402,0.0153915,0.0120453,0.0111626,0.0131131,0.0171999,0.016262,0.0119188,0.0092447,0.0118931,0.0145793,0.0151498,0.0160725,0.014996,0.0126197,0.00962229,0.00639551,0.00391213,0.00369284,0.00410476,0.00369692,0.00343623,0.00329697,0.00293021,0.00224821,0.00167864,0.0011074,0.000558061
3,3,0
0,0,0,0,0,0,0,0,0,0,0,0,0,0,0,0,0,0,0,0,0,0,0,0,0,0,0,0,0,0,0,0,0,0,0,0,0,0,0,0,0,0,0,0,0,0,0,0,0,0,0,0,0,0,0,0,0,0,0,0,0,0,0,0,0,0,0,0,0,0,0,0,0,0,0,0,0,0,0,0,0,0,0,0,0,0,0,0,0,0,0,0,0,0,0,0,0,0,0,0
3,4,0
0,0,0,0,0,0,0,0,0,0,0,0,0,0,0,0,0,0,0,0,0,0,0,0,0,0,0,0,0,0,0,0,0,0,0,0,0,0,0,0,0,0,0,0,0,0,0,0,0,0,0,0,0,0,0,0,0,0,0,0,0,0,0,0,0,0,0,0,0,0,0,0,0,0,0,0,0,0,0,0,0,0,0,0,0,0,0,0,0,0,0,0,0,0,0,0,0,0,0,0
4,0,0
0,0,0,0,0,0,0,0,0,0,0,0,0,0,0,0,0,0,0,0,0,0,0,0,0,0,0,0,0,0,0,0,0,0,0,0,0,0,0,0,0,0,0,0,0,0,0,0,0,0,0,0,0,0,0,0,0,0,0,0,0,0,0,0,0,0,0,0,0,0,0,0,0,0,0,0,0,0,0,0,0,0,0,0,0,0,0,0,0,0,0,0,0,0,0,0,0,0,0,0
4,1,0
0,0,0,0,0,0,0,0,0,0,0,0,0,0,0,0,0,0,0,0,0,0,0,0,0,0,0,0,0,0,0,0,0,0,0,0,0,0,0,0,0,0,0,0,0,0,0,0,0,0,0,0,0,0,0,0,0,0,0,0,0,0,0,0,0,0,0,0,0,0,0,0,0,0,0,0,0,0,0,0,0,0,0,0,0,0,0,0,0,0,0,0,0,0,0,0,0,0,0,0
4,2,0
0,0,0,0,0,0,0,0,0,0,0,0,0,0,0,0,0,0,0,0,0,0,0,0,0,0,0,0,0,0,0,0,0,0,0,0,0,0,0,0,0,0,0,0,0,0,0,0,0,0,0,0,0,0,0,0,0,0,0,0,0,0,0,0,0,0,0,0,0,0,0,0,0,0,0,0,0,0,0,0,0,0,0,0,0,0,0,0,0,0,0,0,0,0,0,0,0,0,0,0
4,3,0
0,0,0,0,0,0,0,0,0,0,0,0,0,0,0,0,0,0,0,0,0,0,0,0,0,0,0,0,0,0,0,0,0,0,0,0,0,0,0,0,0,0,0,0,0,0,0,0,0,0,0,0,0,0,0,0,0,0,0,0,0,0,0,0,0,0,0,0,0,0,0,0,0,0,0,0,0,0,0,0,0,0,0,0,0,0,0,0,0,0,0,0,0,0,0,0,0,0,0,0
4,4,0
0,0,0,0,0,0,0,0,0,0,0,0,0,0,0,0,0,0,0,0,0,0,0,0,0,0,0,0,0,0,0,0,0,0,0,0,0,0,0,0,0,0,0,0,0,0,0,0,0,0,0,0,0,0,0,0,0,0,0,0,0,0,0,0,0,0,0,0,0,0,0,0,0,0,0,0,0,0,0,0,0,0,0,0,0,0,0,0,0,0,0,0,0,0,0,0,0,0,0,0
