Locations,5
Location Intervals,20
Sector Intervals,36
Edge,0,Number,0
0,0,0,0,0,0,0,0,0,0,0,0,0,0,0,0,0,0,0,0,0,0,0,0,0,0,0,0,0,0,0,0,0,0,0,0,0,0,0,0,0,0,0,0,0,0,0,0,0,0,0,0,0,0,0,0,0,0,0,0
Edge,1,Number,0
-0.173275,-0.139122,1.71705,-0.150297,-0.121106,1.69795,-0.125663,-0.104678,1.68108,-0.0996533,-0.0891112,1.66585,-0.0726107,-0.0742376,1.65215,-0.0445064,-0.0598519,1.63984,-0.0156671,-0.0460234,1.62898,0.0139258,-0.0326873,1.61952,0.0442039,-0.0198496,1.61147,0.0749895,-0.00758107,1.60487,0.106281,0.00411724,1.59971,0.137976,0.015177,1.59601,0.1701,0.0255689,1.59376,0.202523,0.0351855,1.59294,0.235178,0.043905,1.59352,0.268166,0.0516164,1.59543,0.301346,0.058038,1.59846,0.334873,0.062785,1.60224,0.369076,0.0650355,1.60564,0.405449,0.0625556,1.60454
Edge,2,Number,0
-0.164558,-0.0959067,1.75842,-0.154809,-0.074257,1.75868,-0.14506,-0.0526073,1.75894,-0.135311,-0.0309575,1.7592,-0.125562,-0.00930778,1.75946,-0.115813,0.012342,1.75972,-0.106064,0.0339917,1.75998,-0.0963152,0.0556414,1.76024,-0.0865663,0.0772912,1.7605,-0.0768174,0.0989409,1.76076,-0.0670684,0.120591,1.76102,-0.0573195,0.14224,1.76128,-0.0475706,0.16389,1.76154,-0.0378216,0.18554,1.7618,-0.0280727,0.20719,1.76205,-0.0183238,0.228839,1.76231,-0.00857483,0.250489,1.76257,0.00117411,0.272139,1.76283,0.010923,0.293789,1.76309,0.020672,0.315438,1.76335
Edge,3,Number,0
-0.126268,-0.184672,1.76861,-0.119684,-0.184827,1.76956,-0.113101,-0.184981,1.77052,-0.106517,-0.185135,1.77147,-0.099933,-0.18529,1.77243,-0.0933492,-0.185444,1.77338,-0.0867654,-0.185599,1.77433,-0.0801816,-0.185753,1.77529,-0.0735978,-0.185907,1.77624,-0.0670139,-0.186062,1.7772,-0.0604301,-0.186216,1.77815,-0.0538463,-0.186371,1.77911,-0.0472625,-0.186525,1.78006,-0.0406787,-0.186679,1.78101,-0.0340948,-0.186834,1.78197,-0.027511,-0.186988,1.78292,-0.0209272,-0.187143,1.78388,-0.0143434,-0.187297,1.78483,-0.00775957,-0.187451,1.78579,-0.00117576,-0.187606,1.78674
Edge,4,Number,0
-0.139571,-0.186131,1.68676,-0.123552,-0.186949,1.66912,-0.107533,-0.187768,1.65148,-0.0915132,-0.188586,1.63384,-0.0754937,-0.189404,1.6162,-0.0594743,-0.190222,1.59856,-0.0434549,-0.19104,1.58092,-0.0274355,-0.191858,1.56328,-0.0114161,-0.192676,1.54564,0.00460335,-0.193494,1.528,0.0206228,-0.194312,1.51036,0.0366422,-0.19513,1.49272,0.0526616,-0.195948,1.47508,0.068681,-0.196766,1.45744,0.0847004,-0.197584,1.4398,0.10072,-0.198402,1.42216,0.116739,-0.19922,1.40452,0.132759,-0.200038,1.38688,0.148778,-0.200856,1.36924,0.164798,-0.201674,1.3516
Edge,5,Number,0
0.35925,0.0132554,1.63361,0.333106,0.00414791,1.63936,0.306961,-0.00495962,1.64511,0.280817,-0.0140672,1.65086,0.254673,-0.0231747,1.65661,0.228529,-0.0322822,1.66235,0.202384,-0.0413897,1.6681,0.17624,-0.0504973,1.67385,0.150096,-0.0596048,1.6796,0.123952,-0.0687123,1.68534,0.0978074,-0.0778199,1.69109,0.0716632,-0.0869274,1.69684,0.0455189,-0.0960349,1.70259,0.0193747,-0.105142,1.70834,-0.00676953,-0.11425,1.71408,-0.0329138,-0.123358,1.71983,-0.059058,-0.132465,1.72558,-0.0852022,-0.141573,1.73133,-0.111346,-0.15068,1.73708,-0.137491,-0.159788,1.74282
Edge,6,Number,0
0,0,0,0,0,0,0,0,0,0,0,0,0,0,0,0,0,0,0,0,0,0,0,0,0,0,0,0,0,0,0,0,0,0,0,0,0,0,0,0,0,0,0,0,0,0,0,0,0,0,0,0,0,0,0,0,0,0,0,0
Edge,7,Number,0
0.399395,0.0997802,1.60797,0.380476,0.113293,1.60743,0.361392,0.126114,1.60782,0.342175,0.138604,1.60899,0.322934,0.150893,1.61088,0.303666,0.1631,1.61346,0.28452,0.175228,1.61673,0.265535,0.187329,1.6207,0.246757,0.199437,1.6254,0.228149,0.211641,1.6309,0.209878,0.223903,1.63721,0.192058,0.236226,1.6444,0.1747,0.248688,1.65254,0.15792,0.261317,1.66173,0.141922,0.274082,1.67198,0.126831,0.287055,1.68336,0.112836,0.300241,1.69583,0.100062,0.313702,1.70924,0.0882898,0.327689,1.72322,0.0762324,0.342685,1.73664
Edge,8,Number,0
0.381702,0.00246998,1.64693,0.368252,-0.00579536,1.6534,0.354802,-0.0140607,1.65987,0.341351,-0.022326,1.66634,0.327901,-0.0305914,1.67281,0.314451,-0.0388567,1.67928,0.301,-0.0471221,1.68575,0.28755,-0.0553874,1.69222,0.274099,-0.0636527,1.69869,0.260649,-0.0719181,1.70516,0.247199,-0.0801834,1.71163,0.233748,-0.0884487,1.7181,0.220298,-0.0967141,1.72457,0.206847,-0.104979,1.73104,0.193397,-0.113245,1.73751,0.179947,-0.12151,1.74398,0.166496,-0.129775,1.75045,0.153046,-0.138041,1.75692,0.139596,-0.146306,1.76338,0.126145,-0.154571,1.76985
Edge,9,Number,0
0.406749,-0.00147668,1.55416,0.398473,-0.0101293,1.54325,0.390197,-0.0187819,1.53234,0.381921,-0.0274345,1.52142,0.373646,-0.0360871,1.51051,0.36537,-0.0447397,1.4996,0.357094,-0.0533923,1.48869,0.348818,-0.0620449,1.47778,0.340542,-0.0706975,1.46687,0.332266,-0.0793502,1.45596,0.32399,-0.0880028,1.44505,0.315715,-0.0966554,1.43414,0.307439,-0.105308,1.42323,0.299163,-0.113961,1.41232,0.290887,-0.122613,1.40141,0.282611,-0.131266,1.3905,0.274335,-0.139918,1.37959,0.266059,-0.148571,1.36868,0.257784,-0.157224,1.35776,0.249508,-0.165876,1.34685
Edge,10,Number,0
0.010923,0.293789,1.76309,0.00117411,0.272139,1.76283,-0.00857483,0.250489,1.76257,-0.0183238,0.228839,1.76231,-0.0280727,0.20719,1.76205,-0.0378216,0.18554,1.7618,-0.0475706,0.16389,1.76154,-0.0573195,0.14224,1.76128,-0.0670684,0.120591,1.76102,-0.0768174,0.0989409,1.76076,-0.0865663,0.0772912,1.7605,-0.0963152,0.0556414,1.76024,-0.106064,0.0339917,1.75998,-0.115813,0.012342,1.75972,-0.125562,-0.00930778,1.75946,-0.135311,-0.0309575,1.7592,-0.14506,-0.0526073,1.75894,-0.154809,-0.074257,1.75868,-0.164558,-0.0959067,1.75842,-0.174307,-0.117556,1.75817
Edge,11,Number,0
0.117692,0.324275,1.73874,0.132487,0.31192,1.73318,0.147282,0.299566,1.72762,0.162077,0.287211,1.72206,0.176872,0.274857,1.71651,0.191666,0.262503,1.71095,0.206461,0.250148,1.70539,0.221256,0.237794,1.69983,0.236051,0.225439,1.69428,0.250846,0.213085,1.68872,0.26564,0.20073,1.68316,0.280435,0.188376,1.67761,0.29523,0.176021,1.67205,0.310025,0.163667,1.66649,0.32482,0.151312,1.66093,0.339614,0.138958,1.65538,0.354409,0.126603,1.64982,0.369204,0.114249,1.64426,0.383999,0.101894,1.6387,0.398794,0.0895399,1.63315
Edge,12,Number,0
0,0,0,0,0,0,0,0,0,0,0,0,0,0,0,0,0,0,0,0,0,0,0,0,0,0,0,0,0,0,0,0,0,0,0,0,0,0,0,0,0,0,0,0,0,0,0,0,0,0,0,0,0,0,0,0,0,0,0,0
Edge,13,Number,0
0.0535876,0.307694,1.73306,0.0558214,0.285646,1.72575,0.0581156,0.263325,1.71992,0.060348,0.240772,1.71539,0.0624718,0.217993,1.71198,0.0644613,0.195149,1.70962,0.0663135,0.172202,1.70822,0.0680236,0.149155,1.70772,0.069584,0.126137,1.70811,0.0709922,0.103174,1.70934,0.072248,0.080203,1.7114,0.0733433,0.0573238,1.71429,0.0742667,0.0345788,1.71799,0.0750205,0.0119483,1.72251,0.0755855,-0.0105392,1.72785,0.0759476,-0.0327321,1.73399,0.0760871,-0.0547739,1.74099,0.075968,-0.0764833,1.74881,0.0755215,-0.0980387,1.75752,0.0804328,-0.0692549,1.74993
Edge,14,Number,0
0.0558448,0.347981,1.68142,0.0617557,0.328773,1.65102,0.0681627,0.308418,1.62227,0.0749564,0.286963,1.59451,0.0820064,0.264662,1.56775,0.0892982,0.241458,1.5418,0.0967839,0.217431,1.51671,0.104444,0.192597,1.49248,0.112254,0.166986,1.4692,0.120227,0.140511,1.44684,0.128314,0.113273,1.42557,0.136522,0.0852206,1.40546,0.144868,0.0562552,1.38658,0.153303,0.0265044,1.36914,0.161841,-0.00412573,1.35327,0.170472,-0.0355984,1.33918,0.179222,-0.0679966,1.32703,0.188055,-0.101042,1.31709,0.197171,-0.134954,1.30913,0.208619,-0.173422,1.29994
Edge,15,Number,0
-0.00775957,-0.187451,1.78579,-0.0143434,-0.187297,1.78483,-0.0209272,-0.187143,1.78388,-0.027511,-0.186988,1.78292,-0.0340948,-0.186834,1.78197,-0.0406787,-0.186679,1.78101,-0.0472625,-0.186525,1.78006,-0.0538463,-0.186371,1.77911,-0.0604301,-0.186216,1.77815,-0.0670139,-0.186062,1.7772,-0.0735978,-0.185907,1.77624,-0.0801816,-0.185753,1.77529,-0.0867654,-0.185599,1.77433,-0.0933492,-0.185444,1.77338,-0.099933,-0.18529,1.77243,-0.106517,-0.185135,1.77147,-0.113101,-0.184981,1.77052,-0.119684,-0.184827,1.76956,-0.126268,-0.184672,1.76861,-0.132852,-0.184518,1.76765
Edge,16,Number,0
0.139596,-0.146306,1.76338,0.153046,-0.138041,1.75692,0.166496,-0.129775,1.75045,0.179947,-0.12151,1.74398,0.193397,-0.113245,1.73751,0.206847,-0.104979,1.73104,0.220298,-0.0967141,1.72457,0.233748,-0.0884487,1.7181,0.247199,-0.0801834,1.71163,0.260649,-0.0719181,1.70516,0.274099,-0.0636527,1.69869,0.28755,-0.0553874,1.69222,0.301,-0.0471221,1.68575,0.314451,-0.0388567,1.67928,0.327901,-0.0305914,1.67281,0.341351,-0.022326,1.66634,0.354802,-0.0140607,1.65987,0.368252,-0.00579536,1.6534,0.381702,0.00246998,1.64693,0.395153,0.0107353,1.64046
Edge,17,Number,0
0.0683688,-0.09155,1.76299,0.0678464,-0.0699637,1.75666,0.067219,-0.048293,1.75106,0.0665212,-0.0265251,1.74608,0.0657718,-0.00457758,1.74164,0.0649899,0.0173943,1.73775,0.0641803,0.0394521,1.73437,0.0633511,0.0616292,1.73151,0.0625121,0.0838346,1.72918,0.0616685,0.106111,1.72741,0.0608241,0.128375,1.72622,0.0599848,0.150716,1.72565,0.0591545,0.173049,1.72574,0.0583423,0.195332,1.72655,0.0575476,0.217657,1.72814,0.0567869,0.239856,1.73058,0.0560644,0.261965,1.73392,0.0553912,0.283957,1.73817,0.0547817,0.305829,1.74314,0.0543455,0.248756,1.73473
Edge,18,Number,0
0,0,0,0,0,0,0,0,0,0,0,0,0,0,0,0,0,0,0,0,0,0,0,0,0,0,0,0,0,0,0,0,0,0,0,0,0,0,0,0,0,0,0,0,0,0,0,0,0,0,0,0,0,0,0,0,0,0,0,0
Edge,19,Number,0
0.0946416,-0.191858,1.71017,0.0998259,-0.192396,1.69213,0.10501,-0.192934,1.67409,0.110195,-0.193472,1.65605,0.115379,-0.19401,1.63801,0.120563,-0.194548,1.61997,0.125748,-0.195086,1.60193,0.130932,-0.195624,1.58389,0.136116,-0.196162,1.56585,0.141301,-0.1967,1.54781,0.146485,-0.197238,1.52977,0.151669,-0.197776,1.51173,0.156854,-0.198314,1.4937,0.162038,-0.198852,1.47566,0.167222,-0.19939,1.45762,0.172407,-0.199928,1.43958,0.177591,-0.200466,1.42154,0.182775,-0.201004,1.4035,0.18796,-0.201542,1.38546,0.193144,-0.20208,1.36742
Edge,20,Number,0
0.148778,-0.200856,1.36924,0.132759,-0.200038,1.38688,0.116739,-0.19922,1.40452,0.10072,-0.198402,1.42216,0.0847004,-0.197584,1.4398,0.068681,-0.196766,1.45744,0.0526616,-0.195948,1.47508,0.0366422,-0.19513,1.49272,0.0206228,-0.194312,1.51036,0.00460335,-0.193494,1.528,-0.0114161,-0.192676,1.54564,-0.0274355,-0.191858,1.56328,-0.0434549,-0.19104,1.58092,-0.0594743,-0.190222,1.59856,-0.0754937,-0.189404,1.6162,-0.0915132,-0.188586,1.63384,-0.107533,-0.187768,1.65148,-0.123552,-0.186949,1.66912,-0.139571,-0.186131,1.68676,-0.155591,-0.185313,1.7044
Edge,21,Number,0
0.257784,-0.157224,1.35776,0.266059,-0.148571,1.36868,0.274335,-0.139918,1.37959,0.282611,-0.131266,1.3905,0.290887,-0.122613,1.40141,0.299163,-0.113961,1.41232,0.307439,-0.105308,1.42323,0.315715,-0.0966554,1.43414,0.32399,-0.0880028,1.44505,0.332266,-0.0793502,1.45596,0.340542,-0.0706975,1.46687,0.348818,-0.0620449,1.47778,0.357094,-0.0533923,1.48869,0.36537,-0.0447397,1.4996,0.373646,-0.0360871,1.51051,0.381921,-0.0274345,1.52142,0.390197,-0.0187819,1.53234,0.398473,-0.0101293,1.54325,0.406749,-0.00147668,1.55416,0.415025,0.00717593,1.56507
Edge,22,Number,0
0.191056,-0.125611,1.36111,0.184438,-0.101843,1.38003,0.177821,-0.0780749,1.39895,0.171203,-0.0543066,1.41787,0.164586,-0.0305384,1.43678,0.157968,-0.00677007,1.4557,0.15135,0.0169982,1.47462,0.144733,0.0407665,1.49354,0.138115,0.0645348,1.51246,0.131497,0.0883031,1.53137,0.12488,0.112071,1.55029,0.118262,0.13584,1.56921,0.111644,0.159608,1.58813,0.105027,0.183376,1.60705,0.098409,0.207145,1.62596,0.0917914,0.230913,1.64488,0.0851737,0.254681,1.6638,0.0785561,0.278449,1.68272,0.0719384,0.302218,1.70164,0.0653208,0.325986,1.72055
Edge,23,Number,0
0.18796,-0.201542,1.38546,0.182775,-0.201004,1.4035,0.177591,-0.200466,1.42154,0.172407,-0.199928,1.43958,0.167222,-0.19939,1.45762,0.162038,-0.198852,1.47566,0.156854,-0.198314,1.4937,0.151669,-0.197776,1.51173,0.146485,-0.197238,1.52977,0.141301,-0.1967,1.54781,0.136116,-0.196162,1.56585,0.130932,-0.195624,1.58389,0.125748,-0.195086,1.60193,0.120563,-0.194548,1.61997,0.115379,-0.19401,1.63801,0.110195,-0.193472,1.65605,0.10501,-0.192934,1.67409,0.0998259,-0.192396,1.69213,0.0946416,-0.191858,1.71017,0.0894572,-0.19132,1.72821
Edge,24,Number,0
0,0,0,0,0,0,0,0,0,0,0,0,0,0,0,0,0,0,0,0,0,0,0,0,0,0,0,0,0,0,0,0,0,0,0,0,0,0,0,0,0,0,0,0,0,0,0,0,0,0,0,0,0,0,0,0,0,0,0,0
