Locations,3
Location Intervals,20
Sector Intervals,36
Edge,0,Number,0
0,0,0,0,0,0,0,0,0,0,0,0,0,0,0,0,0,0,0,0,0,0,0,0,0,0,0,0,0,0,0,0,0,0,0,0,0,0,0,0,0,0,0,0,0,0,0,0,0,0,0,0,0,0,0,0,0,0,0,0
Edge,1,Number,0
-0.170306,-0.196794,1.64228,-0.16052,-0.184872,1.6426,-0.150672,-0.173141,1.64425,-0.140436,-0.161875,1.64682,-0.129659,-0.151284,1.65014,-0.118199,-0.141643,1.65413,-0.105932,-0.133142,1.65876,-0.0929508,-0.126133,1.6639,-0.0792938,-0.12082,1.66946,-0.0651074,-0.117427,1.67528,-0.0505483,-0.11612,1.68126,-0.0359733,-0.116935,1.68721,-0.0215636,-0.119693,1.69308,-0.00754497,-0.124074,1.69877,0.00600443,-0.129737,1.70431,0.0192062,-0.13647,1.70975,0.0320838,-0.144085,1.71513,0.0446204,-0.152423,1.72049,0.0569459,-0.161433,1.72592,0.0690789,-0.17094,1.73158
Edge,2,Number,0
-0.13565,-0.24749,1.65421,-0.120316,-0.246983,1.64644,-0.104983,-0.246476,1.63867,-0.089649,-0.245969,1.63091,-0.0743154,-0.245462,1.62314,-0.0589818,-0.244955,1.61538,-0.0436482,-0.244448,1.60761,-0.0283146,-0.243941,1.59984,-0.012981,-0.243434,1.59208,0.00235264,-0.242927,1.58431,0.0176863,-0.24242,1.57654,0.0330199,-0.241913,1.56878,0.0483535,-0.241406,1.56101,0.0636871,-0.240899,1.55324,0.0790207,-0.240392,1.54548,0.0943543,-0.239885,1.53771,0.109688,-0.239378,1.52994,0.125022,-0.238871,1.52218,0.140355,-0.238365,1.51441,0.155689,-0.237858,1.50665
Edge,3,Number,0
0.0432078,-0.228239,1.72512,0.0339922,-0.229035,1.72385,0.0247766,-0.22983,1.72257,0.015561,-0.230626,1.72129,0.00634541,-0.231422,1.72002,-0.00287019,-0.232217,1.71874,-0.0120858,-0.233013,1.71746,-0.0213014,-0.233808,1.71619,-0.030517,-0.234604,1.71491,-0.0397326,-0.235399,1.71363,-0.0489482,-0.236195,1.71236,-0.0581638,-0.236991,1.71108,-0.0673794,-0.237786,1.7098,-0.076595,-0.238582,1.70853,-0.0858106,-0.239377,1.70725,-0.0950263,-0.240173,1.70597,-0.104242,-0.240968,1.7047,-0.113457,-0.241764,1.70342,-0.122673,-0.24256,1.70214,-0.131889,-0.243355,1.70087
Edge,4,Number,0
0,0,0,0,0,0,0,0,0,0,0,0,0,0,0,0,0,0,0,0,0,0,0,0,0,0,0,0,0,0,0,0,0,0,0,0,0,0,0,0,0,0,0,0,0,0,0,0,0,0,0,0,0,0,0,0,0,0,0,0
Edge,5,Number,0
0.105662,-0.164675,1.70255,0.105645,-0.153138,1.69426,0.106646,-0.142869,1.6823,0.10842,-0.134807,1.66802,0.110857,-0.128908,1.65259,0.113873,-0.124844,1.63661,0.117426,-0.122363,1.62038,0.121499,-0.12132,1.60408,0.126023,-0.121616,1.58802,0.131076,-0.123183,1.57202,0.136578,-0.125946,1.55642,0.14257,-0.12986,1.54121,0.149008,-0.134826,1.52659,0.155932,-0.140798,1.51258,0.163415,-0.147751,1.49924,0.171452,-0.155603,1.48684,0.180219,-0.164376,1.47552,0.189925,-0.174108,1.4657,0.200932,-0.184828,1.4583,0.213739,-0.196266,1.45549
Edge,6,Number,0
0.155689,-0.237858,1.50665,0.140355,-0.238365,1.51441,0.125022,-0.238871,1.52218,0.109688,-0.239378,1.52994,0.0943543,-0.239885,1.53771,0.0790207,-0.240392,1.54548,0.0636871,-0.240899,1.55324,0.0483535,-0.241406,1.56101,0.0330199,-0.241913,1.56878,0.0176863,-0.24242,1.57654,0.00235264,-0.242927,1.58431,-0.012981,-0.243434,1.59208,-0.0283146,-0.243941,1.59984,-0.0436482,-0.244448,1.60761,-0.0589818,-0.244955,1.61538,-0.0743154,-0.245462,1.62314,-0.089649,-0.245969,1.63091,-0.104983,-0.246476,1.63867,-0.120316,-0.246983,1.64644,-0.13565,-0.24749,1.65421
Edge,7,Number,0
0.198717,-0.231887,1.53992,0.195995,-0.231543,1.54656,0.193274,-0.231198,1.5532,0.190552,-0.230854,1.55984,0.18783,-0.23051,1.56648,0.185108,-0.230165,1.57311,0.182386,-0.229821,1.57975,0.179664,-0.229477,1.58639,0.176942,-0.229132,1.59303,0.17422,-0.228788,1.59967,0.171498,-0.228444,1.6063,0.168776,-0.228099,1.61294,0.166054,-0.227755,1.61958,0.163332,-0.227411,1.62622,0.16061,-0.227066,1.63286,0.157888,-0.226722,1.63949,0.155167,-0.226378,1.64613,0.152445,-0.226033,1.65277,0.149723,-0.225689,1.65941,0.147001,-0.225345,1.66605
Edge,8,Number,0
0,0,0,0,0,0,0,0,0,0,0,0,0,0,0,0,0,0,0,0,0,0,0,0,0,0,0,0,0,0,0,0,0,0,0,0,0,0,0,0,0,0,0,0,0,0,0,0,0,0,0,0,0,0,0,0,0,0,0,0
