0.000000,0.000000,-1.000000,-1.000000,0.000000,-1.000000,0.036014,-0.223396,0.137676,1.790430
1.000000,0.000000,-1.000000,-1.000000,0.000000,-1.000000,0.033059,-0.220464,0.140197,1.792890
2.000000,0.000000,-1.000000,-1.000000,0.000000,-1.000000,0.031337,-0.219994,0.141702,1.794083
3.000000,0.000000,-1.000000,-1.000000,0.000000,-1.000000,0.029278,-0.219734,0.143601,1.795043
4.000000,0.000000,-1.000000,-1.000000,0.000000,-1.000000,0.027772,-0.219519,0.144997,1.795716
5.000000,0.000000,-1.000000,-1.000000,0.000000,-1.000000,0.026682,-0.219365,0.146004,1.796220
6.000000,0.000000,-1.000000,-1.000000,0.000000,-1.000000,0.025883,-0.219167,0.146776,1.796443
7.000000,0.000000,-1.000000,-1.000000,0.000000,-1.000000,0.025365,-0.219139,0.147253,1.796685
8.000000,0.000000,-1.000000,-1.000000,0.000000,-1.000000,0.024912,-0.219058,0.147695,1.796790
9.000000,0.000000,-1.000000,-1.000000,0.000000,-1.000000,0.023397,-0.218339,0.149148,1.797277
10.000000,0.000000,-1.000000,-1.000000,0.000000,-1.000000,0.022510,-0.218202,0.150053,1.797307
11.000000,0.000000,-1.000000,-1.000000,0.000000,-1.000000,0.021839,-0.217877,0.150765,1.797218
12.000000,0.000000,-1.000000,-1.000000,0.000000,-1.000000,0.021610,-0.217581,0.151051,1.797006
13.000000,0.000000,-1.000000,-1.000000,0.000000,-1.000000,0.021578,-0.217372,0.151154,1.796706
14.000000,0.000000,-1.000000,-1.000000,0.000000,-1.000000,0.021474,-0.217132,0.151310,1.796501
15.000000,0.000000,-1.000000,-1.000000,0.000000,-1.000000,0.021420,-0.217000,0.151362,1.796521
16.000000,0.000000,-1.000000,-1.000000,0.000000,-1.000000,0.021003,-0.216748,0.151553,1.797597
17.000000,0.000000,-1.000000,-1.000000,0.000000,-1.000000,0.020270,-0.216811,0.151843,1.799661
18.000000,0.000000,-1.000000,-1.000000,0.000000,-1.000000,0.019434,-0.217125,0.152123,1.802229
19.000000,0.000000,-1.000000,-1.000000,0.000000,-1.000000,0.018524,-0.217283,0.152554,1.804466
20.000000,0.000000,-1.000000,-1.000000,0.000000,-1.000000,0.017797,-0.217461,0.152848,1.806474
21.000000,0.000000,-1.000000,-1.000000,0.000000,-1.000000,0.017227,-0.217623,0.153014,1.808341
22.000000,0.000000,-1.000000,-1.000000,0.000000,-1.000000,0.016533,-0.217782,0.153273,1.810362
23.000000,0.000000,-1.000000,-1.000000,0.000000,-1.000000,0.015962,-0.218014,0.153446,1.812197
24.000000,0.000000,-1.000000,-1.000000,0.000000,-1.000000,0.015414,-0.218114,0.153626,1.813897
25.000000,0.000000,-1.000000,-1.000000,0.000000,-1.000000,0.014883,-0.218467,0.153918,1.815007
26.000000,0.000000,-1.000000,-1.000000,0.000000,-1.000000,0.014894,-0.218478,0.153952,1.814806
27.000000,0.000000,-1.000000,-1.000000,0.000000,-1.000000,0.014912,-0.218581,0.153917,1.814871
28.000000,0.000000,-1.000000,-1.000000,0.000000,-1.000000,0.015029,-0.218918,0.153685,1.815349
29.000000,0.000000,-1.000000,-1.000000,0.000000,-1.000000,0.014864,-0.219214,0.153700,1.816026
30.000000,0.000000,-1.000000,-1.000000,0.000000,-1.000000,0.014594,-0.219609,0.153792,1.816828
31.000000,0.000000,-1.000000,-1.000000,0.000000,-1.000000,0.014482,-0.219829,0.153799,1.817293
32.000000,0.000000,-1.000000,-1.000000,0.000000,-1.000000,0.014435,-0.219974,0.153803,1.817489
33.000000,0.000000,-1.000000,-1.000000,0.000000,-1.000000,0.014269,-0.220356,0.153847,1.818024
34.000000,0.000000,-1.000000,-1.000000,0.000000,-1.000000,0.014430,-0.220478,0.153691,1.817979
35.000000,0.000000,-1.000000,-1.000000,0.000000,-1.000000,0.014214,-0.220891,0.153778,1.818558
36.000000,0.000000,-1.000000,-1.000000,0.000000,-1.000000,0.013869,-0.221154,0.154053,1.818891
37.000000,0.000000,-1.000000,-1.000000,0.000000,-1.000000,0.013561,-0.221532,0.154328,1.819048
38.000000,0.000000,-1.000000,-1.000000,0.000000,-1.000000,0.013323,-0.221957,0.154522,1.819249
39.000000,0.000000,-1.000000,-1.000000,0.000000,-1.000000,0.013181,-0.222248,0.154654,1.819288
40.000000,0.000000,-1.000000,-1.000000,0.000000,-1.000000,0.013008,-0.222585,0.154776,1.819512
41.000000,0.000000,-1.000000,-1.000000,0.000000,-1.000000,0.012709,-0.222973,0.154971,1.819988
42.000000,0.000000,-1.000000,-1.000000,0.000000,-1.000000,0.012614,-0.223150,0.155066,1.819988
43.000000,0.000000,-1.000000,-1.000000,0.000000,-1.000000,0.012485,-0.223386,0.155146,1.820209
44.000000,0.000000,-1.000000,-1.000000,0.000000,-1.000000,0.012572,-0.223295,0.155071,1.820149
45.000000,0.000000,-1.000000,-1.000000,0.000000,-1.000000,0.012809,-0.223170,0.154905,1.819813
46.000000,0.000000,-1.000000,-1.000000,0.000000,-1.000000,0.013013,-0.222886,0.154780,1.819454
47.000000,0.000000,-1.000000,-1.000000,0.000000,-1.000000,0.013453,-0.222495,0.154426,1.819044
48.000000,0.000000,-1.000000,-1.000000,0.000000,-1.000000,0.013739,-0.222085,0.154209,1.818732
49.000000,0.000000,-1.000000,-1.000000,0.000000,-1.000000,0.014036,-0.221704,0.153977,1.818426
50.000000,0.000000,-1.000000,-1.000000,0.000000,-1.000000,0.014361,-0.221311,0.153719,1.818114
51.000000,0.000000,-1.000000,-1.000000,0.000000,-1.000000,0.014596,-0.220924,0.153517,1.817968
52.000000,0.000000,-1.000000,-1.000000,0.000000,-1.000000,0.014745,-0.220560,0.153436,1.817671
53.000000,0.000000,-1.000000,-1.000000,0.000000,-1.000000,0.014880,-0.220083,0.153563,1.816509
54.000000,0.000000,-1.000000,-1.000000,0.000000,-1.000000,0.015114,-0.219698,0.153614,1.815228
55.000000,0.000000,-1.000000,-1.000000,0.000000,-1.000000,0.015186,-0.219475,0.153786,1.814142
56.000000,0.000000,-1.000000,-1.000000,0.000000,-1.000000,0.014975,-0.219420,0.154209,1.813218
57.000000,0.000000,-1.000000,-1.000000,0.000000,-1.000000,0.014888,-0.219515,0.154450,1.812533
58.000000,0.000000,-1.000000,-1.000000,0.000000,-1.000000,0.014901,-0.219689,0.154607,1.811757
59.000000,0.000000,-1.000000,-1.000000,0.000000,-1.000000,0.015100,-0.219828,0.154538,1.811143
60.000000,0.000000,-1.000000,-1.000000,0.000000,-1.000000,0.015109,-0.220054,0.154660,1.810538
61.000000,0.000000,-1.000000,-1.000000,0.000000,-1.000000,0.015196,-0.220242,0.154726,1.809828
62.000000,0.000000,-1.000000,-1.000000,0.000000,-1.000000,0.015265,-0.220587,0.154580,1.810149
63.000000,0.000000,-1.000000,-1.000000,0.000000,-1.000000,0.015293,-0.220665,0.154469,1.810510
64.000000,3.000000,60.000000,60.000000,0.001266,0.000000,0.015766,-0.220675,0.153959,1.810627
65.000000,1.000000,60.000000,60.000000,0.001367,0.000000,0.016393,-0.220442,0.153365,1.810423
66.000000,1.000000,60.000000,60.000000,0.001711,0.000000,0.016984,-0.220159,0.152842,1.810069
67.000000,1.000000,60.000000,60.000000,0.001857,0.000000,0.017373,-0.219918,0.152472,1.809957
68.000000,1.000000,60.000000,60.000000,0.001804,0.000000,0.017555,-0.219773,0.152327,1.809781
69.000000,1.000000,60.000000,60.000000,0.001928,0.000000,0.017907,-0.219600,0.152003,1.809627
70.000000,1.000000,60.000000,60.000000,0.002169,0.000000,0.018275,-0.219209,0.151724,1.809213
71.000000,1.000000,60.000000,60.000000,0.002327,0.000000,0.018451,-0.218858,0.151666,1.808686
72.000000,1.000000,60.000000,60.000000,0.002326,0.000000,0.018552,-0.218619,0.151651,1.808300
73.000000,1.000000,60.000000,60.000000,0.002349,0.000000,0.018485,-0.218297,0.151825,1.807849
74.000000,1.000000,60.000000,60.000000,0.002359,0.000000,0.018390,-0.218045,0.152022,1.807422
75.000000,1.000000,60.000000,60.000000,0.002495,0.000000,0.018269,-0.217768,0.152258,1.806931
76.000000,1.000000,60.000000,60.000000,0.002888,0.000000,0.018209,-0.217375,0.152481,1.806236
77.000000,1.000000,60.000000,60.000000,0.003606,0.000000,0.018383,-0.216865,0.152558,1.805126
78.000000,1.000000,60.000000,60.000000,0.004472,0.000000,0.018522,-0.216309,0.152726,1.803764
79.000000,1.000000,60.000000,60.000000,0.004707,0.000000,0.018637,-0.215793,0.152804,1.802922
80.000000,1.000000,60.000000,60.000000,0.004844,0.000000,0.019015,-0.215429,0.152622,1.802022
81.000000,1.000000,60.000000,60.000000,0.004918,0.000000,0.019301,-0.215056,0.152521,1.801181
82.000000,1.000000,60.000000,60.000000,0.004760,0.000000,0.019453,-0.214772,0.152520,1.800509
83.000000,1.000000,60.000000,60.000000,0.004417,0.000000,0.019639,-0.214557,0.152449,1.799989
84.000000,1.000000,60.000000,60.000000,0.003940,0.000000,0.019775,-0.214350,0.152397,1.799608
85.000000,1.000000,60.000000,60.000000,0.003356,0.000000,0.019765,-0.214262,0.152476,1.799301
86.000000,1.000000,60.000000,60.000000,0.002490,0.000000,0.019720,-0.214270,0.152518,1.799321
87.000000,1.000000,60.000000,60.000000,0.001967,0.000000,0.019870,-0.214185,0.152401,1.799164
88.000000,1.000000,60.000000,60.000000,0.002408,0.000000,0.020320,-0.214422,0.152177,1.798084
89.000000,1.000000,60.000000,60.000000,0.003899,0.000000,0.021736,-0.215531,0.151091,1.796379
90.000000,1.000000,60.000000,60.000000,0.006389,0.000000,0.023981,-0.216500,0.149318,1.793951
91.000000,1.000000,60.000000,60.000000,0.010168,0.000000,0.027699,-0.217445,0.146273,1.790466
92.000000,1.000000,60.000000,60.000000,0.015208,0.000000,0.032826,-0.218237,0.142084,1.785638
93.000000,1.000000,60.000000,60.000000,0.021326,0.000000,0.039594,-0.218909,0.136458,1.779726
94.000000,1.000000,60.000000,60.000000,0.028878,0.000000,0.048040,-0.220171,0.129496,1.772057
95.000000,1.000000,60.000000,60.000000,0.036547,0.000000,0.057213,-0.220056,0.122153,1.762841
96.000000,1.000000,60.000000,60.000000,0.044289,0.000000,0.067176,-0.219336,0.114308,1.752288
97.000000,1.000000,5.000000,1.000000,0.052120,0.000000,0.078585,-0.217845,0.105176,1.740908
98.000000,1.000000,5.000000,4.000000,0.059643,1.000000,0.090649,-0.215220,0.095623,1.728478
99.000000,1.000000,5.000000,4.000000,0.067132,1.000000,0.103538,-0.212409,0.085523,1.714719
100.000000,1.000000,5.000000,4.000000,0.074052,1.000000,0.116398,-0.209016,0.075769,1.699579
101.000000,1.000000,5.000000,4.000000,0.080747,1.000000,0.129365,-0.205185,0.066271,1.682832
102.000000,1.000000,5.000000,4.000000,0.086549,1.000000,0.141493,-0.201496,0.057932,1.664731
103.000000,1.000000,5.000000,4.000000,0.091563,1.000000,0.152908,-0.197373,0.050542,1.645677
104.000000,1.000000,5.000000,4.000000,0.096015,1.000000,0.164410,-0.194513,0.043228,1.625799
105.000000,1.000000,5.000000,4.000000,0.099737,1.000000,0.175252,-0.192585,0.036755,1.605131
106.000000,1.000000,5.000000,4.000000,0.103233,1.000000,0.185384,-0.191464,0.031244,1.583354
107.000000,1.000000,5.000000,4.000000,0.106617,1.000000,0.194113,-0.190282,0.027430,1.560423
108.000000,1.000000,5.000000,4.000000,0.109683,1.000000,0.201147,-0.188936,0.025523,1.536733
109.000000,1.000000,5.000000,4.000000,0.111977,1.000000,0.206288,-0.188071,0.025569,1.512957
110.000000,1.000000,5.000000,4.000000,0.113348,1.000000,0.208702,-0.187522,0.028338,1.489478
111.000000,1.000000,5.000000,4.000000,0.115345,1.000000,0.209410,-0.186734,0.033010,1.465320
112.000000,1.000000,5.000000,4.000000,0.116784,1.000000,0.208723,-0.186071,0.038976,1.441760
113.000000,1.000000,5.000000,4.000000,0.118880,1.000000,0.206930,-0.185809,0.046189,1.417664
114.000000,1.000000,5.000000,4.000000,0.121376,1.000000,0.204174,-0.185281,0.054475,1.393201
115.000000,1.000000,5.000000,4.000000,0.123510,1.000000,0.199624,-0.185134,0.064492,1.369197
116.000000,1.000000,5.000000,4.000000,0.125836,1.000000,0.194733,-0.185480,0.074929,1.344840
117.000000,1.000000,5.000000,4.000000,0.127396,1.000000,0.188859,-0.185183,0.086217,1.321226
118.000000,1.000000,5.000000,4.000000,0.128544,1.000000,0.182682,-0.184987,0.097758,1.297859
119.000000,1.000000,5.000000,4.000000,0.129289,1.000000,0.176973,-0.184894,0.108838,1.274410
120.000000,1.000000,5.000000,4.000000,0.129286,1.000000,0.171219,-0.185003,0.119859,1.251419
121.000000,1.000000,5.000000,4.000000,0.129177,1.000000,0.164763,-0.185010,0.131539,1.228698
122.000000,1.000000,5.000000,4.000000,0.127278,1.000000,0.156891,-0.184661,0.144166,1.208268
123.000000,1.000000,5.000000,4.000000,0.124024,1.000000,0.147696,-0.184990,0.157648,1.190036
124.000000,1.000000,5.000000,4.000000,0.120316,1.000000,0.137515,-0.185448,0.171806,1.173294
125.000000,1.000000,5.000000,4.000000,0.116054,1.000000,0.125178,-0.186841,0.187587,1.159124
126.000000,1.000000,5.000000,4.000000,0.111913,1.000000,0.111933,-0.190867,0.203885,1.146639
127.000000,1.000000,5.000000,4.000000,0.107547,1.000000,0.098523,-0.195881,0.219927,1.136002
128.000000,1.000000,5.000000,4.000000,0.102092,1.000000,0.085383,-0.201860,0.235051,1.128179
129.000000,1.000000,5.000000,4.000000,0.095500,1.000000,0.073190,-0.207802,0.248642,1.122880
130.000000,1.000000,5.000000,4.000000,0.088140,1.000000,0.062181,-0.213549,0.260579,1.119573
131.000000,1.000000,59.000000,59.000000,0.080653,1.000000,0.052835,-0.219470,0.270634,1.117048
132.000000,1.000000,59.000000,59.000000,0.072438,1.000000,0.045543,-0.224777,0.278473,1.115066
133.000000,1.000000,59.000000,59.000000,0.063489,1.000000,0.040049,-0.229376,0.284312,1.113833
134.000000,1.000000,59.000000,59.000000,0.053729,1.000000,0.036630,-0.233036,0.287972,1.112906
135.000000,1.000000,59.000000,59.000000,0.043582,1.000000,0.035302,-0.236021,0.289499,1.111969
136.000000,1.000000,59.000000,59.000000,0.033848,1.000000,0.035002,-0.237907,0.289929,1.111302
137.000000,1.000000,59.000000,59.000000,0.025362,1.000000,0.035123,-0.239057,0.289939,1.110623
138.000000,1.000000,59.000000,59.000000,0.018962,1.000000,0.035302,-0.240293,0.289951,1.109671
139.000000,1.000000,59.000000,59.000000,0.014836,1.000000,0.035396,-0.242061,0.290067,1.108606
140.000000,1.000000,59.000000,59.000000,0.012397,1.000000,0.035434,-0.243976,0.290257,1.107458
141.000000,1.000000,59.000000,59.000000,0.010960,1.000000,0.035489,-0.245590,0.290473,1.106134
142.000000,1.000000,59.000000,59.000000,0.009664,1.000000,0.035427,-0.246463,0.290796,1.104917
143.000000,1.000000,59.000000,59.000000,0.008267,1.000000,0.035712,-0.246410,0.290800,1.103592
144.000000,1.000000,59.000000,59.000000,0.006437,1.000000,0.036059,-0.244403,0.290757,1.102318
145.000000,1.000000,59.000000,59.000000,0.006764,1.000000,0.036632,-0.241430,0.290598,1.100584
146.000000,1.000000,59.000000,59.000000,0.010251,1.000000,0.037593,-0.236943,0.290264,1.097947
147.000000,1.000000,59.000000,59.000000,0.015028,1.000000,0.038437,-0.231184,0.290053,1.095383
148.000000,1.000000,59.000000,59.000000,0.021840,1.000000,0.039437,-0.223035,0.289837,1.092269
149.000000,1.000000,59.000000,59.000000,0.029793,1.000000,0.040539,-0.213172,0.289775,1.088108
150.000000,1.000000,59.000000,59.000000,0.038446,1.000000,0.041522,-0.201429,0.290003,1.083313
151.000000,1.000000,59.000000,59.000000,0.045912,1.000000,0.042598,-0.189750,0.290332,1.077629
152.000000,1.000000,59.000000,59.000000,0.051154,1.000000,0.042941,-0.178601,0.291255,1.072618
153.000000,1.000000,59.000000,59.000000,0.053206,1.000000,0.042163,-0.169168,0.293092,1.068552
154.000000,1.000000,59.000000,59.000000,0.052472,1.000000,0.039957,-0.161208,0.295977,1.066253
155.000000,1.000000,59.000000,59.000000,0.049205,1.000000,0.036114,-0.155242,0.300194,1.065377
156.000000,1.000000,59.000000,59.000000,0.045667,1.000000,0.030331,-0.150319,0.306331,1.064740
157.000000,1.000000,59.000000,59.000000,0.042126,1.000000,0.022877,-0.146890,0.314015,1.064751
158.000000,1.000000,59.000000,59.000000,0.039267,1.000000,0.014781,-0.144624,0.322066,1.065990
159.000000,1.000000,59.000000,59.000000,0.036602,1.000000,0.006739,-0.144712,0.329824,1.068148
160.000000,1.000000,59.000000,59.000000,0.035530,1.000000,-0.001036,-0.145616,0.337126,1.071069
161.000000,1.000000,59.000000,59.000000,0.035469,1.000000,-0.008269,-0.146952,0.343935,1.073689
162.000000,1.000000,59.000000,59.000000,0.035243,1.000000,-0.014590,-0.147993,0.349937,1.075756
163.000000,1.000000,59.000000,59.000000,0.033891,1.000000,-0.019762,-0.148578,0.355048,1.076557
164.000000,1.000000,59.000000,59.000000,0.031253,1.000000,-0.023786,-0.148505,0.359147,1.076674
165.000000,1.000000,59.000000,59.000000,0.026469,1.000000,-0.025635,-0.148625,0.361049,1.076633
166.000000,1.000000,59.000000,59.000000,0.020566,1.000000,-0.025886,-0.149122,0.361363,1.076348
167.000000,1.000000,59.000000,59.000000,0.015026,1.000000,-0.025603,-0.149941,0.361213,1.075668
168.000000,1.000000,59.000000,59.000000,0.010439,1.000000,-0.025208,-0.150453,0.361052,1.074546
169.000000,1.000000,59.000000,59.000000,0.007235,1.000000,-0.025170,-0.150791,0.361144,1.073933
170.000000,1.000000,59.000000,59.000000,0.004818,1.000000,-0.024850,-0.150942,0.360939,1.073371
171.000000,1.000000,59.000000,59.000000,0.003573,1.000000,-0.024513,-0.150896,0.360734,1.072742
172.000000,1.000000,59.000000,59.000000,0.003464,1.000000,-0.024026,-0.150857,0.360427,1.071886
173.000000,1.000000,59.000000,59.000000,0.004222,1.000000,-0.023171,-0.150978,0.359825,1.070648
174.000000,1.000000,59.000000,59.000000,0.005148,1.000000,-0.022315,-0.151080,0.359283,1.069139
175.000000,1.000000,59.000000,59.000000,0.006075,1.000000,-0.021224,-0.151104,0.358535,1.067479
176.000000,1.000000,59.000000,59.000000,0.006876,1.000000,-0.020056,-0.151005,0.357712,1.065811
177.000000,1.000000,59.000000,59.000000,0.007306,1.000000,-0.018959,-0.151028,0.356896,1.064431
178.000000,1.000000,59.000000,59.000000,0.008693,1.000000,-0.017244,-0.151041,0.355647,1.062146
179.000000,1.000000,59.000000,59.000000,0.010152,1.000000,-0.015499,-0.150889,0.354452,1.059498
180.000000,1.000000,59.000000,59.000000,0.011421,1.000000,-0.013688,-0.150707,0.353199,1.056807
181.000000,1.000000,59.000000,59.000000,0.012336,1.000000,-0.011575,-0.150662,0.351568,1.054413
182.000000,1.000000,59.000000,59.000000,0.012656,1.000000,-0.009656,-0.150477,0.350052,1.052404
183.000000,1.000000,59.000000,59.000000,0.012718,1.000000,-0.007778,-0.150224,0.348540,1.050571
184.000000,1.000000,59.000000,59.000000,0.013003,1.000000,-0.005765,-0.149467,0.346954,1.048481
185.000000,1.000000,59.000000,59.000000,0.013749,1.000000,-0.003468,-0.147461,0.345141,1.046184
186.000000,1.000000,59.000000,59.000000,0.015778,1.000000,-0.000534,-0.144453,0.342883,1.043016
187.000000,1.000000,59.000000,59.000000,0.018346,1.000000,0.002280,-0.139950,0.340777,1.039818
188.000000,1.000000,59.000000,59.000000,0.021490,1.000000,0.005472,-0.134654,0.338261,1.036769
189.000000,1.000000,59.000000,59.000000,0.026328,1.000000,0.009582,-0.127900,0.335039,1.032757
190.000000,1.000000,59.000000,59.000000,0.031742,1.000000,0.013909,-0.120185,0.331768,1.028027
191.000000,1.000000,59.000000,59.000000,0.037215,1.000000,0.018776,-0.111744,0.327989,1.023147
192.000000,1.000000,4.000000,5.000000,0.042339,0.000000,0.023916,-0.102698,0.323938,1.018263
193.000000,1.000000,4.000000,5.000000,0.045990,0.000000,0.028963,-0.094072,0.319928,1.013601
194.000000,1.000000,4.000000,5.000000,0.047093,0.000000,0.033793,-0.087154,0.316013,1.009404
195.000000,1.000000,4.000000,5.000000,0.045294,0.000000,0.037793,-0.082054,0.312611,1.006597
196.000000,1.000000,4.000000,5.000000,0.040691,0.000000,0.040952,-0.079457,0.309856,1.004601
197.000000,1.000000,4.000000,5.000000,0.034094,0.000000,0.043079,-0.078781,0.307936,1.003483
198.000000,1.000000,4.000000,5.000000,0.026087,0.000000,0.044330,-0.079778,0.306650,1.003437
199.000000,1.000000,4.000000,5.000000,0.017878,0.000000,0.044891,-0.081797,0.305845,1.004345
200.000000,1.000000,4.000000,5.000000,0.010404,0.000000,0.044764,-0.084950,0.305624,1.005715
201.000000,1.000000,4.000000,5.000000,0.007463,0.000000,0.044219,-0.089590,0.305717,1.007509
202.000000,1.000000,4.000000,5.000000,0.012233,0.000000,0.044409,-0.095043,0.305070,1.009195
203.000000,1.000000,4.000000,5.000000,0.017176,0.000000,0.044350,-0.100282,0.304639,1.011064
204.000000,1.000000,4.000000,5.000000,0.020987,0.000000,0.044270,-0.105460,0.304254,1.012833
205.000000,1.000000,4.000000,5.000000,0.024000,0.000000,0.044590,-0.110981,0.303493,1.014430
206.000000,1.000000,59.000000,59.000000,0.026237,1.000000,0.045036,-0.116706,0.302625,1.015911
207.000000,1.000000,59.000000,59.000000,0.029463,1.000000,0.045165,-0.124035,0.301891,1.018147
208.000000,1.000000,59.000000,59.000000,0.033662,1.000000,0.044971,-0.133062,0.301376,1.020774
209.000000,1.000000,59.000000,59.000000,0.038782,1.000000,0.044659,-0.143682,0.300816,1.024049
210.000000,1.000000,59.000000,59.000000,0.043426,1.000000,0.044075,-0.154614,0.300459,1.027639
211.000000,1.000000,59.000000,59.000000,0.048212,1.000000,0.042437,-0.166119,0.300915,1.032398
212.000000,1.000000,59.000000,59.000000,0.054312,1.000000,0.040878,-0.179533,0.301127,1.037762
213.000000,1.000000,59.000000,59.000000,0.059713,1.000000,0.040027,-0.192928,0.300446,1.043884
214.000000,1.000000,59.000000,59.000000,0.064204,1.000000,0.038852,-0.206160,0.299953,1.050652
215.000000,1.000000,59.000000,59.000000,0.066435,1.000000,0.038076,-0.218222,0.299196,1.056856
216.000000,1.000000,59.000000,59.000000,0.065805,1.000000,0.037533,-0.228366,0.298382,1.062357
217.000000,1.000000,59.000000,59.000000,0.062075,1.000000,0.037243,-0.235993,0.297565,1.066873
218.000000,1.000000,59.000000,59.000000,0.054998,1.000000,0.037474,-0.240589,0.296618,1.069769
219.000000,1.000000,59.000000,59.000000,0.045319,1.000000,0.038204,-0.242347,0.295561,1.071047
220.000000,1.000000,59.000000,59.000000,0.032816,1.000000,0.039462,-0.240910,0.294523,1.070008
221.000000,1.000000,59.000000,59.000000,0.017319,1.000000,0.040640,-0.235359,0.294102,1.066836
222.000000,1.000000,59.000000,59.000000,0.002944,1.000000,0.041553,-0.226742,0.294474,1.061516
223.000000,1.000000,59.000000,59.000000,0.018871,1.000000,0.043007,-0.214529,0.294797,1.054156
224.000000,1.000000,59.000000,59.000000,0.036645,1.000000,0.044086,-0.199903,0.295774,1.045739
225.000000,1.000000,59.000000,59.000000,0.052415,1.000000,0.044946,-0.184409,0.297212,1.036318
226.000000,1.000000,59.000000,59.000000,0.064840,1.000000,0.045972,-0.168810,0.298411,1.027212
227.000000,1.000000,59.000000,59.000000,0.072785,1.000000,0.046408,-0.154430,0.299994,1.019019
228.000000,1.000000,59.000000,59.000000,0.075581,1.000000,0.046372,-0.142415,0.301724,1.012184
229.000000,1.000000,59.000000,59.000000,0.072988,1.000000,0.045327,-0.133432,0.303978,1.007447
230.000000,1.000000,59.000000,59.000000,0.065278,1.000000,0.044001,-0.128220,0.306048,1.004587
231.000000,1.000000,59.000000,59.000000,0.052879,1.000000,0.041754,-0.127548,0.308566,1.003662
232.000000,1.000000,59.000000,59.000000,0.036712,1.000000,0.038550,-0.131663,0.311507,1.004933
233.000000,1.000000,59.000000,59.000000,0.019197,1.000000,0.034667,-0.140726,0.314583,1.008406
234.000000,1.000000,59.000000,59.000000,0.014592,1.000000,0.030898,-0.153507,0.317020,1.013989
235.000000,1.000000,59.000000,59.000000,0.029689,1.000000,0.027950,-0.168195,0.318496,1.019992
236.000000,1.000000,59.000000,59.000000,0.045032,1.000000,0.025275,-0.183101,0.319646,1.026181
237.000000,1.000000,59.000000,59.000000,0.056123,1.000000,0.023097,-0.196730,0.320361,1.032122
238.000000,1.000000,59.000000,59.000000,0.061957,1.000000,0.021527,-0.208258,0.320695,1.037113
239.000000,1.000000,59.000000,59.000000,0.062555,1.000000,0.020913,-0.217213,0.320328,1.041014
240.000000,1.000000,59.000000,59.000000,0.057812,1.000000,0.021281,-0.222963,0.319415,1.043054
241.000000,1.000000,59.000000,59.000000,0.048608,1.000000,0.023122,-0.225345,0.317426,1.043364
242.000000,1.000000,59.000000,59.000000,0.035326,1.000000,0.026815,-0.223495,0.314043,1.041683
243.000000,1.000000,59.000000,59.000000,0.019607,1.000000,0.030806,-0.217267,0.310890,1.037879
244.000000,1.000000,59.000000,59.000000,0.009535,1.000000,0.033929,-0.207819,0.309014,1.032533
245.000000,1.000000,59.000000,59.000000,0.020516,1.000000,0.037081,-0.196861,0.307338,1.026262
246.000000,1.000000,59.000000,59.000000,0.034616,1.000000,0.040102,-0.184966,0.306009,1.019093
247.000000,1.000000,59.000000,59.000000,0.047228,1.000000,0.043432,-0.172307,0.304518,1.011276
248.000000,1.000000,59.000000,59.000000,0.056753,1.000000,0.046120,-0.159671,0.303632,1.003691
249.000000,1.000000,59.000000,59.000000,0.062364,1.000000,0.048651,-0.147908,0.302640,0.997256
250.000000,1.000000,59.000000,59.000000,0.064253,1.000000,0.051111,-0.137720,0.301573,0.991378
251.000000,1.000000,59.000000,59.000000,0.062455,1.000000,0.053337,-0.129497,0.300506,0.986454
252.000000,1.000000,59.000000,59.000000,0.057276,1.000000,0.055623,-0.123661,0.299076,0.982737
253.000000,1.000000,4.000000,5.000000,0.049033,0.000000,0.058532,-0.120735,0.296616,0.980582
254.000000,1.000000,4.000000,5.000000,0.039503,0.000000,0.061328,-0.119792,0.294000,0.979524
255.000000,1.000000,4.000000,5.000000,0.028477,0.000000,0.064298,-0.121670,0.290764,0.980271
256.000000,1.000000,4.000000,5.000000,0.018248,0.000000,0.067278,-0.126036,0.287248,0.982070
257.000000,1.000000,59.000000,59.000000,0.014326,1.000000,0.070553,-0.132010,0.283209,0.984755
258.000000,1.000000,59.000000,59.000000,0.019714,1.000000,0.074246,-0.139045,0.278551,0.988232
259.000000,1.000000,59.000000,59.000000,0.028113,1.000000,0.078302,-0.146390,0.273259,0.992860
260.000000,1.000000,59.000000,59.000000,0.035926,1.000000,0.083015,-0.153640,0.267222,0.997822
261.000000,1.000000,59.000000,59.000000,0.043005,1.000000,0.088841,-0.160754,0.259862,1.003605
262.000000,1.000000,59.000000,59.000000,0.048745,1.000000,0.095173,-0.167034,0.251744,1.010517
263.000000,1.000000,59.000000,59.000000,0.053436,1.000000,0.102292,-0.172757,0.242764,1.017717
264.000000,1.000000,59.000000,59.000000,0.057120,1.000000,0.110042,-0.177296,0.233014,1.025545
265.000000,1.000000,4.000000,5.000000,0.061503,0.000000,0.118653,-0.181376,0.222041,1.034928
266.000000,1.000000,4.000000,5.000000,0.066584,0.000000,0.127981,-0.184892,0.210013,1.045782
267.000000,1.000000,4.000000,5.000000,0.071559,0.000000,0.137876,-0.187643,0.197289,1.057203
268.000000,1.000000,4.000000,5.000000,0.076747,0.000000,0.147669,-0.189628,0.184340,1.070151
269.000000,1.000000,4.000000,5.000000,0.081771,0.000000,0.157014,-0.190936,0.171570,1.084394
270.000000,1.000000,4.000000,5.000000,0.086456,0.000000,0.166049,-0.191265,0.158906,1.099653
271.000000,1.000000,4.000000,5.000000,0.089819,0.000000,0.174214,-0.191715,0.147118,1.114972
272.000000,1.000000,4.000000,5.000000,0.093143,0.000000,0.181859,-0.192137,0.135607,1.131436
273.000000,1.000000,4.000000,5.000000,0.095798,0.000000,0.188781,-0.192059,0.124702,1.148539
274.000000,1.000000,4.000000,5.000000,0.097744,0.000000,0.194456,-0.191844,0.114899,1.166444
275.000000,1.000000,4.000000,5.000000,0.099253,0.000000,0.199308,-0.191705,0.105817,1.184886
276.000000,1.000000,4.000000,5.000000,0.101166,0.000000,0.203062,-0.191913,0.097556,1.204673
277.000000,1.000000,4.000000,5.000000,0.102384,0.000000,0.205839,-0.192816,0.090264,1.224557
278.000000,1.000000,4.000000,5.000000,0.104288,0.000000,0.207384,-0.195195,0.083912,1.245798
279.000000,1.000000,4.000000,5.000000,0.105828,0.000000,0.208243,-0.199353,0.078254,1.266966
280.000000,1.000000,4.000000,5.000000,0.108631,0.000000,0.209345,-0.204271,0.072083,1.289264
281.000000,1.000000,4.000000,5.000000,0.111637,0.000000,0.210701,-0.209409,0.065554,1.311989
282.000000,1.000000,4.000000,5.000000,0.114673,0.000000,0.211763,-0.215216,0.059226,1.335127
283.000000,1.000000,4.000000,5.000000,0.117960,0.000000,0.212747,-0.221147,0.052815,1.358980
284.000000,1.000000,4.000000,5.000000,0.120815,0.000000,0.213030,-0.227206,0.047053,1.383138
285.000000,1.000000,4.000000,5.000000,0.123483,0.000000,0.212692,-0.233408,0.041808,1.407824
286.000000,1.000000,4.000000,5.000000,0.126166,0.000000,0.211613,-0.239980,0.037173,1.433153
287.000000,1.000000,4.000000,5.000000,0.128254,0.000000,0.209918,-0.246192,0.033123,1.458718
288.000000,1.000000,4.000000,5.000000,0.130190,0.000000,0.207120,-0.251326,0.030044,1.485063
289.000000,1.000000,4.000000,5.000000,0.131073,0.000000,0.203033,-0.254960,0.028320,1.511346
290.000000,1.000000,4.000000,5.000000,0.132027,0.000000,0.197421,-0.257765,0.028036,1.538231
291.000000,1.000000,4.000000,5.000000,0.132861,0.000000,0.191429,-0.260368,0.028134,1.565168
292.000000,1.000000,4.000000,5.000000,0.132725,0.000000,0.183919,-0.262010,0.029942,1.591469
293.000000,1.000000,4.000000,5.000000,0.132049,0.000000,0.175005,-0.262958,0.033319,1.617226
294.000000,1.000000,4.000000,5.000000,0.130642,0.000000,0.163758,-0.263513,0.039318,1.641971
295.000000,2.000000,60.000000,60.000000,0.128532,0.000000,0.150273,-0.262748,0.047931,1.665362
296.000000,1.000000,5.000000,4.000000,0.125489,1.000000,0.135381,-0.260942,0.058456,1.686710
297.000000,1.000000,5.000000,4.000000,0.121768,1.000000,0.119692,-0.257922,0.070276,1.705988
298.000000,1.000000,5.000000,4.000000,0.117817,1.000000,0.103602,-0.254423,0.082921,1.723441
299.000000,1.000000,5.000000,1.000000,0.113043,0.000000,0.087868,-0.250522,0.095725,1.738568
300.000000,1.000000,60.000000,60.000000,0.107758,0.000000,0.072329,-0.246439,0.108848,1.751378
301.000000,1.000000,60.000000,60.000000,0.100964,0.000000,0.058404,-0.243495,0.120860,1.761683
302.000000,1.000000,60.000000,60.000000,0.092655,0.000000,0.046256,-0.241598,0.131579,1.769560
303.000000,1.000000,60.000000,60.000000,0.082472,0.000000,0.037123,-0.239306,0.139714,1.775190
304.000000,1.000000,60.000000,60.000000,0.070339,0.000000,0.031625,-0.236419,0.144584,1.778792
305.000000,1.000000,60.000000,60.000000,0.057445,0.000000,0.028756,-0.234165,0.147033,1.781138
306.000000,1.000000,60.000000,60.000000,0.045065,0.000000,0.027385,-0.232878,0.148046,1.782976
307.000000,1.000000,60.000000,60.000000,0.033723,0.000000,0.026782,-0.232410,0.148429,1.784057
308.000000,2.000000,60.000000,60.000000,0.023429,0.000000,0.026962,-0.232765,0.148175,1.784352
309.000000,0.000000,60.000000,60.000000,0.000000,0.000000,0.027490,-0.233191,0.147648,1.784259
310.000000,0.000000,60.000000,60.000000,0.000000,0.000000,0.028002,-0.233153,0.147091,1.784407
311.000000,0.000000,60.000000,60.000000,0.000000,0.000000,0.028633,-0.232310,0.146402,1.784651
312.000000,0.000000,60.000000,60.000000,0.000000,0.000000,0.029051,-0.231528,0.145950,1.784807
313.000000,0.000000,60.000000,60.000000,0.000000,0.000000,0.029033,-0.231816,0.145897,1.785107
314.000000,0.000000,60.000000,60.000000,0.000000,0.000000,0.028704,-0.231709,0.146139,1.785541
315.000000,0.000000,60.000000,60.000000,0.000000,0.000000,0.028373,-0.231495,0.146451,1.785678
316.000000,0.000000,60.000000,60.000000,0.000000,0.000000,0.028295,-0.231420,0.146500,1.785822
317.000000,0.000000,60.000000,60.000000,0.000000,0.000000,0.028217,-0.231343,0.146581,1.785824
318.000000,0.000000,60.000000,60.000000,0.000000,0.000000,0.028308,-0.231404,0.146467,1.785910
319.000000,0.000000,60.000000,60.000000,0.000000,0.000000,0.028370,-0.231471,0.146426,1.785807
320.000000,0.000000,60.000000,60.000000,0.000000,0.000000,0.028506,-0.231623,0.146303,1.785722
321.000000,0.000000,60.000000,60.000000,0.000000,0.000000,0.028638,-0.231806,0.146182,1.785646
322.000000,0.000000,60.000000,60.000000,0.000000,0.000000,0.028591,-0.231809,0.146244,1.785581
323.000000,0.000000,60.000000,60.000000,0.000000,0.000000,0.028482,-0.231684,0.146400,1.785392
324.000000,0.000000,60.000000,60.000000,0.000000,0.000000,0.028552,-0.231696,0.146385,1.785141
325.000000,0.000000,60.000000,60.000000,0.000000,0.000000,0.028876,-0.231935,0.146125,1.784800
326.000000,0.000000,60.000000,60.000000,0.000000,0.000000,0.029072,-0.232152,0.145928,1.784769
327.000000,0.000000,60.000000,60.000000,0.000000,0.000000,0.029229,-0.232473,0.145704,1.785032
328.000000,0.000000,60.000000,60.000000,0.000000,0.000000,0.029455,-0.232785,0.145405,1.785312
329.000000,0.000000,60.000000,60.000000,0.000000,0.000000,0.029578,-0.232960,0.145230,1.785523
330.000000,0.000000,60.000000,60.000000,0.000000,0.000000,0.029703,-0.233222,0.145027,1.785840
331.000000,0.000000,60.000000,60.000000,0.000000,0.000000,0.029803,-0.233401,0.144847,1.786177
332.000000,0.000000,60.000000,60.000000,0.000000,0.000000,0.029840,-0.233769,0.144692,1.786681
333.000000,0.000000,60.000000,60.000000,0.000000,0.000000,0.029827,-0.233916,0.144612,1.787090
334.000000,0.000000,60.000000,60.000000,0.000000,0.000000,0.029713,-0.234014,0.144654,1.787421
335.000000,0.000000,60.000000,60.000000,0.000000,0.000000,0.029648,-0.234461,0.144583,1.788009
336.000000,0.000000,60.000000,60.000000,0.000000,0.000000,0.029733,-0.234390,0.144539,1.787822
337.000000,0.000000,60.000000,60.000000,0.000000,0.000000,0.029814,-0.234313,0.144491,1.787668
338.000000,0.000000,60.000000,60.000000,0.000000,0.000000,0.029995,-0.234371,0.144293,1.787722
339.000000,0.000000,60.000000,60.000000,0.000000,0.000000,0.030183,-0.234400,0.144094,1.787749
340.000000,0.000000,60.000000,60.000000,0.000000,0.000000,0.030397,-0.234348,0.143912,1.787582
341.000000,0.000000,60.000000,60.000000,0.000000,0.000000,0.030743,-0.234188,0.143648,1.787188
342.000000,0.000000,60.000000,60.000000,0.000000,0.000000,0.031007,-0.234162,0.143421,1.786994
343.000000,0.000000,60.000000,60.000000,0.000000,0.000000,0.031220,-0.234088,0.143217,1.786931
344.000000,0.000000,60.000000,60.000000,0.000000,0.000000,0.031392,-0.233682,0.143138,1.786523
345.000000,0.000000,60.000000,60.000000,0.000000,0.000000,0.031219,-0.233630,0.143272,1.786720
346.000000,0.000000,60.000000,60.000000,0.000000,0.000000,0.031082,-0.233557,0.143384,1.786854
347.000000,0.000000,60.000000,60.000000,0.000000,0.000000,0.031072,-0.233610,0.143399,1.786828
348.000000,0.000000,60.000000,60.000000,0.000000,0.000000,0.030993,-0.233711,0.143442,1.786994
349.000000,0.000000,60.000000,60.000000,0.000000,0.000000,0.030984,-0.233773,0.143429,1.787091
350.000000,0.000000,60.000000,60.000000,0.000000,0.000000,0.030970,-0.234006,0.143419,1.787181
351.000000,0.000000,60.000000,60.000000,0.000000,0.000000,0.031020,-0.234347,0.143378,1.787113
352.000000,0.000000,60.000000,60.000000,0.000000,0.000000,0.031058,-0.234708,0.143331,1.787128
353.000000,0.000000,60.000000,60.000000,0.000000,0.000000,0.031107,-0.235046,0.143276,1.787128
354.000000,0.000000,60.000000,60.000000,0.000000,0.000000,0.031328,-0.235394,0.143108,1.786847
355.000000,0.000000,60.000000,60.000000,0.000000,0.000000,0.031569,-0.235883,0.142886,1.786701
356.000000,0.000000,60.000000,60.000000,0.000000,0.000000,0.031736,-0.236086,0.142748,1.786542
357.000000,0.000000,60.000000,60.000000,0.000000,0.000000,0.031761,-0.235837,0.142834,1.786056
