68.000000,0.000000,-1.000000,-1.000000,0.000000,-1.000000,0.056756,-0.437707,0.273457,1.072570
70.000000,0.000000,-1.000000,-1.000000,0.000000,-1.000000,0.055362,-0.434060,0.274662,1.073803
71.000000,0.000000,-1.000000,-1.000000,0.000000,-1.000000,0.053529,-0.431734,0.276322,1.074925
73.000000,0.000000,-1.000000,-1.000000,0.000000,-1.000000,0.051261,-0.431115,0.278401,1.076066
75.000000,0.000000,-1.000000,-1.000000,0.000000,-1.000000,0.049293,-0.430486,0.280331,1.076492
76.000000,0.000000,-1.000000,-1.000000,0.000000,-1.000000,0.045515,-0.428528,0.283949,1.077751
78.000000,0.000000,-1.000000,-1.000000,0.000000,-1.000000,0.041925,-0.428025,0.287408,1.078769
79.000000,0.000000,-1.000000,-1.000000,0.000000,-1.000000,0.039235,-0.428421,0.290048,1.079264
81.000000,0.000000,-1.000000,-1.000000,0.000000,-1.000000,0.038097,-0.428146,0.291197,1.079357
83.000000,0.000000,-1.000000,-1.000000,0.000000,-1.000000,0.037646,-0.428392,0.291602,1.079600
84.000000,0.000000,-1.000000,-1.000000,0.000000,-1.000000,0.037746,-0.428687,0.291489,1.079627
86.000000,0.000000,-1.000000,-1.000000,0.000000,-1.000000,0.038131,-0.429176,0.291097,1.079585
87.000000,0.000000,-1.000000,-1.000000,0.000000,-1.000000,0.038185,-0.429815,0.290970,1.079864
89.000000,0.000000,-1.000000,-1.000000,0.000000,-1.000000,0.037896,-0.430613,0.291173,1.080237
91.000000,0.000000,-1.000000,-1.000000,0.000000,-1.000000,0.037308,-0.431150,0.291634,1.080832
92.000000,0.000000,-1.000000,-1.000000,0.000000,-1.000000,0.036931,-0.431770,0.291858,1.081523
94.000000,0.000000,-1.000000,-1.000000,0.000000,-1.000000,0.036630,-0.432364,0.292021,1.082141
97.000000,0.000000,-1.000000,-1.000000,0.000000,-1.000000,0.036792,-0.432679,0.291807,1.082333
98.000000,0.000000,-1.000000,-1.000000,0.000000,-1.000000,0.037118,-0.433287,0.291380,1.082711
100.000000,0.000000,-1.000000,-1.000000,0.000000,-1.000000,0.037801,-0.434048,0.290681,1.082660
101.000000,0.000000,-1.000000,-1.000000,0.000000,-1.000000,0.038412,-0.434607,0.290006,1.082846
103.000000,0.000000,-1.000000,-1.000000,0.000000,-1.000000,0.038615,-0.434997,0.289346,1.084849
105.000000,0.000000,-1.000000,-1.000000,0.000000,-1.000000,0.037135,-0.436586,0.289960,1.088794
106.000000,0.000000,-1.000000,-1.000000,0.000000,-1.000000,0.035329,-0.438320,0.290928,1.092642
108.000000,0.000000,-1.000000,-1.000000,0.000000,-1.000000,0.033208,-0.439889,0.292143,1.096840
109.000000,0.000000,-1.000000,-1.000000,0.000000,-1.000000,0.031148,-0.441437,0.293398,1.100581
111.000000,0.000000,-1.000000,-1.000000,0.000000,-1.000000,0.029499,-0.442999,0.294642,1.102481
112.000000,0.000000,-1.000000,-1.000000,0.000000,-1.000000,0.029384,-0.443628,0.294706,1.102682
114.000000,0.000000,-1.000000,-1.000000,0.000000,-1.000000,0.029538,-0.443742,0.294587,1.102502
115.000000,0.000000,-1.000000,-1.000000,0.000000,-1.000000,0.029581,-0.444180,0.294581,1.102301
117.000000,0.000000,-1.000000,-1.000000,0.000000,-1.000000,0.029657,-0.444670,0.294540,1.102105
118.000000,0.000000,-1.000000,-1.000000,0.000000,-1.000000,0.029444,-0.445186,0.294775,1.101998
120.000000,0.000000,-1.000000,-1.000000,0.000000,-1.000000,0.028771,-0.445126,0.295406,1.102267
121.000000,0.000000,-1.000000,-1.000000,0.000000,-1.000000,0.028305,-0.445639,0.295836,1.102444
123.000000,0.000000,-1.000000,-1.000000,0.000000,-1.000000,0.028460,-0.446035,0.295687,1.102377
124.000000,0.000000,-1.000000,-1.000000,0.000000,-1.000000,0.028599,-0.446628,0.295475,1.102651
125.000000,0.000000,-1.000000,-1.000000,0.000000,-1.000000,0.028610,-0.447250,0.295460,1.102631
127.000000,0.000000,-1.000000,-1.000000,0.000000,-1.000000,0.028778,-0.447968,0.295357,1.102273
128.000000,0.000000,-1.000000,-1.000000,0.000000,-1.000000,0.028451,-0.448267,0.295671,1.102348
130.000000,0.000000,-1.000000,-1.000000,0.000000,-1.000000,0.027882,-0.448248,0.296183,1.102666
131.000000,0.000000,-1.000000,-1.000000,0.000000,-1.000000,0.027360,-0.448283,0.296675,1.102856
132.000000,0.000000,-1.000000,-1.000000,0.000000,-1.000000,0.027373,-0.448246,0.296637,1.102971
134.000000,0.000000,-1.000000,-1.000000,0.000000,-1.000000,0.027886,-0.448173,0.296118,1.102944
135.000000,0.000000,-1.000000,-1.000000,0.000000,-1.000000,0.028749,-0.448160,0.295280,1.102743
137.000000,0.000000,-1.000000,-1.000000,0.000000,-1.000000,0.029509,-0.448192,0.294604,1.102275
138.000000,0.000000,-1.000000,-1.000000,0.000000,-1.000000,0.029988,-0.448019,0.294170,1.102032
140.000000,0.000000,-1.000000,-1.000000,0.000000,-1.000000,0.030154,-0.447589,0.293996,1.102076
141.000000,0.000000,-1.000000,-1.000000,0.000000,-1.000000,0.029680,-0.447145,0.294409,1.102434
143.000000,0.000000,-1.000000,-1.000000,0.000000,-1.000000,0.029219,-0.447059,0.294832,1.102656
144.000000,0.000000,-1.000000,-1.000000,0.000000,-1.000000,0.028878,-0.446963,0.295073,1.103151
146.000000,0.000000,-1.000000,-1.000000,0.000000,-1.000000,0.028908,-0.446458,0.295011,1.103326
147.000000,0.000000,-1.000000,-1.000000,0.000000,-1.000000,0.029127,-0.446396,0.294792,1.103304
148.000000,0.000000,-1.000000,-1.000000,0.000000,-1.000000,0.029643,-0.446531,0.294305,1.103108
150.000000,0.000000,-1.000000,-1.000000,0.000000,-1.000000,0.030042,-0.446514,0.293938,1.102917
152.000000,0.000000,-1.000000,-1.000000,0.000000,-1.000000,0.030330,-0.446528,0.293675,1.102776
153.000000,0.000000,-1.000000,-1.000000,0.000000,-1.000000,0.030259,-0.446822,0.293728,1.102844
154.000000,0.000000,-1.000000,-1.000000,0.000000,-1.000000,0.030301,-0.446841,0.293654,1.102985
156.000000,0.000000,-1.000000,-1.000000,0.000000,-1.000000,0.030610,-0.446886,0.293380,1.102792
157.000000,0.000000,-1.000000,-1.000000,0.000000,-1.000000,0.030733,-0.446842,0.293220,1.102945
159.000000,0.000000,-1.000000,-1.000000,0.000000,-1.000000,0.030892,-0.446973,0.293077,1.102849
160.000000,0.000000,-1.000000,-1.000000,0.000000,-1.000000,0.030770,-0.447542,0.293247,1.102610
162.000000,0.000000,-1.000000,-1.000000,0.000000,-1.000000,0.030165,-0.447948,0.293809,1.102845
163.000000,0.000000,-1.000000,-1.000000,0.000000,-1.000000,0.029449,-0.448178,0.294465,1.103174
165.000000,0.000000,-1.000000,-1.000000,0.000000,-1.000000,0.029166,-0.448309,0.294798,1.102973
166.000000,0.000000,-1.000000,-1.000000,0.000000,-1.000000,0.029040,-0.448361,0.294969,1.102786
168.000000,0.000000,-1.000000,-1.000000,0.000000,-1.000000,0.028974,-0.448047,0.295055,1.102719
169.000000,0.000000,-1.000000,-1.000000,0.000000,-1.000000,0.028947,-0.448029,0.295126,1.102525
170.000000,0.000000,-1.000000,-1.000000,0.000000,-1.000000,0.028757,-0.448178,0.295271,1.102742
172.000000,0.000000,-1.000000,-1.000000,0.000000,-1.000000,0.028261,-0.448308,0.295692,1.103125
173.000000,0.000000,-1.000000,-1.000000,0.000000,-1.000000,0.027582,-0.448109,0.296279,1.103629
175.000000,0.000000,-1.000000,-1.000000,0.000000,-1.000000,0.027188,-0.447805,0.296625,1.103906
176.000000,0.000000,-1.000000,-1.000000,0.000000,-1.000000,0.027171,-0.447515,0.296649,1.103892
178.000000,0.000000,-1.000000,-1.000000,0.000000,-1.000000,0.027815,-0.446868,0.296261,1.102713
179.000000,0.000000,-1.000000,-1.000000,0.000000,-1.000000,0.028397,-0.445833,0.295958,1.101460
181.000000,0.000000,-1.000000,-1.000000,0.000000,-1.000000,0.029071,-0.444910,0.295555,1.100233
182.000000,0.000000,-1.000000,-1.000000,0.000000,-1.000000,0.029710,-0.444249,0.295172,1.099054
184.000000,0.000000,-1.000000,-1.000000,0.000000,-1.000000,0.030184,-0.443896,0.294918,1.098039
185.000000,0.000000,-1.000000,-1.000000,0.000000,-1.000000,0.030088,-0.443745,0.295023,1.098017
187.000000,0.000000,-1.000000,-1.000000,0.000000,-1.000000,0.029915,-0.443962,0.295211,1.097954
188.000000,0.000000,-1.000000,-1.000000,0.000000,-1.000000,0.029818,-0.444264,0.295262,1.098155
190.000000,0.000000,-1.000000,-1.000000,0.000000,-1.000000,0.030209,-0.444320,0.294819,1.098338
191.000000,0.000000,-1.000000,-1.000000,0.000000,-1.000000,0.030604,-0.444067,0.294378,1.098521
193.000000,0.000000,-1.000000,-1.000000,0.000000,-1.000000,0.031044,-0.443782,0.293963,1.098377
194.000000,0.000000,-1.000000,-1.000000,0.000000,-1.000000,0.031229,-0.443489,0.293730,1.098587
196.000000,0.000000,-1.000000,-1.000000,0.000000,-1.000000,0.030989,-0.443465,0.293919,1.098848
197.000000,0.000000,-1.000000,-1.000000,0.000000,-1.000000,0.030558,-0.443598,0.294356,1.098858
199.000000,0.000000,-1.000000,-1.000000,0.000000,-1.000000,0.030170,-0.443722,0.294762,1.098812
201.000000,0.000000,-1.000000,-1.000000,0.000000,-1.000000,0.029739,-0.444072,0.295144,1.099059
202.000000,0.000000,-1.000000,-1.000000,0.000000,-1.000000,0.029493,-0.444451,0.295328,1.099344
204.000000,0.000000,-1.000000,-1.000000,0.000000,-1.000000,0.029790,-0.444549,0.295078,1.099089
205.000000,0.000000,-1.000000,-1.000000,0.000000,-1.000000,0.029725,-0.444927,0.295089,1.099315
207.000000,0.000000,-1.000000,-1.000000,0.000000,-1.000000,0.029751,-0.445362,0.295051,1.099341
208.000000,0.000000,-1.000000,-1.000000,0.000000,-1.000000,0.029709,-0.446015,0.295095,1.099294
210.000000,0.000000,-1.000000,-1.000000,0.000000,-1.000000,0.029964,-0.446996,0.294904,1.098920
213.000000,0.000000,-1.000000,-1.000000,0.000000,-1.000000,0.030146,-0.448372,0.294755,1.098662
216.000000,0.000000,-1.000000,-1.000000,0.000000,-1.000000,0.030517,-0.449532,0.294456,1.098224
217.000000,0.000000,-1.000000,-1.000000,0.000000,-1.000000,0.030665,-0.450763,0.294413,1.097655
219.000000,0.000000,-1.000000,-1.000000,0.000000,-1.000000,0.031162,-0.452136,0.294007,1.097104
220.000000,0.000000,-1.000000,-1.000000,0.000000,-1.000000,0.031290,-0.453484,0.293989,1.096517
222.000000,0.000000,-1.000000,-1.000000,0.000000,-1.000000,0.030876,-0.454894,0.294455,1.096240
223.000000,0.000000,-1.000000,-1.000000,0.000000,-1.000000,0.030655,-0.455769,0.294788,1.095703
225.000000,0.000000,-1.000000,-1.000000,0.000000,-1.000000,0.030877,-0.456628,0.294546,1.095713
226.000000,0.000000,-1.000000,-1.000000,0.000000,-1.000000,0.030740,-0.456998,0.294704,1.095614
227.000000,0.000000,-1.000000,-1.000000,0.000000,-1.000000,0.030354,-0.457149,0.295066,1.095754
229.000000,0.000000,-1.000000,-1.000000,0.000000,-1.000000,0.030204,-0.457092,0.295218,1.095764
230.000000,0.000000,-1.000000,-1.000000,0.000000,-1.000000,0.029990,-0.457438,0.295329,1.096228
232.000000,0.000000,-1.000000,-1.000000,0.000000,-1.000000,0.029630,-0.457519,0.295723,1.096111
233.000000,0.000000,-1.000000,-1.000000,0.000000,-1.000000,0.029267,-0.457444,0.296086,1.096155
235.000000,0.000000,-1.000000,-1.000000,0.000000,-1.000000,0.029369,-0.457306,0.295951,1.096304
236.000000,0.000000,-1.000000,-1.000000,0.000000,-1.000000,0.029569,-0.456938,0.295746,1.096324
238.000000,0.000000,-1.000000,-1.000000,0.000000,-1.000000,0.029673,-0.456606,0.295717,1.095998
239.000000,0.000000,-1.000000,-1.000000,0.000000,-1.000000,0.029672,-0.456513,0.295706,1.096059
241.000000,0.000000,-1.000000,-1.000000,0.000000,-1.000000,0.029963,-0.456512,0.295395,1.096114
242.000000,0.000000,-1.000000,-1.000000,0.000000,-1.000000,0.030174,-0.456387,0.295227,1.095905
244.000000,0.000000,-1.000000,-1.000000,0.000000,-1.000000,0.030405,-0.456063,0.294970,1.096022
245.000000,0.000000,-1.000000,-1.000000,0.000000,-1.000000,0.030788,-0.455760,0.294497,1.096399
246.000000,0.000000,-1.000000,-1.000000,0.000000,-1.000000,0.030887,-0.455390,0.294388,1.096457
248.000000,0.000000,-1.000000,-1.000000,0.000000,-1.000000,0.030684,-0.455133,0.294576,1.096560
249.000000,0.000000,-1.000000,-1.000000,0.000000,-1.000000,0.030597,-0.455044,0.294684,1.096484
251.000000,0.000000,-1.000000,-1.000000,0.000000,-1.000000,0.030325,-0.455288,0.294976,1.096411
253.000000,0.000000,-1.000000,-1.000000,0.000000,-1.000000,0.029992,-0.455189,0.295491,1.095635
255.000000,0.000000,-1.000000,-1.000000,0.000000,-1.000000,0.030095,-0.455279,0.295565,1.094825
256.000000,0.000000,-1.000000,-1.000000,0.000000,-1.000000,0.030360,-0.455127,0.295524,1.093799
258.000000,0.000000,-1.000000,-1.000000,0.000000,-1.000000,0.030374,-0.454920,0.295640,1.093231
259.000000,0.000000,-1.000000,-1.000000,0.000000,-1.000000,0.030701,-0.454633,0.295473,1.092495
261.000000,0.000000,-1.000000,-1.000000,0.000000,-1.000000,0.030863,-0.454607,0.295362,1.092250
262.000000,0.000000,-1.000000,-1.000000,0.000000,-1.000000,0.031130,-0.454359,0.295106,1.092184
264.000000,0.000000,-1.000000,-1.000000,0.000000,-1.000000,0.031297,-0.453879,0.294864,1.092531
265.000000,0.000000,-1.000000,-1.000000,0.000000,-1.000000,0.031838,-0.453374,0.294197,1.093071
267.000000,0.000000,-1.000000,-1.000000,0.000000,-1.000000,0.032532,-0.452544,0.293523,1.092959
268.000000,0.000000,-1.000000,-1.000000,0.000000,-1.000000,0.033115,-0.451694,0.292923,1.093024
270.000000,0.000000,-1.000000,-1.000000,0.000000,-1.000000,0.033129,-0.450801,0.292870,1.093253
271.000000,0.000000,-1.000000,-1.000000,0.000000,-1.000000,0.033465,-0.450013,0.292515,1.093349
273.000000,0.000000,-1.000000,-1.000000,0.000000,-1.000000,0.033580,-0.449097,0.292489,1.092997
274.000000,0.000000,-1.000000,-1.000000,0.000000,-1.000000,0.033218,-0.448212,0.292786,1.093383
276.000000,0.000000,-1.000000,-1.000000,0.000000,-1.000000,0.033017,-0.447286,0.292985,1.093474
278.000000,0.000000,-1.000000,-1.000000,0.000000,-1.000000,0.033027,-0.446143,0.292983,1.093511
279.000000,0.000000,-1.000000,-1.000000,0.000000,-1.000000,0.032872,-0.445110,0.293185,1.093381
281.000000,0.000000,-1.000000,-1.000000,0.000000,-1.000000,0.032744,-0.444097,0.293315,1.093452
282.000000,0.000000,-1.000000,-1.000000,0.000000,-1.000000,0.033006,-0.443479,0.293066,1.093402
284.000000,0.000000,-1.000000,-1.000000,0.000000,-1.000000,0.033401,-0.443063,0.292716,1.093180
285.000000,0.000000,-1.000000,-1.000000,0.000000,-1.000000,0.033751,-0.442856,0.292431,1.092864
286.000000,0.000000,-1.000000,-1.000000,0.000000,-1.000000,0.033630,-0.443121,0.292529,1.092967
288.000000,0.000000,-1.000000,-1.000000,0.000000,-1.000000,0.033376,-0.443616,0.292789,1.092935
289.000000,0.000000,-1.000000,-1.000000,0.000000,-1.000000,0.032956,-0.443998,0.293248,1.092780
291.000000,0.000000,-1.000000,-1.000000,0.000000,-1.000000,0.032510,-0.444212,0.293644,1.093044
292.000000,0.000000,-1.000000,-1.000000,0.000000,-1.000000,0.031978,-0.444411,0.294028,1.093755
293.000000,0.000000,-1.000000,-1.000000,0.000000,-1.000000,0.031844,-0.444425,0.294106,1.094016
295.000000,0.000000,-1.000000,-1.000000,0.000000,-1.000000,0.032073,-0.444461,0.293870,1.094023
296.000000,0.000000,-1.000000,-1.000000,0.000000,-1.000000,0.032204,-0.444725,0.293720,1.094078
298.000000,0.000000,-1.000000,-1.000000,0.000000,-1.000000,0.032228,-0.444881,0.293606,1.094466
299.000000,0.000000,-1.000000,-1.000000,0.000000,-1.000000,0.032584,-0.444918,0.293312,1.094149
301.000000,0.000000,-1.000000,-1.000000,0.000000,-1.000000,0.032926,-0.444825,0.293020,1.093890
302.000000,0.000000,-1.000000,-1.000000,0.000000,-1.000000,0.032697,-0.444560,0.293199,1.094158
303.000000,0.000000,-1.000000,-1.000000,0.000000,-1.000000,0.032675,-0.443730,0.293213,1.094249
305.000000,0.000000,-1.000000,-1.000000,0.000000,-1.000000,0.033061,-0.442999,0.292916,1.093851
307.000000,0.000000,-1.000000,-1.000000,0.000000,-1.000000,0.033316,-0.442570,0.292651,1.093898
308.000000,0.000000,-1.000000,-1.000000,0.000000,-1.000000,0.033577,-0.442165,0.292376,1.093954
309.000000,0.000000,-1.000000,-1.000000,0.000000,-1.000000,0.033921,-0.441773,0.292053,1.093848
311.000000,0.000000,-1.000000,-1.000000,0.000000,-1.000000,0.033878,-0.441787,0.292114,1.093768
313.000000,0.000000,-1.000000,-1.000000,0.000000,-1.000000,0.033485,-0.441962,0.292523,1.093731
314.000000,0.000000,-1.000000,-1.000000,0.000000,-1.000000,0.033029,-0.442307,0.292973,1.093788
315.000000,0.000000,-1.000000,-1.000000,0.000000,-1.000000,0.032361,-0.442630,0.293560,1.094202
317.000000,0.000000,-1.000000,-1.000000,0.000000,-1.000000,0.031977,-0.442972,0.293930,1.094287
318.000000,0.000000,-1.000000,-1.000000,0.000000,-1.000000,0.031708,-0.443710,0.294164,1.094428
320.000000,0.000000,-1.000000,-1.000000,0.000000,-1.000000,0.031779,-0.444389,0.294036,1.094630
321.000000,0.000000,-1.000000,-1.000000,0.000000,-1.000000,0.032052,-0.444569,0.293768,1.094568
323.000000,0.000000,-1.000000,-1.000000,0.000000,-1.000000,0.032103,-0.445255,0.293784,1.094216
324.000000,0.000000,-1.000000,-1.000000,0.000000,-1.000000,0.032226,-0.445646,0.293677,1.094110
325.000000,0.000000,-1.000000,-1.000000,0.000000,-1.000000,0.032502,-0.445723,0.293412,1.094022
327.000000,0.000000,-1.000000,-1.000000,0.000000,-1.000000,0.032404,-0.445908,0.293496,1.094086
328.000000,0.000000,-1.000000,-1.000000,0.000000,-1.000000,0.032458,-0.446103,0.293505,1.093786
330.000000,0.000000,-1.000000,-1.000000,0.000000,-1.000000,0.033090,-0.445905,0.292980,1.093249
331.000000,0.000000,-1.000000,-1.000000,0.000000,-1.000000,0.033920,-0.445787,0.292304,1.092472
333.000000,0.000000,-1.000000,-1.000000,0.000000,-1.000000,0.034366,-0.445379,0.292025,1.091702
335.000000,0.000000,-1.000000,-1.000000,0.000000,-1.000000,0.034559,-0.445187,0.291927,1.091266
336.000000,0.000000,-1.000000,-1.000000,0.000000,-1.000000,0.034552,-0.445280,0.291982,1.091044
338.000000,0.000000,-1.000000,-1.000000,0.000000,-1.000000,0.034269,-0.445614,0.292284,1.090972
339.000000,0.000000,-1.000000,-1.000000,0.000000,-1.000000,0.033593,-0.446265,0.292933,1.091125
341.000000,0.000000,-1.000000,-1.000000,0.000000,-1.000000,0.033286,-0.446990,0.293141,1.091553
342.000000,0.000000,-1.000000,-1.000000,0.000000,-1.000000,0.033324,-0.447346,0.293144,1.091343
344.000000,0.000000,-1.000000,-1.000000,0.000000,-1.000000,0.033378,-0.447625,0.293084,1.091351
346.000000,0.000000,-1.000000,-1.000000,0.000000,-1.000000,0.033714,-0.447958,0.292764,1.091219
347.000000,0.000000,-1.000000,-1.000000,0.000000,-1.000000,0.034029,-0.448433,0.292423,1.091272
348.000000,0.000000,-1.000000,-1.000000,0.000000,-1.000000,0.034031,-0.448920,0.292495,1.090911
350.000000,0.000000,-1.000000,-1.000000,0.000000,-1.000000,0.033832,-0.449487,0.292724,1.090759
351.000000,0.000000,-1.000000,-1.000000,0.000000,-1.000000,0.033569,-0.450042,0.293025,1.090579
353.000000,0.000000,-1.000000,-1.000000,0.000000,-1.000000,0.033143,-0.450089,0.293455,1.090608
354.000000,0.000000,-1.000000,-1.000000,0.000000,-1.000000,0.033009,-0.449746,0.293585,1.090666
356.000000,0.000000,-1.000000,-1.000000,0.000000,-1.000000,0.033312,-0.449352,0.293240,1.090846
357.000000,0.000000,-1.000000,-1.000000,0.000000,-1.000000,0.033501,-0.448941,0.293006,1.091053
359.000000,0.000000,-1.000000,-1.000000,0.000000,-1.000000,0.033686,-0.448612,0.292764,1.091308
360.000000,0.000000,-1.000000,-1.000000,0.000000,-1.000000,0.034116,-0.448332,0.292342,1.091242
362.000000,0.000000,-1.000000,-1.000000,0.000000,-1.000000,0.034202,-0.448164,0.292285,1.091112
363.000000,0.000000,-1.000000,-1.000000,0.000000,-1.000000,0.033945,-0.448254,0.292533,1.091177
365.000000,0.000000,-1.000000,-1.000000,0.000000,-1.000000,0.033856,-0.448519,0.292633,1.091119
366.000000,0.000000,-1.000000,-1.000000,0.000000,-1.000000,0.033689,-0.448972,0.292851,1.090880
368.000000,0.000000,-1.000000,-1.000000,0.000000,-1.000000,0.033247,-0.449773,0.293267,1.090997
369.000000,0.000000,-1.000000,-1.000000,0.000000,-1.000000,0.032847,-0.450700,0.293677,1.090938
371.000000,0.000000,-1.000000,-1.000000,0.000000,-1.000000,0.032746,-0.451696,0.293798,1.090791
372.000000,0.000000,-1.000000,-1.000000,0.000000,-1.000000,0.032787,-0.452591,0.293844,1.090345
374.000000,0.000000,-1.000000,-1.000000,0.000000,-1.000000,0.032829,-0.453438,0.293893,1.089876
375.000000,0.000000,-1.000000,-1.000000,0.000000,-1.000000,0.032588,-0.454401,0.294232,1.089403
377.000000,0.000000,-1.000000,-1.000000,0.000000,-1.000000,0.032565,-0.455160,0.294366,1.088861
378.000000,0.000000,-1.000000,-1.000000,0.000000,-1.000000,0.032322,-0.455625,0.294737,1.088281
380.000000,0.000000,-1.000000,-1.000000,0.000000,-1.000000,0.032090,-0.455919,0.295044,1.087953
381.000000,0.000000,-1.000000,-1.000000,0.000000,-1.000000,0.032401,-0.455986,0.294750,1.087841
383.000000,0.000000,-1.000000,-1.000000,0.000000,-1.000000,0.032887,-0.455641,0.294251,1.087869
384.000000,0.000000,-1.000000,-1.000000,0.000000,-1.000000,0.033031,-0.455345,0.294061,1.088073
386.000000,0.000000,-1.000000,-1.000000,0.000000,-1.000000,0.033103,-0.455102,0.293926,1.088365
387.000000,0.000000,-1.000000,-1.000000,0.000000,-1.000000,0.033357,-0.455017,0.293629,1.088537
389.000000,0.000000,-1.000000,-1.000000,0.000000,-1.000000,0.032925,-0.455025,0.293993,1.088882
390.000000,0.000000,-1.000000,-1.000000,0.000000,-1.000000,0.032871,-0.454930,0.294016,1.089036
392.000000,0.000000,-1.000000,-1.000000,0.000000,-1.000000,0.033161,-0.454784,0.293727,1.089009
393.000000,0.000000,-1.000000,-1.000000,0.000000,-1.000000,0.033647,-0.454600,0.293278,1.088800
395.000000,0.000000,-1.000000,-1.000000,0.000000,-1.000000,0.033676,-0.454139,0.293176,1.089153
396.000000,0.000000,-1.000000,-1.000000,0.000000,-1.000000,0.033919,-0.453532,0.292925,1.089205
398.000000,0.000000,-1.000000,-1.000000,0.000000,-1.000000,0.033883,-0.452998,0.292937,1.089348
399.000000,0.000000,-1.000000,-1.000000,0.000000,-1.000000,0.033677,-0.452599,0.293092,1.089621
401.000000,0.000000,-1.000000,-1.000000,0.000000,-1.000000,0.033585,-0.452261,0.293120,1.089940
403.000000,0.000000,-1.000000,-1.000000,0.000000,-1.000000,0.033982,-0.451892,0.292828,1.089455
404.000000,0.000000,-1.000000,-1.000000,0.000000,-1.000000,0.034129,-0.451808,0.292768,1.089053
406.000000,0.000000,-1.000000,-1.000000,0.000000,-1.000000,0.034120,-0.452249,0.292919,1.088388
407.000000,0.000000,-1.000000,-1.000000,0.000000,-1.000000,0.033970,-0.452751,0.293176,1.087892
409.000000,0.000000,-1.000000,-1.000000,0.000000,-1.000000,0.033804,-0.453159,0.293469,1.087317
410.000000,0.000000,-1.000000,-1.000000,0.000000,-1.000000,0.033794,-0.454078,0.293541,1.086983
412.000000,0.000000,-1.000000,-1.000000,0.000000,-1.000000,0.034208,-0.455078,0.293244,1.086349
413.000000,0.000000,-1.000000,-1.000000,0.000000,-1.000000,0.034348,-0.455792,0.293170,1.085989
415.000000,0.000000,-1.000000,-1.000000,0.000000,-1.000000,0.034335,-0.456626,0.293368,1.085109
416.000000,0.000000,-1.000000,-1.000000,0.000000,-1.000000,0.034205,-0.457812,0.293650,1.084363
418.000000,0.000000,-1.000000,-1.000000,0.000000,-1.000000,0.033698,-0.458860,0.294316,1.083642
419.000000,0.000000,-1.000000,-1.000000,0.000000,-1.000000,0.033032,-0.459553,0.295131,1.083003
421.000000,0.000000,-1.000000,-1.000000,0.000000,-1.000000,0.033220,-0.460087,0.295103,1.082234
422.000000,0.000000,-1.000000,-1.000000,0.000000,-1.000000,0.033774,-0.460280,0.294657,1.081673
424.000000,0.000000,-1.000000,-1.000000,0.000000,-1.000000,0.033872,-0.460328,0.294631,1.081338
425.000000,0.000000,-1.000000,-1.000000,0.000000,-1.000000,0.033746,-0.460286,0.294708,1.081576
427.000000,0.000000,-1.000000,-1.000000,0.000000,-1.000000,0.033470,-0.460269,0.294904,1.081960
428.000000,0.000000,-1.000000,-1.000000,0.000000,-1.000000,0.032917,-0.460331,0.295403,1.082263
430.000000,0.000000,-1.000000,-1.000000,0.000000,-1.000000,0.032733,-0.460461,0.295509,1.082629
431.000000,0.000000,-1.000000,-1.000000,0.000000,-1.000000,0.033399,-0.460243,0.294812,1.082704
433.000000,0.000000,-1.000000,-1.000000,0.000000,-1.000000,0.034374,-0.459575,0.293806,1.082782
434.000000,0.000000,-1.000000,-1.000000,0.000000,-1.000000,0.035405,-0.458869,0.292670,1.083178
436.000000,0.000000,-1.000000,-1.000000,0.000000,-1.000000,0.036353,-0.457861,0.291641,1.083499
437.000000,3.000000,0.000000,0.000000,0.003802,0.000000,0.036836,-0.456893,0.291041,1.084035
439.000000,1.000000,0.000000,0.000000,0.003441,0.000000,0.036896,-0.456198,0.290860,1.084617
440.000000,1.000000,0.000000,0.000000,0.002839,0.000000,0.037239,-0.455833,0.290462,1.084845
442.000000,1.000000,0.000000,0.000000,0.002048,0.000000,0.037970,-0.455758,0.289837,1.084294
443.000000,1.000000,0.000000,0.000000,0.001565,0.000000,0.038541,-0.455986,0.289322,1.083964
445.000000,1.000000,0.000000,0.000000,0.001767,0.000000,0.039184,-0.456183,0.288769,1.083477
447.000000,1.000000,0.000000,0.000000,0.001970,0.000000,0.039646,-0.456522,0.288392,1.083025
448.000000,1.000000,0.000000,0.000000,0.001670,0.000000,0.039454,-0.456974,0.288651,1.082716
450.000000,1.000000,0.000000,0.000000,0.001389,0.000000,0.038982,-0.457338,0.289155,1.082604
452.000000,1.000000,0.000000,0.000000,0.001550,0.000000,0.038957,-0.457776,0.289258,1.082229
453.000000,1.000000,0.000000,0.000000,0.001490,0.000000,0.039092,-0.458035,0.289202,1.081844
455.000000,1.000000,0.000000,0.000000,0.001223,0.000000,0.039671,-0.458109,0.288666,1.081580
457.000000,1.000000,0.000000,0.000000,0.001079,0.000000,0.040053,-0.458030,0.288305,1.081452
458.000000,1.000000,0.000000,0.000000,0.001131,0.000000,0.040418,-0.457474,0.287891,1.081661
460.000000,1.000000,0.000000,0.000000,0.001570,0.000000,0.040463,-0.456607,0.287784,1.081990
462.000000,1.000000,0.000000,0.000000,0.002038,0.000000,0.040339,-0.455867,0.287805,1.082513
464.000000,1.000000,0.000000,0.000000,0.002413,0.000000,0.040177,-0.455120,0.287871,1.083011
465.000000,1.000000,0.000000,0.000000,0.002609,0.000000,0.040734,-0.454351,0.287263,1.083228
467.000000,1.000000,0.000000,0.000000,0.002461,0.000000,0.041227,-0.453894,0.286701,1.083507
469.000000,1.000000,0.000000,0.000000,0.002564,0.000000,0.042003,-0.453440,0.285847,1.083803
470.000000,1.000000,0.000000,0.000000,0.002713,0.000000,0.042913,-0.453046,0.284915,1.083828
472.000000,1.000000,0.000000,0.000000,0.003083,0.000000,0.044239,-0.452840,0.283652,1.083410
473.000000,1.000000,0.000000,0.000000,0.003627,0.000000,0.045808,-0.452981,0.282241,1.082518
475.000000,1.000000,0.000000,0.000000,0.004887,0.000000,0.047935,-0.453267,0.280379,1.081077
477.000000,1.000000,0.000000,0.000000,0.005531,0.000000,0.049573,-0.453736,0.279020,1.079615
479.000000,1.000000,0.000000,0.000000,0.005694,0.000000,0.050816,-0.453976,0.278087,1.078072
480.000000,1.000000,0.000000,0.000000,0.004738,0.000000,0.050875,-0.454075,0.278284,1.076911
482.000000,1.000000,0.000000,0.000000,0.003306,0.000000,0.049955,-0.453835,0.279355,1.076350
483.000000,1.000000,0.000000,0.000000,0.002579,0.000000,0.049126,-0.453287,0.280248,1.076188
485.000000,1.000000,0.000000,0.000000,0.002544,0.000000,0.048414,-0.452944,0.281002,1.076102
487.000000,1.000000,0.000000,0.000000,0.002205,0.000000,0.048033,-0.452721,0.281356,1.076276
489.000000,1.000000,0.000000,0.000000,0.001484,0.000000,0.048121,-0.452499,0.281249,1.076369
490.000000,1.000000,0.000000,0.000000,0.000000,0.000000,0.048674,-0.452314,0.280646,1.076543
492.000000,1.000000,0.000000,0.000000,0.000000,0.000000,0.048789,-0.452030,0.280478,1.076783
494.000000,1.000000,0.000000,0.000000,0.000000,0.000000,0.048805,-0.451878,0.280421,1.076981
495.000000,1.000000,0.000000,0.000000,0.000000,0.000000,0.048659,-0.451765,0.280572,1.076978
497.000000,1.000000,0.000000,0.000000,0.000000,0.000000,0.048618,-0.451392,0.280573,1.077189
498.000000,1.000000,0.000000,0.000000,0.000000,0.000000,0.048555,-0.451084,0.280632,1.077228
500.000000,1.000000,0.000000,0.000000,0.000000,0.000000,0.048425,-0.451091,0.280757,1.077265
501.000000,1.000000,0.000000,0.000000,0.000000,0.000000,0.048497,-0.450721,0.280697,1.077229
503.000000,1.000000,0.000000,0.000000,0.001766,0.000000,0.049846,-0.450095,0.279291,1.077376
504.000000,1.000000,0.000000,0.000000,0.003074,0.000000,0.051539,-0.449713,0.277550,1.077430
506.000000,1.000000,0.000000,0.000000,0.005233,0.000000,0.054401,-0.449535,0.274650,1.077295
507.000000,1.000000,0.000000,0.000000,0.008143,0.000000,0.058487,-0.449586,0.270472,1.077251
509.000000,1.000000,0.000000,0.000000,0.012538,0.000000,0.064742,-0.449584,0.264000,1.077527
510.000000,1.000000,0.000000,0.000000,0.017628,0.000000,0.073101,-0.449311,0.255575,1.076922
512.000000,1.000000,0.000000,0.000000,0.024687,0.000000,0.084826,-0.449061,0.243811,1.075817
513.000000,1.000000,0.000000,6.000000,0.030542,0.000000,0.097309,-0.448328,0.231256,1.074805
515.000000,1.000000,0.000000,6.000000,0.036207,0.000000,0.111496,-0.446367,0.217052,1.073438
516.000000,1.000000,0.000000,6.000000,0.040825,0.000000,0.126511,-0.443591,0.201955,1.072322
518.000000,1.000000,0.000000,6.000000,0.044442,0.000000,0.141996,-0.440416,0.186079,1.072560
520.000000,1.000000,0.000000,6.000000,0.047648,0.000000,0.157968,-0.435050,0.169554,1.073612
521.000000,1.000000,0.000000,6.000000,0.052350,0.000000,0.176498,-0.429380,0.150569,1.073967
523.000000,1.000000,0.000000,6.000000,0.057080,0.000000,0.196303,-0.423095,0.130229,1.074572
524.000000,1.000000,0.000000,6.000000,0.063233,0.000000,0.218522,-0.415352,0.107385,1.075407
526.000000,1.000000,0.000000,6.000000,0.068544,0.000000,0.240820,-0.405085,0.084447,1.076463
528.000000,1.000000,0.000000,6.000000,0.072581,0.000000,0.262541,-0.392860,0.061892,1.078573
529.000000,1.000000,0.000000,6.000000,0.076802,0.000000,0.283913,-0.377430,0.039275,1.082773
531.000000,1.000000,0.000000,6.000000,0.082434,0.000000,0.306230,-0.358771,0.015634,1.087424
533.000000,1.000000,0.000000,6.000000,0.086892,0.000000,0.327376,-0.338579,-0.007103,1.093500
534.000000,1.000000,0.000000,6.000000,0.091432,0.000000,0.348682,-0.317462,-0.030389,1.101359
536.000000,1.000000,0.000000,6.000000,0.094956,0.000000,0.369433,-0.295475,-0.053260,1.109962
537.000000,2.000000,6.000000,6.000000,0.097543,0.000000,0.389186,-0.272077,-0.075261,1.119339
539.000000,0.000000,6.000000,6.000000,0.000000,0.000000,0.406639,-0.248378,-0.095335,1.130660
540.000000,0.000000,6.000000,6.000000,0.000000,0.000000,0.423083,-0.223252,-0.114493,1.142609
541.000000,3.000000,6.000000,6.000000,0.098016,0.000000,0.437109,-0.199138,-0.131082,1.154077
543.000000,1.000000,6.000000,4.000000,0.094860,1.000000,0.449218,-0.176295,-0.145838,1.166057
545.000000,1.000000,6.000000,4.000000,0.090818,1.000000,0.460035,-0.155351,-0.159538,1.179113
546.000000,1.000000,6.000000,4.000000,0.085431,1.000000,0.468744,-0.136378,-0.171150,1.192371
548.000000,1.000000,6.000000,4.000000,0.078734,1.000000,0.475147,-0.119711,-0.180410,1.205530
550.000000,1.000000,6.000000,4.000000,0.073928,1.000000,0.480936,-0.103470,-0.189118,1.219010
551.000000,1.000000,6.000000,4.000000,0.068085,1.000000,0.485461,-0.089655,-0.196372,1.231625
552.000000,1.000000,6.000000,4.000000,0.060255,1.000000,0.488473,-0.078284,-0.201575,1.241834
554.000000,1.000000,6.000000,4.000000,0.052172,1.000000,0.490543,-0.068806,-0.205520,1.250614
555.000000,1.000000,6.000000,3.000000,0.044293,0.000000,0.493229,-0.061059,-0.209718,1.257594
557.000000,1.000000,6.000000,6.000000,0.036212,0.000000,0.495579,-0.055832,-0.213380,1.263544
559.000000,1.000000,6.000000,6.000000,0.030328,0.000000,0.498353,-0.050871,-0.217278,1.268596
560.000000,1.000000,6.000000,6.000000,0.026270,0.000000,0.501385,-0.046791,-0.221392,1.273371
562.000000,1.000000,6.000000,6.000000,0.023509,0.000000,0.504845,-0.043590,-0.225884,1.277816
563.000000,1.000000,6.000000,6.000000,0.020329,0.000000,0.506698,-0.041497,-0.228653,1.281855
565.000000,1.000000,6.000000,6.000000,0.017351,0.000000,0.508294,-0.039965,-0.231005,1.285166
567.000000,1.000000,6.000000,6.000000,0.013930,0.000000,0.509739,-0.039478,-0.232990,1.287460
568.000000,1.000000,6.000000,6.000000,0.011309,0.000000,0.510846,-0.038756,-0.234594,1.289613
570.000000,1.000000,6.000000,6.000000,0.008779,0.000000,0.511753,-0.038418,-0.235845,1.291075
572.000000,1.000000,6.000000,6.000000,0.006872,0.000000,0.512712,-0.038246,-0.237054,1.292099
573.000000,1.000000,6.000000,6.000000,0.005101,0.000000,0.513427,-0.038221,-0.237901,1.292615
575.000000,1.000000,6.000000,6.000000,0.003808,0.000000,0.513895,-0.038105,-0.238485,1.293091
576.000000,1.000000,6.000000,6.000000,0.002449,0.000000,0.513987,-0.038248,-0.238628,1.293298
578.000000,1.000000,6.000000,6.000000,0.001904,0.000000,0.514134,-0.038220,-0.238893,1.293817
580.000000,1.000000,6.000000,6.000000,0.001653,0.000000,0.514135,-0.038056,-0.239023,1.294405
581.000000,1.000000,6.000000,6.000000,0.001301,0.000000,0.513881,-0.037714,-0.238811,1.294643
583.000000,1.000000,6.000000,6.000000,0.001297,0.000000,0.513672,-0.037421,-0.238666,1.294969
585.000000,1.000000,6.000000,6.000000,0.001326,0.000000,0.513141,-0.037239,-0.238161,1.295156
587.000000,1.000000,6.000000,6.000000,0.001839,0.000000,0.512047,-0.037230,-0.237054,1.295221
588.000000,1.000000,6.000000,6.000000,0.002115,0.000000,0.511322,-0.037158,-0.236266,1.295024
590.000000,1.000000,6.000000,6.000000,0.002102,0.000000,0.510816,-0.037049,-0.235715,1.294884
591.000000,1.000000,6.000000,6.000000,0.001976,0.000000,0.510289,-0.037093,-0.235201,1.295000
593.000000,1.000000,6.000000,6.000000,0.000000,0.000000,0.510580,-0.037027,-0.235526,1.295123
594.000000,1.000000,6.000000,6.000000,0.000000,0.000000,0.511266,-0.036915,-0.236212,1.295052
596.000000,1.000000,6.000000,6.000000,0.000000,0.000000,0.511753,-0.037014,-0.236753,1.295235
597.000000,1.000000,6.000000,6.000000,0.001512,0.000000,0.512192,-0.037087,-0.237288,1.295611
599.000000,1.000000,6.000000,6.000000,0.001540,0.000000,0.512408,-0.037261,-0.237568,1.295865
600.000000,1.000000,6.000000,6.000000,0.000000,0.000000,0.512220,-0.037332,-0.237330,1.295657
602.000000,1.000000,6.000000,6.000000,0.000000,0.000000,0.512089,-0.037477,-0.237139,1.295393
603.000000,1.000000,6.000000,6.000000,0.000000,0.000000,0.512205,-0.037602,-0.237131,1.294816
605.000000,1.000000,6.000000,6.000000,0.001507,0.000000,0.512229,-0.037729,-0.236985,1.294042
606.000000,1.000000,6.000000,6.000000,0.002156,0.000000,0.512156,-0.037752,-0.236697,1.293084
608.000000,1.000000,6.000000,6.000000,0.002153,0.000000,0.512106,-0.037702,-0.236518,1.292517
609.000000,1.000000,6.000000,6.000000,0.002237,0.000000,0.512166,-0.037748,-0.236418,1.291786
611.000000,1.000000,6.000000,6.000000,0.002007,0.000000,0.511968,-0.037711,-0.236116,1.291345
612.000000,1.000000,6.000000,6.000000,0.001875,0.000000,0.511815,-0.037769,-0.235842,1.290818
614.000000,1.000000,6.000000,6.000000,0.001387,0.000000,0.512125,-0.038137,-0.236116,1.290598
615.000000,1.000000,6.000000,6.000000,0.001477,0.000000,0.512402,-0.038688,-0.236325,1.290229
616.000000,1.000000,6.000000,6.000000,0.001725,0.000000,0.512524,-0.038996,-0.236303,1.289546
618.000000,1.000000,6.000000,6.000000,0.003013,0.000000,0.512546,-0.039857,-0.235983,1.287957
619.000000,1.000000,6.000000,6.000000,0.004757,0.000000,0.512522,-0.041507,-0.235554,1.286038
621.000000,1.000000,6.000000,6.000000,0.007709,0.000000,0.512544,-0.043338,-0.234779,1.282348
622.000000,1.000000,6.000000,6.000000,0.011472,0.000000,0.512796,-0.045974,-0.233955,1.277323
624.000000,1.000000,6.000000,6.000000,0.016536,0.000000,0.513462,-0.049937,-0.233135,1.270337
625.000000,1.000000,6.000000,6.000000,0.020978,0.000000,0.514336,-0.053568,-0.232273,1.262225
627.000000,1.000000,6.000000,6.000000,0.025824,0.000000,0.515070,-0.057100,-0.230829,1.252150
628.000000,1.000000,6.000000,6.000000,0.030410,0.000000,0.515458,-0.061726,-0.228835,1.241135
629.000000,1.000000,6.000000,6.000000,0.033619,0.000000,0.513740,-0.066734,-0.224768,1.230471
631.000000,1.000000,6.000000,6.000000,0.036436,0.000000,0.510851,-0.070908,-0.219304,1.218978
632.000000,1.000000,6.000000,6.000000,0.040367,0.000000,0.507400,-0.076847,-0.213011,1.206237
634.000000,1.000000,6.000000,6.000000,0.044484,0.000000,0.503965,-0.082460,-0.206360,1.191838
635.000000,1.000000,6.000000,4.000000,0.048572,1.000000,0.499977,-0.087738,-0.198876,1.176262
637.000000,1.000000,6.000000,4.000000,0.053827,1.000000,0.496019,-0.093874,-0.190929,1.158424
638.000000,1.000000,6.000000,4.000000,0.057805,1.000000,0.489488,-0.101115,-0.180623,1.141755
640.000000,1.000000,6.000000,4.000000,0.061128,1.000000,0.481001,-0.107522,-0.168281,1.124999
642.000000,1.000000,6.000000,4.000000,0.064853,1.000000,0.470221,-0.115188,-0.153637,1.108376
643.000000,1.000000,6.000000,4.000000,0.068866,1.000000,0.456852,-0.123439,-0.136447,1.092193
645.000000,1.000000,6.000000,4.000000,0.072793,1.000000,0.441776,-0.131422,-0.117511,1.076045
646.000000,2.000000,6.000000,6.000000,0.075219,0.000000,0.426614,-0.138124,-0.098494,1.060009
648.000000,0.000000,6.000000,6.000000,0.000000,0.000000,0.410051,-0.144409,-0.078330,1.045288
649.000000,0.000000,6.000000,6.000000,0.000000,0.000000,0.391480,-0.149770,-0.056603,1.032848
651.000000,3.000000,6.000000,6.000000,0.075425,0.000000,0.372027,-0.153385,-0.034511,1.022937
652.000000,1.000000,6.000000,4.000000,0.073773,1.000000,0.351632,-0.155039,-0.011862,1.014979
654.000000,1.000000,6.000000,4.000000,0.073962,1.000000,0.329914,-0.156428,0.012065,1.007385
655.000000,1.000000,6.000000,4.000000,0.074742,1.000000,0.306989,-0.157635,0.036897,1.001288
657.000000,1.000000,6.000000,4.000000,0.075825,1.000000,0.283424,-0.158514,0.062230,0.995911
659.000000,1.000000,6.000000,4.000000,0.078093,1.000000,0.258367,-0.160194,0.088971,0.991022
660.000000,1.000000,6.000000,4.000000,0.080776,1.000000,0.231391,-0.163148,0.117105,0.988623
662.000000,1.000000,6.000000,4.000000,0.083321,1.000000,0.203147,-0.166645,0.146021,0.988513
664.000000,2.000000,4.000000,4.000000,0.084222,1.000000,0.175624,-0.169514,0.173978,0.989426
665.000000,1.000000,4.000000,6.000000,0.082957,0.000000,0.149326,-0.171283,0.200245,0.992358
667.000000,1.000000,4.000000,6.000000,0.079877,0.000000,0.124594,-0.172231,0.224639,0.996548
668.000000,1.000000,4.000000,6.000000,0.073603,0.000000,0.103597,-0.171944,0.245372,1.000076
670.000000,1.000000,4.000000,6.000000,0.064137,0.000000,0.087239,-0.170915,0.261378,1.003530
671.000000,1.000000,4.000000,6.000000,0.054987,0.000000,0.073156,-0.169696,0.275084,1.006850
673.000000,1.000000,4.000000,4.000000,0.045735,1.000000,0.061933,-0.169067,0.285849,1.010184
675.000000,1.000000,4.000000,4.000000,0.035517,1.000000,0.054758,-0.168157,0.292657,1.012683
676.000000,1.000000,4.000000,4.000000,0.027348,1.000000,0.049038,-0.167401,0.298066,1.014756
678.000000,1.000000,4.000000,4.000000,0.021352,1.000000,0.044053,-0.167373,0.302872,1.016116
680.000000,1.000000,4.000000,4.000000,0.016847,1.000000,0.039821,-0.167503,0.307010,1.016994
681.000000,1.000000,4.000000,4.000000,0.014092,1.000000,0.035862,-0.167145,0.310976,1.017425
683.000000,1.000000,4.000000,4.000000,0.012834,1.000000,0.031932,-0.166693,0.314954,1.017671
685.000000,1.000000,4.000000,4.000000,0.011764,1.000000,0.028445,-0.166243,0.318322,1.018623
687.000000,1.000000,4.000000,4.000000,0.010671,1.000000,0.025496,-0.165389,0.321105,1.019745
688.000000,1.000000,4.000000,4.000000,0.009233,1.000000,0.023267,-0.165020,0.323159,1.020800
690.000000,1.000000,4.000000,4.000000,0.007663,1.000000,0.021438,-0.165162,0.324951,1.021157
692.000000,1.000000,4.000000,4.000000,0.007232,1.000000,0.018910,-0.165239,0.327484,1.021412
693.000000,1.000000,4.000000,4.000000,0.006822,1.000000,0.016753,-0.165037,0.329780,1.021041
695.000000,1.000000,4.000000,4.000000,0.006915,1.000000,0.014633,-0.164421,0.332143,1.020223
697.000000,1.000000,4.000000,4.000000,0.007474,1.000000,0.012447,-0.163269,0.334601,1.019318
698.000000,1.000000,4.000000,4.000000,0.007600,1.000000,0.010697,-0.161971,0.336591,1.018514
700.000000,1.000000,4.000000,4.000000,0.006823,1.000000,0.009824,-0.160812,0.337676,1.017735
702.000000,1.000000,4.000000,4.000000,0.005993,1.000000,0.009423,-0.159758,0.338338,1.016673
703.000000,1.000000,4.000000,4.000000,0.005036,1.000000,0.009017,-0.158988,0.338933,1.015920
705.000000,2.000000,4.000000,4.000000,0.003851,1.000000,0.009094,-0.158335,0.338975,1.015421
706.000000,0.000000,4.000000,4.000000,0.000000,1.000000,0.009058,-0.157862,0.339112,1.015004
708.000000,0.000000,4.000000,4.000000,0.000000,1.000000,0.008908,-0.157286,0.339388,1.014488
709.000000,0.000000,4.000000,4.000000,0.000000,1.000000,0.008861,-0.156738,0.339487,1.014296
711.000000,0.000000,4.000000,4.000000,0.000000,1.000000,0.009042,-0.156278,0.339301,1.014329
712.000000,0.000000,4.000000,4.000000,0.000000,1.000000,0.009161,-0.155959,0.339125,1.014588
714.000000,0.000000,4.000000,4.000000,0.000000,1.000000,0.009418,-0.155604,0.338825,1.014778
715.000000,0.000000,4.000000,4.000000,0.000000,1.000000,0.009585,-0.155471,0.338567,1.015178
717.000000,0.000000,4.000000,4.000000,0.000000,1.000000,0.009603,-0.155293,0.338458,1.015595
719.000000,0.000000,4.000000,4.000000,0.000000,1.000000,0.009185,-0.155304,0.338892,1.015567
720.000000,0.000000,4.000000,4.000000,0.000000,1.000000,0.008984,-0.155665,0.339210,1.015040
722.000000,0.000000,4.000000,4.000000,0.000000,1.000000,0.008499,-0.156540,0.339722,1.014918
723.000000,0.000000,4.000000,4.000000,0.000000,1.000000,0.008144,-0.157530,0.340103,1.014780
725.000000,0.000000,4.000000,4.000000,0.000000,1.000000,0.008009,-0.158675,0.340288,1.014498
726.000000,0.000000,4.000000,4.000000,0.000000,1.000000,0.008071,-0.159761,0.340208,1.014505
728.000000,0.000000,4.000000,4.000000,0.000000,1.000000,0.008121,-0.160815,0.340067,1.014835
729.000000,0.000000,4.000000,4.000000,0.000000,1.000000,0.008221,-0.161626,0.339946,1.014872
731.000000,0.000000,4.000000,4.000000,0.000000,1.000000,0.008225,-0.162488,0.339963,1.014720
733.000000,0.000000,4.000000,4.000000,0.000000,1.000000,0.008166,-0.163331,0.339981,1.014854
734.000000,0.000000,4.000000,4.000000,0.000000,1.000000,0.008291,-0.164102,0.339805,1.015024
736.000000,0.000000,4.000000,4.000000,0.000000,1.000000,0.008321,-0.164696,0.339719,1.015236
738.000000,0.000000,4.000000,4.000000,0.000000,1.000000,0.008558,-0.164857,0.339488,1.015171
739.000000,0.000000,4.000000,4.000000,0.000000,1.000000,0.008967,-0.164767,0.339039,1.015309
741.000000,0.000000,4.000000,4.000000,0.000000,1.000000,0.009316,-0.164600,0.338680,1.015329
743.000000,0.000000,4.000000,4.000000,0.000000,1.000000,0.009236,-0.164440,0.338782,1.015249
745.000000,0.000000,4.000000,4.000000,0.000000,1.000000,0.009094,-0.164154,0.339013,1.014880
746.000000,0.000000,4.000000,4.000000,0.000000,1.000000,0.008933,-0.164004,0.339160,1.014972
748.000000,0.000000,4.000000,4.000000,0.000000,1.000000,0.008759,-0.163940,0.339329,1.015019
750.000000,0.000000,4.000000,4.000000,0.000000,1.000000,0.008435,-0.163986,0.339753,1.014600
751.000000,0.000000,4.000000,4.000000,0.000000,1.000000,0.008091,-0.164008,0.340227,1.014057
753.000000,0.000000,4.000000,4.000000,0.000000,1.000000,0.007870,-0.163986,0.340472,1.013973
755.000000,0.000000,4.000000,4.000000,0.000000,1.000000,0.007679,-0.164197,0.340767,1.013515
757.000000,0.000000,4.000000,4.000000,0.000000,1.000000,0.007438,-0.164434,0.341102,1.013104
758.000000,0.000000,4.000000,4.000000,0.000000,1.000000,0.007077,-0.164617,0.341413,1.013360
760.000000,0.000000,4.000000,4.000000,0.000000,1.000000,0.006964,-0.164641,0.341421,1.013839
762.000000,0.000000,4.000000,4.000000,0.000000,1.000000,0.007152,-0.164657,0.341310,1.013472
763.000000,0.000000,4.000000,4.000000,0.000000,1.000000,0.007031,-0.164458,0.341440,1.013460
765.000000,0.000000,4.000000,4.000000,0.000000,1.000000,0.007247,-0.164134,0.341193,1.013594
766.000000,0.000000,4.000000,4.000000,0.000000,1.000000,0.007511,-0.163588,0.340896,1.013747
768.000000,0.000000,4.000000,4.000000,0.000000,1.000000,0.007863,-0.163188,0.340523,1.013830
770.000000,0.000000,4.000000,4.000000,0.000000,1.000000,0.007944,-0.162631,0.340289,1.014540
771.000000,0.000000,4.000000,4.000000,0.000000,1.000000,0.008361,-0.162038,0.339767,1.015004
773.000000,0.000000,4.000000,4.000000,0.000000,1.000000,0.008445,-0.161406,0.339619,1.015321
775.000000,3.000000,4.000000,4.000000,0.002302,1.000000,0.009024,-0.160869,0.339004,1.015452
776.000000,1.000000,4.000000,4.000000,0.002802,1.000000,0.009947,-0.160257,0.337962,1.015923
778.000000,1.000000,4.000000,4.000000,0.003106,1.000000,0.010675,-0.159835,0.337062,1.016639
780.000000,1.000000,4.000000,4.000000,0.003353,1.000000,0.011418,-0.159508,0.336142,1.017372
781.000000,1.000000,4.000000,4.000000,0.003301,1.000000,0.011966,-0.159624,0.335415,1.018108
783.000000,1.000000,4.000000,4.000000,0.002826,1.000000,0.012122,-0.159839,0.335122,1.018692
785.000000,1.000000,4.000000,4.000000,0.001696,1.000000,0.011787,-0.159902,0.335444,1.018783
786.000000,1.000000,4.000000,4.000000,0.000000,1.000000,0.011699,-0.160062,0.335545,1.018724
788.000000,1.000000,4.000000,4.000000,0.000000,1.000000,0.011519,-0.160322,0.335790,1.018434
790.000000,1.000000,4.000000,4.000000,0.000000,1.000000,0.011481,-0.160189,0.335886,1.018184
791.000000,1.000000,4.000000,4.000000,0.000000,1.000000,0.011459,-0.160140,0.335962,1.017953
793.000000,1.000000,4.000000,4.000000,0.000000,1.000000,0.011529,-0.160051,0.335948,1.017700
794.000000,1.000000,4.000000,4.000000,0.000000,1.000000,0.011701,-0.160108,0.335815,1.017500
796.000000,1.000000,4.000000,4.000000,0.000000,1.000000,0.011698,-0.160249,0.335792,1.017605
798.000000,1.000000,4.000000,4.000000,0.000000,1.000000,0.011771,-0.160524,0.335742,1.017482
799.000000,1.000000,4.000000,4.000000,0.000000,1.000000,0.011840,-0.160794,0.335679,1.017425
801.000000,1.000000,4.000000,4.000000,0.000000,1.000000,0.011952,-0.161167,0.335555,1.017449
803.000000,1.000000,4.000000,4.000000,0.000000,1.000000,0.011792,-0.161378,0.335683,1.017595
804.000000,1.000000,4.000000,4.000000,0.000000,1.000000,0.011791,-0.161384,0.335628,1.017846
806.000000,1.000000,4.000000,4.000000,0.000000,1.000000,0.011798,-0.161103,0.335566,1.018108
808.000000,1.000000,4.000000,4.000000,0.000000,1.000000,0.011676,-0.160716,0.335723,1.017989
809.000000,1.000000,4.000000,4.000000,0.000000,1.000000,0.011705,-0.160511,0.335755,1.017725
811.000000,1.000000,4.000000,4.000000,0.000000,1.000000,0.011635,-0.160583,0.335945,1.017192
813.000000,1.000000,4.000000,4.000000,0.001320,1.000000,0.011483,-0.160860,0.336238,1.016557
815.000000,1.000000,4.000000,4.000000,0.001807,1.000000,0.011140,-0.160978,0.336723,1.015950
816.000000,1.000000,4.000000,4.000000,0.001628,1.000000,0.010796,-0.160982,0.337100,1.015842
818.000000,1.000000,4.000000,4.000000,0.001411,1.000000,0.010387,-0.160799,0.337518,1.015858
820.000000,1.000000,4.000000,4.000000,0.001222,1.000000,0.010383,-0.160000,0.337518,1.015927
821.000000,1.000000,4.000000,4.000000,0.002174,1.000000,0.010408,-0.158611,0.337515,1.015910
823.000000,1.000000,4.000000,4.000000,0.002768,1.000000,0.010676,-0.157530,0.337180,1.016252
825.000000,1.000000,4.000000,4.000000,0.003371,1.000000,0.011212,-0.156373,0.336569,1.016603
826.000000,1.000000,4.000000,4.000000,0.003507,1.000000,0.011859,-0.155586,0.335829,1.016998
828.000000,1.000000,4.000000,4.000000,0.003023,1.000000,0.012439,-0.155300,0.335191,1.017209
830.000000,1.000000,4.000000,4.000000,0.002201,1.000000,0.012985,-0.155534,0.334651,1.017112
831.000000,1.000000,4.000000,4.000000,0.001712,1.000000,0.013486,-0.155845,0.334363,1.016080
832.000000,1.000000,4.000000,4.000000,0.002499,1.000000,0.013802,-0.156604,0.334342,1.014674
834.000000,1.000000,4.000000,4.000000,0.004727,1.000000,0.014184,-0.157343,0.334543,1.011967
835.000000,1.000000,4.000000,4.000000,0.007079,1.000000,0.014940,-0.158105,0.334506,1.008613
837.000000,1.000000,4.000000,4.000000,0.009831,1.000000,0.016837,-0.158489,0.333570,1.004068
838.000000,1.000000,4.000000,4.000000,0.012353,1.000000,0.019530,-0.159096,0.331912,0.999090
840.000000,1.000000,4.000000,4.000000,0.015748,1.000000,0.023824,-0.159457,0.328914,0.992782
841.000000,1.000000,4.000000,4.000000,0.018441,1.000000,0.029127,-0.159430,0.324850,0.986638
843.000000,1.000000,4.000000,4.000000,0.021923,1.000000,0.036260,-0.159439,0.319092,0.979680
844.000000,1.000000,4.000000,4.000000,0.024352,1.000000,0.044076,-0.159812,0.312472,0.973434
846.000000,1.000000,4.000000,4.000000,0.027503,1.000000,0.053917,-0.160268,0.303792,0.967105
847.000000,1.000000,4.000000,4.000000,0.030674,1.000000,0.064888,-0.160670,0.293984,0.960651
849.000000,1.000000,4.000000,4.000000,0.034848,1.000000,0.078297,-0.161010,0.281593,0.954582
850.000000,1.000000,4.000000,6.000000,0.037150,0.000000,0.091209,-0.160841,0.269518,0.949412
852.000000,1.000000,4.000000,6.000000,0.040018,0.000000,0.105526,-0.159638,0.256072,0.944000
854.000000,1.000000,4.000000,6.000000,0.041407,0.000000,0.119501,-0.158004,0.242826,0.939283
856.000000,1.000000,4.000000,6.000000,0.042488,0.000000,0.134008,-0.155950,0.228670,0.936235
858.000000,2.000000,4.000000,4.000000,0.043163,1.000000,0.148512,-0.153028,0.214240,0.934485
860.000000,0.000000,4.000000,4.000000,0.000000,1.000000,0.165687,-0.149853,0.196746,0.934218
861.000000,0.000000,4.000000,4.000000,0.000000,1.000000,0.185101,-0.147841,0.176453,0.936143
863.000000,0.000000,4.000000,4.000000,0.000000,1.000000,0.207529,-0.144834,0.152930,0.938764
864.000000,3.000000,4.000000,4.000000,0.065748,1.000000,0.230503,-0.141078,0.128915,0.941127
866.000000,1.000000,4.000000,6.000000,0.070303,0.000000,0.253531,-0.136897,0.104706,0.944145
867.000000,1.000000,4.000000,6.000000,0.071211,0.000000,0.274920,-0.133279,0.082095,0.947491
869.000000,1.000000,4.000000,6.000000,0.069222,0.000000,0.294046,-0.129148,0.061574,0.951892
871.000000,1.000000,4.000000,6.000000,0.065481,0.000000,0.310752,-0.124988,0.043113,0.958180
872.000000,1.000000,4.000000,6.000000,0.063824,0.000000,0.327280,-0.121094,0.024223,0.967192
874.000000,1.000000,4.000000,6.000000,0.064517,0.000000,0.344193,-0.116368,0.004607,0.977747
875.000000,1.000000,4.000000,6.000000,0.067662,0.000000,0.360887,-0.109604,-0.015337,0.990905
877.000000,1.000000,4.000000,6.000000,0.071924,0.000000,0.376842,-0.101946,-0.035057,1.006512
878.000000,1.000000,4.000000,6.000000,0.075078,0.000000,0.391207,-0.094302,-0.053450,1.023470
880.000000,1.000000,4.000000,6.000000,0.077003,0.000000,0.403664,-0.086851,-0.070272,1.042144
882.000000,1.000000,4.000000,6.000000,0.077660,0.000000,0.414148,-0.080232,-0.085381,1.062148
884.000000,1.000000,4.000000,6.000000,0.078296,0.000000,0.424181,-0.072682,-0.100136,1.082688
885.000000,1.000000,4.000000,6.000000,0.078418,0.000000,0.433679,-0.064622,-0.114319,1.103166
887.000000,1.000000,4.000000,6.000000,0.076895,0.000000,0.441922,-0.057331,-0.127057,1.122871
888.000000,1.000000,4.000000,6.000000,0.074137,0.000000,0.449012,-0.050153,-0.138404,1.141638
890.000000,1.000000,4.000000,6.000000,0.070755,0.000000,0.454638,-0.043587,-0.148185,1.160068
892.000000,1.000000,4.000000,6.000000,0.064472,0.000000,0.459260,-0.038976,-0.156321,1.175607
893.000000,1.000000,6.000000,6.000000,0.056462,0.000000,0.461638,-0.036736,-0.161780,1.189304
895.000000,1.000000,6.000000,6.000000,0.050871,0.000000,0.464044,-0.033347,-0.167190,1.202723
897.000000,1.000000,6.000000,6.000000,0.045386,0.000000,0.466403,-0.030874,-0.172192,1.214472
899.000000,1.000000,6.000000,6.000000,0.040069,0.000000,0.468022,-0.029039,-0.176126,1.224794
900.000000,1.000000,6.000000,6.000000,0.036340,0.000000,0.469279,-0.026821,-0.179580,1.234647
902.000000,1.000000,6.000000,6.000000,0.033543,0.000000,0.471481,-0.023332,-0.183721,1.243324
904.000000,1.000000,6.000000,6.000000,0.029516,0.000000,0.473378,-0.021311,-0.187169,1.250197
906.000000,1.000000,6.000000,6.000000,0.026154,0.000000,0.474857,-0.019130,-0.190047,1.256445
907.000000,1.000000,6.000000,6.000000,0.022027,0.000000,0.476122,-0.016877,-0.192268,1.260738
909.000000,1.000000,6.000000,6.000000,0.017640,0.000000,0.476423,-0.015888,-0.193367,1.264346
910.000000,1.000000,6.000000,6.000000,0.013315,0.000000,0.476520,-0.015446,-0.194019,1.266852
912.000000,1.000000,6.000000,6.000000,0.010192,0.000000,0.476761,-0.014807,-0.194711,1.268891
913.000000,1.000000,6.000000,6.000000,0.007730,0.000000,0.477078,-0.013655,-0.195322,1.270245
915.000000,1.000000,6.000000,6.000000,0.006285,0.000000,0.477597,-0.012680,-0.196115,1.271479
916.000000,1.000000,6.000000,6.000000,0.005486,0.000000,0.478112,-0.011842,-0.196890,1.272639
918.000000,1.000000,6.000000,6.000000,0.005059,0.000000,0.478115,-0.010920,-0.197157,1.273880
920.000000,1.000000,6.000000,6.000000,0.004867,0.000000,0.478028,-0.010169,-0.197375,1.275310
921.000000,1.000000,6.000000,6.000000,0.004285,0.000000,0.477787,-0.010007,-0.197389,1.276490
923.000000,1.000000,6.000000,6.000000,0.004063,0.000000,0.477744,-0.009980,-0.197638,1.277803
925.000000,1.000000,6.000000,6.000000,0.004086,0.000000,0.477663,-0.009777,-0.197861,1.279189
926.000000,1.000000,6.000000,6.000000,0.004058,0.000000,0.477278,-0.009529,-0.197763,1.280532
928.000000,1.000000,6.000000,6.000000,0.004315,0.000000,0.476856,-0.009359,-0.197687,1.282146
930.000000,1.000000,6.000000,6.000000,0.004886,0.000000,0.476444,-0.009215,-0.197697,1.284091
932.000000,1.000000,6.000000,6.000000,0.005473,0.000000,0.475743,-0.008813,-0.197435,1.286164
933.000000,1.000000,6.000000,6.000000,0.006203,0.000000,0.475199,-0.008411,-0.197404,1.288551
935.000000,1.000000,6.000000,6.000000,0.006699,0.000000,0.475072,-0.008272,-0.197806,1.290946
936.000000,1.000000,6.000000,6.000000,0.006771,0.000000,0.474973,-0.007740,-0.198164,1.293042
938.000000,1.000000,6.000000,6.000000,0.006396,0.000000,0.474701,-0.006776,-0.198241,1.294697
939.000000,1.000000,6.000000,6.000000,0.005794,0.000000,0.474758,-0.005901,-0.198583,1.296024
941.000000,1.000000,6.000000,6.000000,0.005006,0.000000,0.474475,-0.005121,-0.198517,1.297074
942.000000,1.000000,6.000000,6.000000,0.004753,0.000000,0.474474,-0.003263,-0.198597,1.297556
944.000000,1.000000,6.000000,6.000000,0.005311,0.000000,0.474544,-0.000906,-0.198693,1.297815
946.000000,1.000000,6.000000,6.000000,0.006209,0.000000,0.474820,0.001313,-0.199205,1.298986
947.000000,1.000000,6.000000,6.000000,0.007226,0.000000,0.475200,0.003523,-0.199968,1.300804
949.000000,1.000000,6.000000,6.000000,0.008212,0.000000,0.475981,0.005891,-0.201127,1.302557
950.000000,1.000000,6.000000,6.000000,0.008705,0.000000,0.476811,0.007406,-0.202500,1.304999
952.000000,1.000000,6.000000,6.000000,0.008972,0.000000,0.477357,0.008226,-0.203679,1.307830
953.000000,1.000000,6.000000,6.000000,0.008998,0.000000,0.477910,0.009210,-0.204790,1.310332
954.000000,1.000000,6.000000,6.000000,0.008617,0.000000,0.477970,0.010057,-0.205375,1.312734
956.000000,1.000000,6.000000,6.000000,0.008164,0.000000,0.478100,0.010545,-0.206024,1.315077
957.000000,1.000000,6.000000,6.000000,0.007723,0.000000,0.477969,0.011820,-0.206339,1.317173
959.000000,1.000000,6.000000,6.000000,0.007401,0.000000,0.478152,0.013008,-0.206952,1.319158
960.000000,1.000000,6.000000,6.000000,0.006775,0.000000,0.478066,0.014080,-0.207203,1.320748
962.000000,1.000000,6.000000,6.000000,0.006121,0.000000,0.478341,0.015695,-0.207654,1.321610
963.000000,1.000000,6.000000,6.000000,0.005975,0.000000,0.478232,0.017619,-0.207710,1.322478
965.000000,1.000000,6.000000,6.000000,0.005091,0.000000,0.478104,0.018768,-0.207651,1.322879
966.000000,1.000000,6.000000,6.000000,0.004510,0.000000,0.477822,0.020124,-0.207318,1.322764
968.000000,1.000000,6.000000,6.000000,0.003931,0.000000,0.477952,0.021170,-0.207230,1.321841
969.000000,1.000000,6.000000,6.000000,0.004108,0.000000,0.478382,0.021817,-0.207182,1.319689
971.000000,1.000000,6.000000,6.000000,0.006766,0.000000,0.479867,0.023381,-0.207892,1.316147
972.000000,1.000000,6.000000,6.000000,0.010518,0.000000,0.481702,0.024064,-0.208536,1.310645
974.000000,1.000000,6.000000,6.000000,0.014436,0.000000,0.483679,0.024515,-0.209087,1.304057
975.000000,1.000000,6.000000,6.000000,0.018850,0.000000,0.485758,0.025197,-0.209367,1.295807
976.000000,1.000000,6.000000,6.000000,0.022610,0.000000,0.487527,0.025121,-0.209153,1.286710
978.000000,1.000000,6.000000,6.000000,0.026665,0.000000,0.488558,0.024257,-0.207839,1.276027
979.000000,1.000000,6.000000,6.000000,0.030598,0.000000,0.489995,0.025153,-0.206647,1.264131
981.000000,1.000000,6.000000,6.000000,0.035938,0.000000,0.491602,0.027078,-0.205034,1.249637
982.000000,1.000000,6.000000,6.000000,0.040073,0.000000,0.493127,0.031042,-0.203285,1.235030
984.000000,1.000000,6.000000,6.000000,0.044563,0.000000,0.494644,0.037108,-0.201252,1.219323
985.000000,1.000000,6.000000,6.000000,0.048438,0.000000,0.495472,0.044694,-0.198459,1.203473
987.000000,1.000000,6.000000,6.000000,0.051894,0.000000,0.495443,0.053459,-0.194708,1.187336
988.000000,1.000000,6.000000,3.000000,0.054903,0.000000,0.494352,0.063424,-0.189837,1.171135
990.000000,1.000000,6.000000,3.000000,0.057710,0.000000,0.492886,0.073388,-0.184421,1.154208
991.000000,1.000000,6.000000,3.000000,0.062308,0.000000,0.490511,0.085958,-0.177707,1.135808
993.000000,1.000000,6.000000,3.000000,0.067416,0.000000,0.487817,0.099854,-0.170401,1.116302
995.000000,1.000000,6.000000,3.000000,0.072339,0.000000,0.483815,0.114073,-0.161571,1.095985
996.000000,1.000000,6.000000,3.000000,0.076793,0.000000,0.477429,0.127895,-0.150187,1.075149
997.000000,1.000000,6.000000,3.000000,0.081624,0.000000,0.468011,0.142585,-0.135642,1.054126
999.000000,1.000000,6.000000,3.000000,0.084819,0.000000,0.455713,0.156859,-0.118472,1.034540
1001.000000,1.000000,6.000000,3.000000,0.088503,0.000000,0.440124,0.171024,-0.098029,1.015385
1002.000000,1.000000,6.000000,3.000000,0.092910,0.000000,0.420768,0.185177,-0.073937,0.997180
1004.000000,1.000000,6.000000,3.000000,0.096582,0.000000,0.399199,0.199370,-0.047960,0.980691
1006.000000,1.000000,6.000000,3.000000,0.099510,0.000000,0.374976,0.212769,-0.019718,0.966193
1007.000000,1.000000,6.000000,3.000000,0.100688,0.000000,0.348409,0.223005,0.010310,0.954259
1009.000000,1.000000,6.000000,3.000000,0.100383,0.000000,0.319504,0.230067,0.041904,0.945836
1010.000000,1.000000,6.000000,3.000000,0.099486,0.000000,0.289201,0.234448,0.074254,0.940285
1012.000000,1.000000,6.000000,3.000000,0.099328,0.000000,0.257086,0.236096,0.107755,0.937721
1014.000000,1.000000,6.000000,3.000000,0.100346,0.000000,0.223605,0.235256,0.142219,0.936961
1015.000000,1.000000,6.000000,3.000000,0.102276,0.000000,0.189171,0.233885,0.177388,0.937388
1017.000000,1.000000,3.000000,3.000000,0.101690,0.000000,0.156764,0.232885,0.210379,0.938283
1019.000000,1.000000,3.000000,3.000000,0.096430,0.000000,0.128621,0.232471,0.238785,0.940191
1020.000000,1.000000,3.000000,3.000000,0.086389,0.000000,0.105868,0.232746,0.261567,0.942596
1022.000000,1.000000,3.000000,3.000000,0.073244,0.000000,0.088278,0.233197,0.279078,0.944925
1023.000000,1.000000,3.000000,3.000000,0.058004,0.000000,0.076163,0.233533,0.291151,0.946471
1025.000000,1.000000,3.000000,3.000000,0.043875,0.000000,0.067577,0.233788,0.299821,0.947061
1027.000000,1.000000,3.000000,3.000000,0.032427,0.000000,0.061177,0.234105,0.306363,0.947149
1028.000000,1.000000,3.000000,3.000000,0.024026,0.000000,0.056207,0.234403,0.311586,0.946586
1030.000000,1.000000,3.000000,3.000000,0.017357,0.000000,0.053103,0.234835,0.314919,0.945931
1032.000000,1.000000,3.000000,3.000000,0.012005,0.000000,0.051361,0.235150,0.316708,0.945929
1033.000000,1.000000,3.000000,3.000000,0.006944,0.000000,0.051039,0.235090,0.316767,0.947143
1035.000000,1.000000,3.000000,3.000000,0.003969,0.000000,0.051084,0.234494,0.316268,0.949138
1036.000000,1.000000,3.000000,3.000000,0.004806,0.000000,0.051620,0.234369,0.315139,0.951731
1038.000000,1.000000,3.000000,3.000000,0.007047,0.000000,0.052595,0.234052,0.313508,0.954541
1040.000000,1.000000,3.000000,3.000000,0.008440,0.000000,0.053569,0.234002,0.311912,0.957223
1041.000000,1.000000,3.000000,3.000000,0.008073,0.000000,0.054280,0.233810,0.310788,0.958982
1043.000000,1.000000,3.000000,3.000000,0.006442,0.000000,0.055281,0.233032,0.309667,0.959362
1045.000000,1.000000,3.000000,3.000000,0.004684,0.000000,0.055668,0.231684,0.309265,0.959300
1046.000000,1.000000,3.000000,3.000000,0.002315,0.000000,0.054736,0.231429,0.310284,0.958996
1048.000000,1.000000,3.000000,3.000000,0.001573,0.000000,0.053724,0.231788,0.311487,0.958274
1050.000000,1.000000,3.000000,3.000000,0.003040,0.000000,0.052429,0.232686,0.312979,0.957590
1051.000000,2.000000,3.000000,3.000000,0.005111,0.000000,0.050040,0.234115,0.315376,0.957910
1053.000000,0.000000,3.000000,3.000000,0.000000,0.000000,0.047900,0.235681,0.317717,0.957347
1055.000000,0.000000,3.000000,3.000000,0.000000,0.000000,0.046777,0.236567,0.319052,0.956573
1057.000000,0.000000,3.000000,3.000000,0.000000,0.000000,0.045972,0.237586,0.319996,0.956105
1058.000000,0.000000,3.000000,3.000000,0.000000,0.000000,0.045387,0.238537,0.320702,0.955682
1060.000000,0.000000,3.000000,3.000000,0.000000,0.000000,0.045273,0.239662,0.320944,0.955192
1062.000000,0.000000,3.000000,3.000000,0.000000,0.000000,0.045306,0.240273,0.320899,0.955285
1063.000000,0.000000,3.000000,3.000000,0.000000,0.000000,0.045379,0.240310,0.320847,0.955186
1065.000000,0.000000,3.000000,3.000000,0.000000,0.000000,0.045177,0.239654,0.321063,0.955102
1066.000000,0.000000,3.000000,3.000000,0.000000,0.000000,0.045021,0.239564,0.321151,0.955421
1068.000000,0.000000,3.000000,3.000000,0.000000,0.000000,0.045033,0.239608,0.321168,0.955292
1070.000000,0.000000,3.000000,3.000000,0.000000,0.000000,0.044995,0.239546,0.321230,0.955184
1071.000000,0.000000,3.000000,3.000000,0.000000,0.000000,0.044874,0.239541,0.321352,0.955189
1073.000000,0.000000,3.000000,3.000000,0.000000,0.000000,0.044735,0.239141,0.321539,0.954967
1075.000000,0.000000,3.000000,3.000000,0.000000,0.000000,0.044248,0.238236,0.322117,0.954557
1076.000000,0.000000,3.000000,3.000000,0.000000,0.000000,0.043637,0.237354,0.322836,0.954086
1078.000000,0.000000,3.000000,3.000000,0.000000,0.000000,0.043158,0.236687,0.323423,0.953606
1080.000000,0.000000,3.000000,3.000000,0.000000,0.000000,0.042844,0.236108,0.323781,0.953411
1082.000000,0.000000,3.000000,3.000000,0.000000,0.000000,0.042510,0.235835,0.324199,0.953052
1084.000000,0.000000,3.000000,3.000000,0.000000,0.000000,0.042526,0.235497,0.324214,0.952890
1085.000000,0.000000,3.000000,3.000000,0.000000,0.000000,0.042476,0.235058,0.324263,0.952872
1087.000000,0.000000,3.000000,3.000000,0.000000,0.000000,0.042264,0.234930,0.324481,0.952861
1089.000000,0.000000,3.000000,3.000000,0.000000,0.000000,0.042170,0.235364,0.324610,0.952739
1090.000000,0.000000,3.000000,3.000000,0.000000,0.000000,0.042346,0.235932,0.324434,0.952759
1092.000000,0.000000,3.000000,3.000000,0.000000,0.000000,0.042405,0.236315,0.324393,0.952695
1093.000000,0.000000,3.000000,3.000000,0.000000,0.000000,0.042564,0.236870,0.324232,0.952722
1095.000000,0.000000,3.000000,3.000000,0.000000,0.000000,0.042769,0.237825,0.324083,0.952509
1097.000000,0.000000,3.000000,3.000000,0.000000,0.000000,0.041891,0.238040,0.325162,0.951715
1098.000000,0.000000,3.000000,3.000000,0.000000,0.000000,0.041141,0.237879,0.326045,0.951193
1100.000000,0.000000,3.000000,3.000000,0.000000,0.000000,0.040703,0.237949,0.326569,0.950860
1102.000000,0.000000,3.000000,3.000000,0.000000,0.000000,0.040165,0.237606,0.327217,0.950407
1103.000000,0.000000,3.000000,3.000000,0.000000,0.000000,0.039834,0.237011,0.327553,0.950385
1105.000000,0.000000,3.000000,3.000000,0.000000,0.000000,0.040523,0.236617,0.326719,0.950934
1106.000000,0.000000,3.000000,3.000000,0.000000,0.000000,0.040968,0.236773,0.326227,0.951104
1108.000000,0.000000,3.000000,3.000000,0.000000,0.000000,0.040809,0.236865,0.326450,0.950840
1109.000000,0.000000,3.000000,3.000000,0.000000,0.000000,0.040742,0.237121,0.326498,0.950947
1111.000000,0.000000,3.000000,3.000000,0.000000,0.000000,0.040698,0.237129,0.326515,0.951072
1113.000000,0.000000,3.000000,3.000000,0.000000,0.000000,0.040935,0.237357,0.326252,0.951177
1114.000000,0.000000,3.000000,3.000000,0.000000,0.000000,0.041185,0.237170,0.325911,0.951548
1116.000000,0.000000,3.000000,3.000000,0.000000,0.000000,0.041551,0.236654,0.325437,0.951957
1117.000000,0.000000,3.000000,3.000000,0.000000,0.000000,0.041783,0.236156,0.325206,0.951899
1119.000000,0.000000,3.000000,3.000000,0.000000,0.000000,0.041791,0.235818,0.325210,0.951819
1120.000000,0.000000,3.000000,3.000000,0.000000,0.000000,0.041471,0.235504,0.325584,0.951598
1122.000000,0.000000,3.000000,3.000000,0.000000,0.000000,0.041147,0.235253,0.325937,0.951483
1123.000000,0.000000,3.000000,3.000000,0.000000,0.000000,0.040836,0.235006,0.326251,0.951493
1125.000000,0.000000,3.000000,3.000000,0.000000,0.000000,0.040743,0.234709,0.326276,0.951786
1126.000000,0.000000,3.000000,3.000000,0.000000,0.000000,0.040832,0.234924,0.326172,0.951861
1128.000000,0.000000,3.000000,3.000000,0.000000,0.000000,0.040972,0.234872,0.325946,0.952225
1129.000000,0.000000,3.000000,3.000000,0.000000,0.000000,0.041222,0.234515,0.325640,0.952422
1131.000000,0.000000,3.000000,3.000000,0.000000,0.000000,0.041890,0.236198,0.324911,0.952733
1132.000000,0.000000,3.000000,3.000000,0.000000,0.000000,0.042073,0.236532,0.324736,0.952695
1134.000000,0.000000,3.000000,3.000000,0.000000,0.000000,0.041928,0.236068,0.324921,0.952500
1135.000000,0.000000,3.000000,3.000000,0.000000,0.000000,0.041752,0.235868,0.325162,0.952220
1137.000000,0.000000,3.000000,3.000000,0.000000,0.000000,0.041409,0.236066,0.325554,0.952050
1139.000000,0.000000,3.000000,3.000000,0.000000,0.000000,0.040975,0.233790,0.326104,0.951434
1140.000000,0.000000,3.000000,3.000000,0.000000,0.000000,0.040977,0.232715,0.326157,0.951118
1142.000000,0.000000,3.000000,3.000000,0.000000,0.000000,0.041025,0.232030,0.326140,0.950931
1143.000000,0.000000,3.000000,3.000000,0.000000,0.000000,0.040946,0.231231,0.326284,0.950599
1145.000000,0.000000,3.000000,3.000000,0.000000,0.000000,0.041109,0.230161,0.326191,0.950198
1146.000000,0.000000,3.000000,3.000000,0.000000,0.000000,0.040980,0.230675,0.326286,0.950394
1148.000000,0.000000,3.000000,3.000000,0.000000,0.000000,0.040806,0.231297,0.326469,0.950416
1149.000000,0.000000,3.000000,3.000000,0.000000,0.000000,0.040875,0.231984,0.326426,0.950334
