64.000000,0.000000,-1.000000,-1.000000,0.000000,-1.000000,0.057703,-0.442430,0.271702,1.075788
66.000000,0.000000,-1.000000,-1.000000,0.000000,-1.000000,0.054002,-0.440927,0.274099,1.082140
67.000000,0.000000,-1.000000,-1.000000,0.000000,-1.000000,0.051017,-0.439507,0.276014,1.087358
69.000000,0.000000,-1.000000,-1.000000,0.000000,-1.000000,0.048212,-0.438891,0.278159,1.090671
71.000000,0.000000,-1.000000,-1.000000,0.000000,-1.000000,0.046436,-0.438368,0.279584,1.092474
72.000000,0.000000,-1.000000,-1.000000,0.000000,-1.000000,0.043329,-0.437573,0.281756,1.097061
74.000000,0.000000,-1.000000,-1.000000,0.000000,-1.000000,0.041654,-0.437453,0.282999,1.099190
75.000000,0.000000,-1.000000,-1.000000,0.000000,-1.000000,0.040837,-0.438412,0.283690,1.099787
77.000000,0.000000,-1.000000,-1.000000,0.000000,-1.000000,0.040794,-0.439469,0.283676,1.099980
78.000000,0.000000,-1.000000,-1.000000,0.000000,-1.000000,0.040554,-0.441010,0.283788,1.100482
80.000000,0.000000,-1.000000,-1.000000,0.000000,-1.000000,0.039301,-0.442525,0.284849,1.101387
81.000000,0.000000,-1.000000,-1.000000,0.000000,-1.000000,0.038152,-0.444299,0.285779,1.102380
83.000000,0.000000,-1.000000,-1.000000,0.000000,-1.000000,0.037256,-0.445717,0.286550,1.102954
84.000000,0.000000,-1.000000,-1.000000,0.000000,-1.000000,0.036478,-0.446613,0.287136,1.103844
86.000000,0.000000,-1.000000,-1.000000,0.000000,-1.000000,0.036211,-0.447359,0.287329,1.104161
87.000000,0.000000,-1.000000,-1.000000,0.000000,-1.000000,0.036158,-0.448113,0.287363,1.104201
89.000000,0.000000,-1.000000,-1.000000,0.000000,-1.000000,0.036194,-0.449234,0.287387,1.103857
90.000000,0.000000,-1.000000,-1.000000,0.000000,-1.000000,0.036455,-0.450498,0.287217,1.103339
92.000000,0.000000,-1.000000,-1.000000,0.000000,-1.000000,0.036391,-0.452413,0.287426,1.102576
94.000000,0.000000,-1.000000,-1.000000,0.000000,-1.000000,0.036261,-0.454717,0.287625,1.102136
95.000000,0.000000,-1.000000,-1.000000,0.000000,-1.000000,0.036411,-0.456942,0.287609,1.101375
97.000000,0.000000,-1.000000,-1.000000,0.000000,-1.000000,0.036017,-0.458803,0.288119,1.100783
98.000000,0.000000,-1.000000,-1.000000,0.000000,-1.000000,0.035241,-0.460380,0.288994,1.100328
100.000000,0.000000,-1.000000,-1.000000,0.000000,-1.000000,0.034889,-0.461972,0.289573,1.099242
101.000000,0.000000,-1.000000,-1.000000,0.000000,-1.000000,0.034409,-0.463136,0.290288,1.098169
103.000000,0.000000,-1.000000,-1.000000,0.000000,-1.000000,0.033897,-0.464014,0.290976,1.097378
104.000000,0.000000,-1.000000,-1.000000,0.000000,-1.000000,0.033412,-0.464953,0.291312,1.098046
106.000000,0.000000,-1.000000,-1.000000,0.000000,-1.000000,0.032705,-0.466838,0.291646,1.099678
107.000000,0.000000,-1.000000,-1.000000,0.000000,-1.000000,0.031872,-0.468649,0.292033,1.101657
109.000000,0.000000,-1.000000,-1.000000,0.000000,-1.000000,0.030870,-0.469932,0.292563,1.103801
110.000000,0.000000,-1.000000,-1.000000,0.000000,-1.000000,0.029564,-0.470961,0.293308,1.106397
112.000000,0.000000,-1.000000,-1.000000,0.000000,-1.000000,0.028386,-0.471597,0.294262,1.107492
113.000000,0.000000,-1.000000,-1.000000,0.000000,-1.000000,0.027087,-0.471269,0.295442,1.108186
115.000000,0.000000,-1.000000,-1.000000,0.000000,-1.000000,0.025811,-0.470454,0.296546,1.109155
116.000000,0.000000,-1.000000,-1.000000,0.000000,-1.000000,0.024830,-0.469754,0.297343,1.110133
118.000000,0.000000,-1.000000,-1.000000,0.000000,-1.000000,0.024289,-0.469361,0.297767,1.110740
119.000000,0.000000,-1.000000,-1.000000,0.000000,-1.000000,0.024070,-0.468936,0.297823,1.111523
121.000000,0.000000,-1.000000,-1.000000,0.000000,-1.000000,0.024115,-0.468691,0.297724,1.111778
122.000000,0.000000,-1.000000,-1.000000,0.000000,-1.000000,0.024346,-0.468800,0.297499,1.111716
124.000000,0.000000,-1.000000,-1.000000,0.000000,-1.000000,0.024511,-0.469401,0.297353,1.111577
125.000000,0.000000,-1.000000,-1.000000,0.000000,-1.000000,0.024852,-0.469963,0.297134,1.110956
126.000000,0.000000,-1.000000,-1.000000,0.000000,-1.000000,0.025329,-0.470515,0.296777,1.110327
128.000000,0.000000,-1.000000,-1.000000,0.000000,-1.000000,0.025928,-0.471202,0.296221,1.110028
129.000000,0.000000,-1.000000,-1.000000,0.000000,-1.000000,0.026977,-0.471596,0.295216,1.109689
131.000000,0.000000,-1.000000,-1.000000,0.000000,-1.000000,0.027089,-0.471644,0.295214,1.109177
133.000000,0.000000,-1.000000,-1.000000,0.000000,-1.000000,0.026767,-0.471388,0.295485,1.109460
134.000000,0.000000,-1.000000,-1.000000,0.000000,-1.000000,0.026151,-0.471020,0.296022,1.109906
135.000000,0.000000,-1.000000,-1.000000,0.000000,-1.000000,0.025859,-0.470820,0.296366,1.109718
137.000000,0.000000,-1.000000,-1.000000,0.000000,-1.000000,0.025202,-0.470617,0.297042,1.109717
138.000000,0.000000,-1.000000,-1.000000,0.000000,-1.000000,0.025155,-0.470339,0.297019,1.110054
140.000000,0.000000,-1.000000,-1.000000,0.000000,-1.000000,0.025252,-0.470221,0.296888,1.110203
141.000000,0.000000,-1.000000,-1.000000,0.000000,-1.000000,0.025448,-0.470127,0.296721,1.110056
143.000000,0.000000,-1.000000,-1.000000,0.000000,-1.000000,0.025330,-0.469485,0.296747,1.110524
144.000000,0.000000,-1.000000,-1.000000,0.000000,-1.000000,0.025366,-0.469020,0.296654,1.110804
146.000000,0.000000,-1.000000,-1.000000,0.000000,-1.000000,0.025616,-0.468856,0.296377,1.110908
147.000000,0.000000,-1.000000,-1.000000,0.000000,-1.000000,0.025720,-0.468574,0.296235,1.111086
148.000000,0.000000,-1.000000,-1.000000,0.000000,-1.000000,0.025771,-0.468565,0.296114,1.111392
150.000000,0.000000,-1.000000,-1.000000,0.000000,-1.000000,0.025711,-0.468474,0.296110,1.111693
151.000000,0.000000,-1.000000,-1.000000,0.000000,-1.000000,0.025466,-0.468330,0.296259,1.112160
153.000000,0.000000,-1.000000,-1.000000,0.000000,-1.000000,0.025302,-0.467855,0.296264,1.112921
154.000000,0.000000,-1.000000,-1.000000,0.000000,-1.000000,0.025215,-0.467518,0.296278,1.113280
156.000000,0.000000,-1.000000,-1.000000,0.000000,-1.000000,0.025433,-0.467041,0.296026,1.113439
157.000000,0.000000,-1.000000,-1.000000,0.000000,-1.000000,0.025813,-0.466511,0.295671,1.113319
159.000000,0.000000,-1.000000,-1.000000,0.000000,-1.000000,0.026076,-0.466234,0.295395,1.113367
160.000000,0.000000,-1.000000,-1.000000,0.000000,-1.000000,0.026338,-0.466325,0.295221,1.112935
162.000000,0.000000,-1.000000,-1.000000,0.000000,-1.000000,0.026313,-0.466503,0.295260,1.112861
163.000000,0.000000,-1.000000,-1.000000,0.000000,-1.000000,0.025883,-0.466749,0.295645,1.113097
164.000000,0.000000,-1.000000,-1.000000,0.000000,-1.000000,0.025625,-0.467231,0.295830,1.113425
166.000000,0.000000,-1.000000,-1.000000,0.000000,-1.000000,0.025302,-0.467258,0.296165,1.113403
167.000000,0.000000,-1.000000,-1.000000,0.000000,-1.000000,0.024829,-0.467373,0.296625,1.113511
169.000000,0.000000,-1.000000,-1.000000,0.000000,-1.000000,0.024874,-0.467416,0.296579,1.113502
170.000000,0.000000,-1.000000,-1.000000,0.000000,-1.000000,0.025084,-0.467429,0.296369,1.113481
172.000000,0.000000,-1.000000,-1.000000,0.000000,-1.000000,0.025018,-0.467316,0.296486,1.113264
173.000000,0.000000,-1.000000,-1.000000,0.000000,-1.000000,0.025144,-0.467364,0.296338,1.113347
175.000000,0.000000,-1.000000,-1.000000,0.000000,-1.000000,0.025329,-0.467137,0.296107,1.113546
176.000000,0.000000,-1.000000,-1.000000,0.000000,-1.000000,0.025344,-0.466957,0.296047,1.113760
178.000000,0.000000,-1.000000,-1.000000,0.000000,-1.000000,0.025124,-0.467015,0.296241,1.113896
179.000000,0.000000,-1.000000,-1.000000,0.000000,-1.000000,0.025174,-0.466545,0.296279,1.113526
181.000000,0.000000,-1.000000,-1.000000,0.000000,-1.000000,0.025596,-0.466040,0.296066,1.112573
182.000000,0.000000,-1.000000,-1.000000,0.000000,-1.000000,0.025925,-0.465621,0.295946,1.111629
184.000000,0.000000,-1.000000,-1.000000,0.000000,-1.000000,0.026358,-0.465223,0.295727,1.110646
185.000000,0.000000,-1.000000,-1.000000,0.000000,-1.000000,0.027003,-0.464246,0.295285,1.109722
186.000000,0.000000,-1.000000,-1.000000,0.000000,-1.000000,0.027461,-0.464065,0.294883,1.109433
188.000000,0.000000,-1.000000,-1.000000,0.000000,-1.000000,0.026941,-0.463770,0.295353,1.109733
189.000000,0.000000,-1.000000,-1.000000,0.000000,-1.000000,0.026763,-0.463530,0.295485,1.109975
191.000000,0.000000,-1.000000,-1.000000,0.000000,-1.000000,0.026709,-0.463270,0.295458,1.110358
193.000000,0.000000,-1.000000,-1.000000,0.000000,-1.000000,0.026745,-0.463334,0.295399,1.110454
194.000000,0.000000,-1.000000,-1.000000,0.000000,-1.000000,0.026966,-0.462937,0.295160,1.110539
196.000000,0.000000,-1.000000,-1.000000,0.000000,-1.000000,0.027978,-0.462654,0.294102,1.110649
197.000000,0.000000,-1.000000,-1.000000,0.000000,-1.000000,0.028881,-0.461898,0.293112,1.110987
199.000000,0.000000,-1.000000,-1.000000,0.000000,-1.000000,0.029249,-0.461174,0.292663,1.111356
200.000000,0.000000,-1.000000,-1.000000,0.000000,-1.000000,0.029381,-0.460280,0.292417,1.111908
202.000000,0.000000,-1.000000,-1.000000,0.000000,-1.000000,0.029416,-0.459592,0.292268,1.112461
204.000000,0.000000,-1.000000,-1.000000,0.000000,-1.000000,0.029209,-0.458800,0.292352,1.113086
205.000000,0.000000,-1.000000,-1.000000,0.000000,-1.000000,0.028780,-0.458217,0.292741,1.113348
206.000000,0.000000,-1.000000,-1.000000,0.000000,-1.000000,0.028848,-0.457732,0.292705,1.113228
208.000000,0.000000,-1.000000,-1.000000,0.000000,-1.000000,0.028980,-0.457387,0.292556,1.113315
209.000000,0.000000,-1.000000,-1.000000,0.000000,-1.000000,0.029038,-0.457081,0.292505,1.113294
211.000000,0.000000,-1.000000,-1.000000,0.000000,-1.000000,0.028998,-0.456910,0.292598,1.113072
213.000000,0.000000,-1.000000,-1.000000,0.000000,-1.000000,0.029322,-0.456724,0.292318,1.112849
215.000000,0.000000,-1.000000,-1.000000,0.000000,-1.000000,0.029428,-0.456412,0.292204,1.112896
216.000000,0.000000,-1.000000,-1.000000,0.000000,-1.000000,0.029452,-0.455940,0.292217,1.112755
218.000000,0.000000,-1.000000,-1.000000,0.000000,-1.000000,0.029761,-0.455466,0.291954,1.112545
219.000000,0.000000,-1.000000,-1.000000,0.000000,-1.000000,0.030093,-0.454996,0.291659,1.112369
221.000000,0.000000,-1.000000,-1.000000,0.000000,-1.000000,0.030105,-0.454887,0.291593,1.112620
222.000000,0.000000,-1.000000,-1.000000,0.000000,-1.000000,0.029904,-0.454748,0.291733,1.112923
223.000000,0.000000,-1.000000,-1.000000,0.000000,-1.000000,0.029961,-0.454736,0.291616,1.113187
225.000000,0.000000,-1.000000,-1.000000,0.000000,-1.000000,0.029808,-0.454761,0.291681,1.113596
226.000000,0.000000,-1.000000,-1.000000,0.000000,-1.000000,0.029948,-0.454393,0.291526,1.113669
228.000000,0.000000,-1.000000,-1.000000,0.000000,-1.000000,0.030103,-0.453650,0.291391,1.113611
229.000000,0.000000,-1.000000,-1.000000,0.000000,-1.000000,0.030464,-0.452840,0.291034,1.113605
231.000000,0.000000,-1.000000,-1.000000,0.000000,-1.000000,0.030455,-0.451823,0.291074,1.113531
232.000000,0.000000,-1.000000,-1.000000,0.000000,-1.000000,0.030474,-0.450767,0.291073,1.113515
233.000000,0.000000,-1.000000,-1.000000,0.000000,-1.000000,0.030552,-0.450018,0.291001,1.113527
235.000000,0.000000,-1.000000,-1.000000,0.000000,-1.000000,0.030469,-0.449623,0.291015,1.113872
236.000000,0.000000,-1.000000,-1.000000,0.000000,-1.000000,0.030676,-0.448896,0.290876,1.113588
238.000000,0.000000,-1.000000,-1.000000,0.000000,-1.000000,0.031056,-0.448555,0.290495,1.113574
239.000000,0.000000,-1.000000,-1.000000,0.000000,-1.000000,0.031294,-0.448283,0.290241,1.113635
241.000000,0.000000,-1.000000,-1.000000,0.000000,-1.000000,0.031513,-0.447977,0.289998,1.113741
242.000000,0.000000,-1.000000,-1.000000,0.000000,-1.000000,0.031793,-0.447568,0.289784,1.113438
244.000000,0.000000,-1.000000,-1.000000,0.000000,-1.000000,0.031706,-0.447498,0.289830,1.113638
245.000000,0.000000,-1.000000,-1.000000,0.000000,-1.000000,0.031883,-0.447324,0.289664,1.113576
247.000000,0.000000,-1.000000,-1.000000,0.000000,-1.000000,0.031910,-0.447165,0.289665,1.113463
248.000000,0.000000,-1.000000,-1.000000,0.000000,-1.000000,0.031668,-0.447304,0.289918,1.113428
250.000000,0.000000,-1.000000,-1.000000,0.000000,-1.000000,0.031670,-0.447386,0.289917,1.113416
251.000000,0.000000,-1.000000,-1.000000,0.000000,-1.000000,0.031731,-0.447475,0.289816,1.113588
253.000000,0.000000,-1.000000,-1.000000,0.000000,-1.000000,0.031755,-0.447543,0.289796,1.113564
254.000000,0.000000,-1.000000,-1.000000,0.000000,-1.000000,0.032367,-0.447332,0.289378,1.112634
256.000000,0.000000,-1.000000,-1.000000,0.000000,-1.000000,0.032933,-0.446823,0.289052,1.111529
257.000000,0.000000,-1.000000,-1.000000,0.000000,-1.000000,0.033288,-0.446524,0.288866,1.110749
259.000000,0.000000,-1.000000,-1.000000,0.000000,-1.000000,0.033802,-0.446250,0.288555,1.109805
260.000000,0.000000,-1.000000,-1.000000,0.000000,-1.000000,0.034005,-0.445761,0.288525,1.109035
261.000000,0.000000,-1.000000,-1.000000,0.000000,-1.000000,0.033797,-0.445356,0.288753,1.108995
263.000000,0.000000,-1.000000,-1.000000,0.000000,-1.000000,0.033814,-0.445032,0.288733,1.109021
264.000000,0.000000,-1.000000,-1.000000,0.000000,-1.000000,0.033826,-0.444620,0.288721,1.109051
266.000000,0.000000,-1.000000,-1.000000,0.000000,-1.000000,0.033945,-0.444231,0.288640,1.108890
267.000000,0.000000,-1.000000,-1.000000,0.000000,-1.000000,0.034297,-0.443990,0.288376,1.108471
269.000000,0.000000,-1.000000,-1.000000,0.000000,-1.000000,0.034489,-0.443972,0.288218,1.108300
270.000000,0.000000,-1.000000,-1.000000,0.000000,-1.000000,0.034371,-0.444009,0.288287,1.108530
272.000000,0.000000,-1.000000,-1.000000,0.000000,-1.000000,0.034371,-0.443923,0.288331,1.108336
273.000000,0.000000,-1.000000,-1.000000,0.000000,-1.000000,0.034292,-0.444262,0.288490,1.107967
274.000000,0.000000,-1.000000,-1.000000,0.000000,-1.000000,0.034120,-0.444595,0.288618,1.108160
276.000000,0.000000,-1.000000,-1.000000,0.000000,-1.000000,0.033965,-0.445340,0.288687,1.108517
277.000000,0.000000,-1.000000,-1.000000,0.000000,-1.000000,0.033710,-0.446493,0.288874,1.108779
279.000000,0.000000,-1.000000,-1.000000,0.000000,-1.000000,0.033257,-0.447834,0.289276,1.108973
280.000000,0.000000,-1.000000,-1.000000,0.000000,-1.000000,0.032615,-0.448825,0.289764,1.109672
281.000000,0.000000,-1.000000,-1.000000,0.000000,-1.000000,0.031884,-0.449911,0.290401,1.110104
283.000000,0.000000,-1.000000,-1.000000,0.000000,-1.000000,0.031139,-0.450769,0.291121,1.110246
284.000000,0.000000,-1.000000,-1.000000,0.000000,-1.000000,0.030644,-0.451473,0.291610,1.110284
286.000000,0.000000,-1.000000,-1.000000,0.000000,-1.000000,0.030417,-0.452599,0.291830,1.110266
287.000000,0.000000,-1.000000,-1.000000,0.000000,-1.000000,0.030350,-0.453882,0.291967,1.109879
289.000000,0.000000,-1.000000,-1.000000,0.000000,-1.000000,0.030311,-0.455597,0.292120,1.109263
290.000000,0.000000,-1.000000,-1.000000,0.000000,-1.000000,0.030425,-0.457384,0.292150,1.108491
292.000000,0.000000,-1.000000,-1.000000,0.000000,-1.000000,0.030273,-0.459416,0.292409,1.107900
293.000000,0.000000,-1.000000,-1.000000,0.000000,-1.000000,0.030049,-0.461010,0.292749,1.107303
295.000000,0.000000,-1.000000,-1.000000,0.000000,-1.000000,0.029866,-0.461980,0.293007,1.106927
296.000000,0.000000,-1.000000,-1.000000,0.000000,-1.000000,0.029547,-0.462807,0.293382,1.106660
298.000000,0.000000,-1.000000,-1.000000,0.000000,-1.000000,0.029109,-0.463178,0.293799,1.106775
299.000000,0.000000,-1.000000,-1.000000,0.000000,-1.000000,0.029446,-0.463306,0.293562,1.106286
301.000000,0.000000,-1.000000,-1.000000,0.000000,-1.000000,0.029456,-0.463372,0.293696,1.105630
302.000000,0.000000,-1.000000,-1.000000,0.000000,-1.000000,0.028998,-0.464000,0.294279,1.105082
304.000000,0.000000,-1.000000,-1.000000,0.000000,-1.000000,0.028977,-0.464548,0.294438,1.104432
305.000000,0.000000,-1.000000,-1.000000,0.000000,-1.000000,0.029053,-0.465094,0.294488,1.103825
306.000000,0.000000,-1.000000,-1.000000,0.000000,-1.000000,0.028657,-0.465423,0.295002,1.103317
308.000000,0.000000,-1.000000,-1.000000,0.000000,-1.000000,0.028656,-0.465902,0.295068,1.102995
309.000000,0.000000,-1.000000,-1.000000,0.000000,-1.000000,0.029089,-0.465984,0.294731,1.102513
311.000000,0.000000,-1.000000,-1.000000,0.000000,-1.000000,0.029106,-0.465959,0.294770,1.102261
312.000000,0.000000,-1.000000,-1.000000,0.000000,-1.000000,0.028977,-0.465914,0.295001,1.101822
314.000000,0.000000,-1.000000,-1.000000,0.000000,-1.000000,0.028923,-0.466400,0.295114,1.101534
316.000000,0.000000,-1.000000,-1.000000,0.000000,-1.000000,0.028857,-0.466599,0.295273,1.101105
317.000000,0.000000,-1.000000,-1.000000,0.000000,-1.000000,0.028475,-0.467001,0.295731,1.100786
319.000000,0.000000,-1.000000,-1.000000,0.000000,-1.000000,0.028343,-0.467300,0.295962,1.100338
320.000000,0.000000,-1.000000,-1.000000,0.000000,-1.000000,0.028639,-0.467848,0.295772,1.099793
322.000000,0.000000,-1.000000,-1.000000,0.000000,-1.000000,0.028313,-0.467776,0.296059,1.100009
323.000000,0.000000,-1.000000,-1.000000,0.000000,-1.000000,0.028039,-0.467513,0.296278,1.100302
325.000000,0.000000,-1.000000,-1.000000,0.000000,-1.000000,0.028373,-0.467427,0.295948,1.100255
326.000000,0.000000,-1.000000,-1.000000,0.000000,-1.000000,0.028832,-0.467385,0.295463,1.100320
328.000000,0.000000,-1.000000,-1.000000,0.000000,-1.000000,0.028612,-0.467213,0.295564,1.100893
329.000000,0.000000,-1.000000,-1.000000,0.000000,-1.000000,0.029615,-0.466918,0.294718,1.100092
331.000000,0.000000,-1.000000,-1.000000,0.000000,-1.000000,0.031522,-0.466766,0.292920,1.099403
332.000000,0.000000,-1.000000,-1.000000,0.000000,-1.000000,0.033115,-0.466603,0.291378,1.099011
334.000000,0.000000,-1.000000,-1.000000,0.000000,-1.000000,0.034559,-0.466035,0.290020,1.098497
335.000000,0.000000,-1.000000,-1.000000,0.000000,-1.000000,0.036384,-0.465597,0.288304,1.097834
337.000000,0.000000,-1.000000,-1.000000,0.000000,-1.000000,0.037553,-0.465222,0.287091,1.097928
338.000000,0.000000,-1.000000,-1.000000,0.000000,-1.000000,0.037509,-0.465014,0.287091,1.098142
340.000000,0.000000,-1.000000,-1.000000,0.000000,-1.000000,0.036770,-0.464539,0.287794,1.098418
341.000000,0.000000,-1.000000,-1.000000,0.000000,-1.000000,0.035833,-0.464447,0.288616,1.099044
343.000000,0.000000,-1.000000,-1.000000,0.000000,-1.000000,0.035101,-0.464054,0.289351,1.099134
344.000000,0.000000,-1.000000,-1.000000,0.000000,-1.000000,0.034217,-0.463988,0.290157,1.099584
346.000000,0.000000,-1.000000,-1.000000,0.000000,-1.000000,0.033634,-0.463457,0.290669,1.100003
347.000000,0.000000,-1.000000,-1.000000,0.000000,-1.000000,0.033563,-0.462981,0.290609,1.100631
349.000000,0.000000,-1.000000,-1.000000,0.000000,-1.000000,0.033727,-0.462185,0.290307,1.101280
350.000000,0.000000,-1.000000,-1.000000,0.000000,-1.000000,0.033816,-0.461465,0.290019,1.102209
352.000000,0.000000,-1.000000,-1.000000,0.000000,-1.000000,0.033784,-0.460052,0.289889,1.103026
353.000000,0.000000,-1.000000,-1.000000,0.000000,-1.000000,0.033705,-0.458822,0.289794,1.103893
355.000000,0.000000,-1.000000,-1.000000,0.000000,-1.000000,0.033942,-0.457493,0.289434,1.104503
356.000000,0.000000,-1.000000,-1.000000,0.000000,-1.000000,0.033828,-0.456418,0.289439,1.105071
358.000000,0.000000,-1.000000,-1.000000,0.000000,-1.000000,0.033609,-0.455444,0.289584,1.105491
359.000000,0.000000,-1.000000,-1.000000,0.000000,-1.000000,0.033657,-0.454974,0.289489,1.105725
360.000000,0.000000,-1.000000,-1.000000,0.000000,-1.000000,0.033627,-0.454646,0.289428,1.106155
362.000000,0.000000,-1.000000,-1.000000,0.000000,-1.000000,0.033281,-0.454469,0.289757,1.106281
363.000000,0.000000,-1.000000,-1.000000,0.000000,-1.000000,0.033435,-0.453945,0.289596,1.106333
365.000000,0.000000,-1.000000,-1.000000,0.000000,-1.000000,0.033616,-0.453102,0.289374,1.106550
366.000000,0.000000,-1.000000,-1.000000,0.000000,-1.000000,0.033723,-0.452271,0.289233,1.106744
368.000000,0.000000,-1.000000,-1.000000,0.000000,-1.000000,0.034084,-0.451251,0.288922,1.106542
369.000000,0.000000,-1.000000,-1.000000,0.000000,-1.000000,0.034614,-0.450605,0.288381,1.106573
371.000000,0.000000,-1.000000,-1.000000,0.000000,-1.000000,0.034976,-0.450290,0.288036,1.106475
372.000000,0.000000,-1.000000,-1.000000,0.000000,-1.000000,0.035435,-0.450497,0.287623,1.106210
374.000000,0.000000,-1.000000,-1.000000,0.000000,-1.000000,0.035932,-0.450779,0.287180,1.105893
375.000000,0.000000,-1.000000,-1.000000,0.000000,-1.000000,0.036245,-0.451405,0.286793,1.106152
377.000000,0.000000,-1.000000,-1.000000,0.000000,-1.000000,0.036087,-0.451937,0.286890,1.106407
378.000000,0.000000,-1.000000,-1.000000,0.000000,-1.000000,0.035928,-0.452729,0.287057,1.106341
380.000000,0.000000,-1.000000,-1.000000,0.000000,-1.000000,0.035842,-0.453313,0.287154,1.106266
381.000000,0.000000,-1.000000,-1.000000,0.000000,-1.000000,0.035512,-0.454106,0.287465,1.106330
383.000000,0.000000,-1.000000,-1.000000,0.000000,-1.000000,0.035053,-0.454608,0.287986,1.106079
384.000000,0.000000,-1.000000,-1.000000,0.000000,-1.000000,0.034851,-0.454818,0.288258,1.105772
386.000000,0.000000,-1.000000,-1.000000,0.000000,-1.000000,0.035193,-0.454472,0.287876,1.105934
387.000000,0.000000,-1.000000,-1.000000,0.000000,-1.000000,0.035193,-0.454125,0.287834,1.106141
388.000000,0.000000,-1.000000,-1.000000,0.000000,-1.000000,0.034889,-0.453596,0.288162,1.106102
390.000000,0.000000,-1.000000,-1.000000,0.000000,-1.000000,0.034463,-0.453327,0.288575,1.106225
391.000000,0.000000,-1.000000,-1.000000,0.000000,-1.000000,0.034212,-0.452597,0.288774,1.106533
393.000000,0.000000,-1.000000,-1.000000,0.000000,-1.000000,0.033825,-0.452292,0.289185,1.106484
394.000000,0.000000,-1.000000,-1.000000,0.000000,-1.000000,0.033643,-0.452009,0.289380,1.106468
396.000000,0.000000,-1.000000,-1.000000,0.000000,-1.000000,0.034325,-0.450428,0.288715,1.106415
397.000000,0.000000,-1.000000,-1.000000,0.000000,-1.000000,0.035249,-0.448507,0.287843,1.106199
399.000000,0.000000,-1.000000,-1.000000,0.000000,-1.000000,0.035911,-0.446751,0.287308,1.105669
400.000000,0.000000,-1.000000,-1.000000,0.000000,-1.000000,0.035748,-0.444878,0.287541,1.105493
401.000000,0.000000,-1.000000,-1.000000,0.000000,-1.000000,0.035062,-0.443369,0.288269,1.105473
403.000000,0.000000,-1.000000,-1.000000,0.000000,-1.000000,0.033791,-0.443117,0.289482,1.105893
404.000000,0.000000,-1.000000,-1.000000,0.000000,-1.000000,0.033116,-0.442891,0.290243,1.105595
406.000000,0.000000,-1.000000,-1.000000,0.000000,-1.000000,0.032832,-0.443133,0.290628,1.105156
407.000000,0.000000,-1.000000,-1.000000,0.000000,-1.000000,0.033114,-0.443591,0.290399,1.104859
409.000000,0.000000,-1.000000,-1.000000,0.000000,-1.000000,0.033836,-0.443248,0.289780,1.104338
410.000000,0.000000,-1.000000,-1.000000,0.000000,-1.000000,0.034712,-0.442758,0.289063,1.103563
412.000000,0.000000,-1.000000,-1.000000,0.000000,-1.000000,0.035020,-0.442665,0.288804,1.103313
413.000000,0.000000,-1.000000,-1.000000,0.000000,-1.000000,0.035032,-0.442530,0.288768,1.103428
414.000000,0.000000,-1.000000,-1.000000,0.000000,-1.000000,0.035004,-0.442254,0.288821,1.103333
416.000000,0.000000,-1.000000,-1.000000,0.000000,-1.000000,0.035099,-0.442322,0.288772,1.103115
417.000000,0.000000,-1.000000,-1.000000,0.000000,-1.000000,0.035384,-0.442532,0.288508,1.102977
419.000000,0.000000,-1.000000,-1.000000,0.000000,-1.000000,0.035378,-0.442567,0.288513,1.102977
420.000000,0.000000,-1.000000,-1.000000,0.000000,-1.000000,0.036072,-0.442516,0.287785,1.103058
422.000000,0.000000,-1.000000,-1.000000,0.000000,-1.000000,0.036260,-0.442614,0.287578,1.103114
423.000000,0.000000,-1.000000,-1.000000,0.000000,-1.000000,0.036415,-0.442800,0.287349,1.103419
425.000000,0.000000,-1.000000,-1.000000,0.000000,-1.000000,0.036693,-0.442980,0.287059,1.103431
426.000000,0.000000,-1.000000,-1.000000,0.000000,-1.000000,0.037218,-0.443279,0.286464,1.103668
428.000000,0.000000,-1.000000,-1.000000,0.000000,-1.000000,0.036834,-0.443652,0.286851,1.103675
429.000000,0.000000,-1.000000,-1.000000,0.000000,-1.000000,0.036764,-0.443881,0.286886,1.103821
431.000000,0.000000,-1.000000,-1.000000,0.000000,-1.000000,0.036821,-0.444040,0.286789,1.103986
432.000000,0.000000,-1.000000,-1.000000,0.000000,-1.000000,0.036716,-0.444239,0.286814,1.104346
434.000000,0.000000,-1.000000,-1.000000,0.000000,-1.000000,0.036537,-0.444267,0.286971,1.104462
435.000000,0.000000,-1.000000,-1.000000,0.000000,-1.000000,0.036874,-0.444215,0.286542,1.104837
437.000000,0.000000,-1.000000,-1.000000,0.000000,-1.000000,0.037048,-0.444306,0.286345,1.104919
438.000000,0.000000,-1.000000,-1.000000,0.000000,-1.000000,0.037109,-0.444526,0.286290,1.104871
439.000000,0.000000,-1.000000,-1.000000,0.000000,-1.000000,0.037278,-0.444670,0.286114,1.104876
441.000000,0.000000,-1.000000,-1.000000,0.000000,-1.000000,0.037837,-0.445026,0.285585,1.104655
442.000000,0.000000,-1.000000,-1.000000,0.000000,-1.000000,0.038068,-0.445588,0.285383,1.104464
444.000000,0.000000,-1.000000,-1.000000,0.000000,-1.000000,0.038404,-0.446248,0.285078,1.104245
445.000000,0.000000,-1.000000,-1.000000,0.000000,-1.000000,0.038406,-0.446896,0.285048,1.104329
447.000000,0.000000,-1.000000,-1.000000,0.000000,-1.000000,0.037726,-0.447659,0.285694,1.104511
448.000000,0.000000,-1.000000,-1.000000,0.000000,-1.000000,0.036855,-0.448354,0.286540,1.104678
450.000000,0.000000,-1.000000,-1.000000,0.000000,-1.000000,0.036305,-0.448707,0.287086,1.104733
451.000000,0.000000,-1.000000,-1.000000,0.000000,-1.000000,0.036050,-0.448709,0.287324,1.104833
452.000000,0.000000,-1.000000,-1.000000,0.000000,-1.000000,0.035686,-0.448826,0.287718,1.104735
454.000000,3.000000,0.000000,0.000000,0.000000,0.000000,0.036950,-0.448462,0.286511,1.104361
455.000000,1.000000,0.000000,0.000000,0.001808,0.000000,0.038133,-0.448198,0.285335,1.104213
457.000000,1.000000,0.000000,0.000000,0.002889,0.000000,0.039488,-0.448327,0.284073,1.103642
458.000000,1.000000,0.000000,0.000000,0.003549,0.000000,0.040773,-0.448811,0.282841,1.103228
460.000000,1.000000,0.000000,0.000000,0.004373,0.000000,0.042449,-0.449472,0.281215,1.102781
462.000000,1.000000,0.000000,0.000000,0.004190,0.000000,0.043148,-0.450700,0.280580,1.102338
464.000000,1.000000,0.000000,0.000000,0.004378,0.000000,0.043962,-0.451924,0.279895,1.101593
465.000000,1.000000,0.000000,0.000000,0.004096,0.000000,0.044290,-0.453089,0.279581,1.101418
467.000000,1.000000,0.000000,0.000000,0.003693,0.000000,0.044414,-0.454058,0.279503,1.101140
469.000000,1.000000,0.000000,0.000000,0.003271,0.000000,0.044539,-0.454837,0.279457,1.100721
470.000000,1.000000,0.000000,0.000000,0.002713,0.000000,0.044483,-0.455369,0.279602,1.100289
472.000000,1.000000,0.000000,0.000000,0.002468,0.000000,0.044141,-0.456087,0.279996,1.100052
473.000000,1.000000,0.000000,0.000000,0.002060,0.000000,0.044219,-0.456511,0.279960,1.099825
475.000000,1.000000,0.000000,0.000000,0.001733,0.000000,0.044404,-0.456856,0.279834,1.099519
477.000000,1.000000,0.000000,0.000000,0.001429,0.000000,0.044733,-0.457019,0.279571,1.099175
478.000000,1.000000,0.000000,0.000000,0.001906,0.000000,0.045530,-0.457290,0.278938,1.098338
480.000000,1.000000,0.000000,0.000000,0.002778,0.000000,0.046668,-0.457462,0.278009,1.097264
482.000000,1.000000,0.000000,0.000000,0.003322,0.000000,0.047289,-0.458066,0.277616,1.096132
483.000000,1.000000,0.000000,0.000000,0.003537,0.000000,0.047490,-0.458854,0.277627,1.095110
485.000000,1.000000,0.000000,0.000000,0.003359,0.000000,0.047588,-0.459424,0.277683,1.094376
486.000000,1.000000,0.000000,0.000000,0.002694,0.000000,0.047360,-0.460075,0.277926,1.094292
488.000000,1.000000,0.000000,0.000000,0.002302,0.000000,0.046694,-0.460774,0.278534,1.094582
490.000000,1.000000,0.000000,0.000000,0.002010,0.000000,0.046272,-0.461124,0.278944,1.094656
491.000000,1.000000,0.000000,0.000000,0.001555,0.000000,0.045842,-0.461007,0.279339,1.094874
493.000000,1.000000,0.000000,0.000000,0.001563,0.000000,0.045244,-0.460812,0.279892,1.095152
495.000000,1.000000,0.000000,0.000000,0.001686,0.000000,0.044719,-0.460363,0.280355,1.095516
497.000000,1.000000,0.000000,0.000000,0.002300,0.000000,0.044101,-0.459397,0.280895,1.095995
498.000000,1.000000,0.000000,0.000000,0.003147,0.000000,0.043477,-0.458194,0.281396,1.096692
500.000000,1.000000,0.000000,0.000000,0.003366,0.000000,0.043354,-0.457191,0.281408,1.097266
502.000000,1.000000,0.000000,0.000000,0.003273,0.000000,0.043433,-0.456356,0.281243,1.097695
503.000000,1.000000,0.000000,0.000000,0.003275,0.000000,0.043343,-0.455366,0.281266,1.098073
505.000000,1.000000,0.000000,0.000000,0.003259,0.000000,0.043475,-0.454363,0.281040,1.098540
507.000000,1.000000,0.000000,0.000000,0.003077,0.000000,0.043946,-0.453532,0.280516,1.098780
508.000000,1.000000,0.000000,0.000000,0.003174,0.000000,0.044413,-0.452576,0.279979,1.099104
510.000000,1.000000,0.000000,0.000000,0.003335,0.000000,0.045056,-0.451677,0.279250,1.099471
511.000000,1.000000,0.000000,0.000000,0.003304,0.000000,0.045675,-0.451074,0.278511,1.099983
513.000000,1.000000,0.000000,0.000000,0.003804,0.000000,0.047202,-0.450470,0.276908,1.100192
514.000000,1.000000,0.000000,0.000000,0.004745,0.000000,0.049325,-0.449928,0.274749,1.100150
516.000000,1.000000,0.000000,0.000000,0.006054,0.000000,0.052044,-0.449604,0.272025,1.099890
517.000000,1.000000,0.000000,0.000000,0.008470,0.000000,0.056173,-0.449105,0.267991,1.099044
519.000000,1.000000,0.000000,0.000000,0.012898,0.000000,0.062945,-0.449312,0.261319,1.097834
520.000000,1.000000,0.000000,0.000000,0.018327,0.000000,0.071851,-0.450085,0.252656,1.095709
522.000000,1.000000,0.000000,0.000000,0.024696,0.000000,0.083115,-0.450794,0.241731,1.092897
523.000000,1.000000,0.000000,6.000000,0.031625,0.000000,0.096824,-0.450383,0.228456,1.089461
525.000000,1.000000,0.000000,6.000000,0.037556,0.000000,0.111728,-0.450074,0.213895,1.086293
526.000000,1.000000,0.000000,6.000000,0.040498,0.000000,0.125787,-0.449497,0.200204,1.083123
527.000000,1.000000,0.000000,6.000000,0.041627,0.000000,0.139482,-0.448934,0.186718,1.080710
529.000000,1.000000,0.000000,6.000000,0.041600,0.000000,0.152954,-0.448405,0.173351,1.078781
531.000000,1.000000,0.000000,6.000000,0.040678,0.000000,0.165950,-0.447666,0.160424,1.077080
532.000000,1.000000,0.000000,6.000000,0.041396,0.000000,0.180293,-0.445278,0.146023,1.075909
534.000000,1.000000,0.000000,6.000000,0.044107,0.000000,0.196268,-0.441596,0.129882,1.075121
536.000000,1.000000,0.000000,6.000000,0.047807,0.000000,0.213310,-0.436374,0.112626,1.074526
537.000000,1.000000,0.000000,6.000000,0.051449,0.000000,0.230555,-0.429483,0.095103,1.074300
539.000000,1.000000,0.000000,6.000000,0.055515,0.000000,0.248770,-0.421850,0.076376,1.075069
540.000000,1.000000,0.000000,6.000000,0.058631,0.000000,0.267011,-0.413714,0.057375,1.076969
542.000000,1.000000,0.000000,6.000000,0.062343,0.000000,0.286076,-0.403319,0.037443,1.079411
544.000000,1.000000,0.000000,6.000000,0.066766,0.000000,0.305766,-0.390165,0.016850,1.082117
545.000000,1.000000,0.000000,6.000000,0.072083,0.000000,0.326264,-0.374722,-0.004717,1.085620
547.000000,1.000000,0.000000,6.000000,0.076989,0.000000,0.346007,-0.356814,-0.025705,1.090156
549.000000,1.000000,0.000000,6.000000,0.081108,0.000000,0.364208,-0.336521,-0.045307,1.095711
550.000000,1.000000,0.000000,6.000000,0.084860,0.000000,0.380375,-0.313456,-0.063178,1.103021
552.000000,1.000000,0.000000,6.000000,0.088524,0.000000,0.395245,-0.289182,-0.080292,1.112977
554.000000,1.000000,0.000000,6.000000,0.093261,0.000000,0.410028,-0.263357,-0.097824,1.125305
556.000000,1.000000,0.000000,6.000000,0.097985,0.000000,0.425103,-0.237422,-0.116129,1.139767
557.000000,1.000000,0.000000,6.000000,0.099396,0.000000,0.439453,-0.213186,-0.133597,1.153695
559.000000,1.000000,0.000000,6.000000,0.097445,0.000000,0.452857,-0.191505,-0.150105,1.167503
560.000000,1.000000,0.000000,6.000000,0.093485,0.000000,0.465025,-0.171178,-0.165263,1.180857
562.000000,1.000000,0.000000,6.000000,0.085340,0.000000,0.473806,-0.153604,-0.176626,1.192581
563.000000,1.000000,0.000000,6.000000,0.075649,0.000000,0.480096,-0.137800,-0.185104,1.202693
565.000000,1.000000,0.000000,6.000000,0.067028,0.000000,0.484302,-0.122961,-0.191380,1.212452
566.000000,1.000000,6.000000,6.000000,0.059832,0.000000,0.487234,-0.109104,-0.196244,1.221667
568.000000,1.000000,6.000000,6.000000,0.051993,0.000000,0.488272,-0.097545,-0.198825,1.229210
569.000000,1.000000,6.000000,6.000000,0.046027,0.000000,0.488406,-0.087050,-0.200470,1.236635
571.000000,1.000000,6.000000,6.000000,0.039501,0.000000,0.487858,-0.079171,-0.201230,1.243060
573.000000,1.000000,6.000000,6.000000,0.033637,0.000000,0.487482,-0.072550,-0.202010,1.248701
574.000000,1.000000,6.000000,6.000000,0.028523,0.000000,0.487023,-0.067172,-0.202620,1.253888
576.000000,1.000000,6.000000,6.000000,0.024529,0.000000,0.486614,-0.062516,-0.203190,1.258622
578.000000,1.000000,6.000000,6.000000,0.020440,0.000000,0.486363,-0.059455,-0.203805,1.262723
579.000000,1.000000,6.000000,6.000000,0.017395,0.000000,0.485990,-0.056496,-0.204155,1.266195
581.000000,1.000000,6.000000,6.000000,0.014740,0.000000,0.485693,-0.054008,-0.204464,1.269108
582.000000,1.000000,6.000000,6.000000,0.011514,0.000000,0.485703,-0.052282,-0.204792,1.270638
584.000000,1.000000,6.000000,6.000000,0.008609,0.000000,0.485844,-0.051201,-0.205174,1.271771
585.000000,1.000000,6.000000,6.000000,0.006423,0.000000,0.486452,-0.050206,-0.205934,1.272450
587.000000,1.000000,6.000000,6.000000,0.005197,0.000000,0.487191,-0.048785,-0.206732,1.272723
588.000000,1.000000,6.000000,6.000000,0.004965,0.000000,0.486524,-0.046623,-0.206055,1.272889
590.000000,1.000000,6.000000,6.000000,0.005230,0.000000,0.485005,-0.044792,-0.204431,1.272705
591.000000,1.000000,6.000000,6.000000,0.005757,0.000000,0.483621,-0.043246,-0.202948,1.272509
593.000000,1.000000,6.000000,6.000000,0.006685,0.000000,0.481694,-0.041634,-0.200907,1.272314
594.000000,1.000000,6.000000,6.000000,0.006985,0.000000,0.479392,-0.040921,-0.198560,1.272412
596.000000,1.000000,6.000000,6.000000,0.005450,0.000000,0.478344,-0.041344,-0.197552,1.272678
598.000000,1.000000,6.000000,6.000000,0.003678,0.000000,0.477989,-0.041816,-0.197370,1.273462
599.000000,1.000000,6.000000,6.000000,0.003103,0.000000,0.477501,-0.041966,-0.197157,1.274738
601.000000,1.000000,6.000000,6.000000,0.003262,0.000000,0.476987,-0.042750,-0.196874,1.275787
603.000000,1.000000,6.000000,6.000000,0.003696,0.000000,0.476557,-0.043557,-0.196703,1.276945
604.000000,1.000000,6.000000,6.000000,0.003818,0.000000,0.476106,-0.044322,-0.196461,1.277882
606.000000,1.000000,6.000000,6.000000,0.003582,0.000000,0.475672,-0.044918,-0.196189,1.278620
607.000000,1.000000,6.000000,6.000000,0.003477,0.000000,0.475199,-0.045758,-0.195871,1.279314
609.000000,1.000000,6.000000,6.000000,0.003099,0.000000,0.474919,-0.046197,-0.195751,1.280036
610.000000,1.000000,6.000000,6.000000,0.002282,0.000000,0.474955,-0.046269,-0.195870,1.280394
612.000000,1.000000,6.000000,6.000000,0.001996,0.000000,0.475063,-0.046816,-0.196066,1.280744
613.000000,1.000000,6.000000,6.000000,0.002105,0.000000,0.474911,-0.047481,-0.196045,1.281306
615.000000,1.000000,6.000000,6.000000,0.001590,0.000000,0.474869,-0.047526,-0.196061,1.281570
616.000000,1.000000,6.000000,6.000000,0.000000,0.000000,0.474763,-0.047437,-0.195909,1.281382
618.000000,1.000000,6.000000,6.000000,0.000000,0.000000,0.474742,-0.047302,-0.195885,1.281379
619.000000,1.000000,6.000000,6.000000,0.000000,0.000000,0.474626,-0.046654,-0.195754,1.281363
621.000000,1.000000,6.000000,6.000000,0.001326,0.000000,0.474616,-0.046002,-0.195685,1.281145
622.000000,1.000000,6.000000,6.000000,0.001194,0.000000,0.474626,-0.045891,-0.195648,1.280937
624.000000,1.000000,6.000000,6.000000,0.000000,0.000000,0.474814,-0.045817,-0.195942,1.281398
625.000000,1.000000,6.000000,6.000000,0.000000,0.000000,0.474983,-0.045750,-0.196114,1.281394
627.000000,1.000000,6.000000,6.000000,0.000000,0.000000,0.475112,-0.045735,-0.196278,1.281543
628.000000,1.000000,6.000000,6.000000,0.000000,0.000000,0.475189,-0.045748,-0.196416,1.281803
630.000000,1.000000,6.000000,6.000000,0.000000,0.000000,0.475198,-0.045771,-0.196474,1.282020
631.000000,1.000000,6.000000,6.000000,0.000000,0.000000,0.475052,-0.045802,-0.196326,1.282027
633.000000,1.000000,6.000000,6.000000,0.000000,0.000000,0.475193,-0.045425,-0.196449,1.281955
634.000000,1.000000,6.000000,6.000000,0.000000,0.000000,0.475266,-0.044900,-0.196490,1.281833
635.000000,1.000000,6.000000,6.000000,0.001234,0.000000,0.475257,-0.044311,-0.196451,1.281737
637.000000,1.000000,6.000000,6.000000,0.001809,0.000000,0.475317,-0.043519,-0.196417,1.281361
638.000000,1.000000,6.000000,6.000000,0.002307,0.000000,0.475537,-0.042602,-0.196565,1.281069
640.000000,1.000000,6.000000,6.000000,0.002514,0.000000,0.475632,-0.041712,-0.196636,1.281009
641.000000,1.000000,6.000000,6.000000,0.002798,0.000000,0.475958,-0.040761,-0.196858,1.280566
643.000000,1.000000,6.000000,6.000000,0.003006,0.000000,0.476933,-0.040049,-0.197718,1.279989
644.000000,1.000000,6.000000,6.000000,0.003544,0.000000,0.478609,-0.040070,-0.199143,1.278677
646.000000,1.000000,6.000000,6.000000,0.004527,0.000000,0.480188,-0.041201,-0.200373,1.276865
647.000000,1.000000,6.000000,6.000000,0.005888,0.000000,0.481464,-0.043041,-0.201289,1.274996
649.000000,1.000000,6.000000,6.000000,0.008338,0.000000,0.483183,-0.045655,-0.202456,1.272165
650.000000,1.000000,6.000000,6.000000,0.010863,0.000000,0.484210,-0.049340,-0.202851,1.268980
651.000000,1.000000,6.000000,6.000000,0.013415,0.000000,0.485017,-0.053991,-0.203018,1.265726
653.000000,1.000000,6.000000,6.000000,0.017026,0.000000,0.486035,-0.059705,-0.203060,1.260874
654.000000,1.000000,6.000000,6.000000,0.022772,0.000000,0.486637,-0.068612,-0.202481,1.254951
656.000000,1.000000,6.000000,6.000000,0.028515,0.000000,0.487378,-0.078813,-0.201880,1.248200
657.000000,1.000000,6.000000,6.000000,0.035236,0.000000,0.488385,-0.090613,-0.201053,1.239118
659.000000,1.000000,6.000000,6.000000,0.040948,0.000000,0.488982,-0.103178,-0.199685,1.229443
660.000000,1.000000,6.000000,6.000000,0.044039,0.000000,0.489387,-0.115149,-0.198155,1.219967
662.000000,1.000000,6.000000,4.000000,0.045330,1.000000,0.489941,-0.125369,-0.196371,1.208772
663.000000,1.000000,6.000000,4.000000,0.046697,1.000000,0.489437,-0.136217,-0.193433,1.197223
665.000000,1.000000,6.000000,4.000000,0.047471,1.000000,0.487795,-0.146947,-0.189327,1.185676
666.000000,1.000000,6.000000,4.000000,0.048736,1.000000,0.484218,-0.157120,-0.183059,1.173358
668.000000,1.000000,6.000000,4.000000,0.052051,1.000000,0.478608,-0.168340,-0.174502,1.160051
669.000000,1.000000,6.000000,4.000000,0.055255,1.000000,0.471598,-0.179492,-0.164513,1.146762
671.000000,1.000000,6.000000,4.000000,0.058939,1.000000,0.462556,-0.189740,-0.152197,1.132431
673.000000,1.000000,6.000000,4.000000,0.062472,1.000000,0.451573,-0.198331,-0.137732,1.117484
674.000000,1.000000,6.000000,4.000000,0.066343,1.000000,0.438210,-0.206820,-0.120856,1.102666
676.000000,1.000000,6.000000,4.000000,0.070020,1.000000,0.422979,-0.213852,-0.101988,1.087594
677.000000,1.000000,6.000000,4.000000,0.074349,1.000000,0.404599,-0.219971,-0.080022,1.073156
679.000000,1.000000,6.000000,4.000000,0.078377,1.000000,0.383797,-0.225850,-0.055883,1.060118
681.000000,1.000000,6.000000,4.000000,0.082209,1.000000,0.360783,-0.231183,-0.029749,1.048332
682.000000,1.000000,6.000000,4.000000,0.085190,1.000000,0.336801,-0.235603,-0.002754,1.037194
684.000000,1.000000,6.000000,4.000000,0.087150,1.000000,0.311250,-0.239569,0.025341,1.028358
685.000000,1.000000,6.000000,4.000000,0.087881,1.000000,0.284641,-0.242488,0.053990,1.021964
687.000000,1.000000,6.000000,4.000000,0.087829,1.000000,0.257470,-0.243592,0.082831,1.017407
689.000000,1.000000,6.000000,4.000000,0.087376,1.000000,0.229620,-0.243755,0.111808,1.015420
690.000000,1.000000,6.000000,4.000000,0.087045,1.000000,0.201280,-0.242369,0.140853,1.015480
692.000000,1.000000,6.000000,4.000000,0.084368,1.000000,0.175411,-0.239945,0.167226,1.016234
694.000000,1.000000,6.000000,4.000000,0.081121,1.000000,0.150677,-0.236967,0.192277,1.017732
695.000000,1.000000,6.000000,4.000000,0.075539,1.000000,0.129007,-0.234867,0.214217,1.019054
697.000000,1.000000,6.000000,4.000000,0.067751,1.000000,0.110895,-0.232273,0.232542,1.020263
698.000000,1.000000,4.000000,4.000000,0.058911,1.000000,0.095721,-0.230462,0.247808,1.021644
700.000000,1.000000,4.000000,4.000000,0.050567,1.000000,0.082626,-0.229096,0.260851,1.023411
702.000000,1.000000,4.000000,4.000000,0.041242,1.000000,0.073178,-0.227878,0.270277,1.024629
704.000000,1.000000,4.000000,4.000000,0.033016,1.000000,0.065914,-0.225400,0.277371,1.026357
705.000000,1.000000,4.000000,4.000000,0.026758,1.000000,0.059305,-0.224893,0.283758,1.028109
707.000000,1.000000,4.000000,4.000000,0.020780,1.000000,0.054924,-0.224004,0.287974,1.029392
708.000000,1.000000,4.000000,4.000000,0.016158,1.000000,0.051355,-0.223268,0.291476,1.030133
709.000000,1.000000,4.000000,4.000000,0.012850,1.000000,0.048215,-0.223443,0.294601,1.030536
711.000000,1.000000,4.000000,4.000000,0.011809,1.000000,0.044148,-0.224665,0.298650,1.030992
713.000000,1.000000,4.000000,4.000000,0.010034,1.000000,0.041657,-0.224712,0.301266,1.030701
715.000000,1.000000,4.000000,4.000000,0.008591,1.000000,0.039664,-0.224704,0.303356,1.030486
717.000000,1.000000,4.000000,4.000000,0.007028,1.000000,0.038221,-0.224233,0.304891,1.030264
718.000000,1.000000,4.000000,4.000000,0.005125,1.000000,0.037613,-0.223404,0.305564,1.030091
720.000000,1.000000,4.000000,4.000000,0.003189,1.000000,0.038277,-0.222333,0.305023,1.029537
722.000000,1.000000,4.000000,4.000000,0.002310,1.000000,0.039021,-0.221682,0.304269,1.029539
723.000000,1.000000,4.000000,4.000000,0.001511,1.000000,0.039341,-0.222109,0.304002,1.029243
725.000000,1.000000,4.000000,4.000000,0.000000,1.000000,0.038327,-0.222631,0.305026,1.029272
726.000000,1.000000,4.000000,4.000000,0.001899,1.000000,0.037028,-0.223442,0.306355,1.029230
728.000000,1.000000,4.000000,4.000000,0.003583,1.000000,0.035217,-0.224058,0.308124,1.029579
730.000000,1.000000,4.000000,4.000000,0.005416,1.000000,0.032685,-0.224518,0.310671,1.029768
731.000000,1.000000,4.000000,4.000000,0.006417,1.000000,0.030208,-0.224250,0.313164,1.029984
733.000000,1.000000,4.000000,4.000000,0.006303,1.000000,0.028526,-0.224610,0.314908,1.029867
734.000000,2.000000,4.000000,4.000000,0.005897,1.000000,0.026905,-0.224619,0.316507,1.030144
736.000000,0.000000,4.000000,4.000000,0.000000,1.000000,0.025773,-0.224767,0.317660,1.030166
737.000000,0.000000,4.000000,4.000000,0.000000,1.000000,0.025318,-0.224851,0.318149,1.030063
739.000000,0.000000,4.000000,4.000000,0.000000,1.000000,0.025010,-0.225039,0.318472,1.030016
740.000000,0.000000,4.000000,4.000000,0.000000,1.000000,0.024857,-0.224828,0.318642,1.029970
742.000000,0.000000,4.000000,4.000000,0.000000,1.000000,0.024568,-0.224982,0.319025,1.029572
743.000000,0.000000,4.000000,4.000000,0.000000,1.000000,0.024211,-0.225314,0.319478,1.029156
745.000000,0.000000,4.000000,4.000000,0.000000,1.000000,0.023736,-0.225691,0.320067,1.028672
746.000000,0.000000,4.000000,4.000000,0.000000,1.000000,0.023955,-0.226190,0.319935,1.028230
748.000000,0.000000,4.000000,4.000000,0.000000,1.000000,0.024110,-0.226666,0.319835,1.027935
749.000000,0.000000,4.000000,4.000000,0.000000,1.000000,0.024678,-0.227073,0.319340,1.027522
751.000000,0.000000,4.000000,4.000000,0.000000,1.000000,0.025188,-0.227260,0.318849,1.027363
753.000000,0.000000,4.000000,4.000000,0.000000,1.000000,0.025799,-0.227350,0.318228,1.027338
754.000000,0.000000,4.000000,4.000000,0.000000,1.000000,0.025803,-0.227658,0.318283,1.027051
756.000000,0.000000,4.000000,4.000000,0.000000,1.000000,0.026105,-0.227998,0.318013,1.026854
758.000000,0.000000,4.000000,4.000000,0.000000,1.000000,0.025972,-0.228220,0.318161,1.026787
759.000000,0.000000,4.000000,4.000000,0.000000,1.000000,0.025745,-0.228617,0.318445,1.026534
761.000000,0.000000,4.000000,4.000000,0.000000,1.000000,0.025789,-0.229027,0.318470,1.026191
762.000000,0.000000,4.000000,4.000000,0.000000,1.000000,0.025782,-0.229098,0.318473,1.026203
764.000000,0.000000,4.000000,4.000000,0.000000,1.000000,0.025405,-0.229276,0.318851,1.026234
765.000000,0.000000,4.000000,4.000000,0.000000,1.000000,0.025499,-0.229541,0.318823,1.025911
767.000000,0.000000,4.000000,4.000000,0.000000,1.000000,0.025549,-0.229772,0.318765,1.025924
768.000000,0.000000,4.000000,4.000000,0.000000,1.000000,0.025916,-0.229869,0.318350,1.026094
770.000000,0.000000,4.000000,4.000000,0.000000,1.000000,0.025944,-0.229875,0.318260,1.026368
772.000000,0.000000,4.000000,4.000000,0.000000,1.000000,0.026196,-0.229199,0.317995,1.026440
773.000000,0.000000,4.000000,4.000000,0.000000,1.000000,0.026250,-0.228431,0.317854,1.026871
775.000000,0.000000,4.000000,4.000000,0.000000,1.000000,0.026264,-0.227579,0.317760,1.027286
777.000000,0.000000,4.000000,4.000000,0.000000,1.000000,0.025523,-0.226749,0.318397,1.027886
778.000000,0.000000,4.000000,4.000000,0.000000,1.000000,0.025257,-0.225996,0.318591,1.028287
780.000000,0.000000,4.000000,4.000000,0.000000,1.000000,0.024629,-0.225552,0.319108,1.028880
781.000000,0.000000,4.000000,4.000000,0.000000,1.000000,0.024053,-0.224992,0.319596,1.029372
783.000000,0.000000,4.000000,4.000000,0.000000,1.000000,0.023942,-0.224378,0.319641,1.029722
784.000000,0.000000,4.000000,4.000000,0.000000,1.000000,0.024301,-0.223750,0.319314,1.029580
786.000000,0.000000,4.000000,4.000000,0.000000,1.000000,0.024721,-0.223151,0.318941,1.029362
788.000000,0.000000,4.000000,4.000000,0.000000,1.000000,0.025538,-0.222576,0.318182,1.029045
789.000000,0.000000,4.000000,4.000000,0.000000,1.000000,0.026156,-0.222267,0.317594,1.028862
791.000000,0.000000,4.000000,4.000000,0.000000,1.000000,0.026075,-0.221829,0.317688,1.028839
793.000000,0.000000,4.000000,4.000000,0.000000,1.000000,0.025562,-0.221338,0.318179,1.029027
794.000000,0.000000,4.000000,4.000000,0.000000,1.000000,0.025294,-0.220734,0.318375,1.029419
796.000000,0.000000,4.000000,4.000000,0.000000,1.000000,0.025054,-0.220406,0.318511,1.029934
797.000000,0.000000,4.000000,4.000000,0.000000,1.000000,0.025087,-0.219589,0.318387,1.030387
799.000000,0.000000,4.000000,4.000000,0.000000,1.000000,0.025496,-0.218859,0.317952,1.030506
801.000000,0.000000,4.000000,4.000000,0.000000,1.000000,0.025960,-0.218384,0.317390,1.030921
802.000000,0.000000,4.000000,4.000000,0.000000,1.000000,0.026142,-0.217817,0.317163,1.031143
804.000000,0.000000,4.000000,4.000000,0.000000,1.000000,0.025850,-0.216937,0.317517,1.030952
805.000000,0.000000,4.000000,4.000000,0.000000,1.000000,0.025475,-0.216482,0.317911,1.030932
807.000000,0.000000,4.000000,4.000000,0.000000,1.000000,0.025111,-0.216653,0.318227,1.031182
808.000000,0.000000,4.000000,4.000000,0.000000,1.000000,0.025140,-0.216682,0.318262,1.030886
809.000000,0.000000,4.000000,4.000000,0.000000,1.000000,0.025227,-0.216931,0.318200,1.030747
811.000000,0.000000,4.000000,4.000000,0.000000,1.000000,0.025583,-0.217528,0.317806,1.030842
812.000000,0.000000,4.000000,4.000000,0.000000,1.000000,0.025661,-0.218254,0.317696,1.030934
814.000000,0.000000,4.000000,4.000000,0.000000,1.000000,0.025356,-0.218690,0.318098,1.030506
815.000000,0.000000,4.000000,4.000000,0.000000,1.000000,0.024672,-0.219277,0.318795,1.030483
817.000000,0.000000,4.000000,4.000000,0.000000,1.000000,0.024117,-0.219588,0.319394,1.030327
818.000000,0.000000,4.000000,4.000000,0.000000,1.000000,0.023779,-0.219734,0.319751,1.030275
820.000000,0.000000,4.000000,4.000000,0.000000,1.000000,0.023746,-0.219527,0.319837,1.030049
821.000000,0.000000,4.000000,4.000000,0.000000,1.000000,0.024136,-0.218970,0.319422,1.030157
823.000000,0.000000,4.000000,4.000000,0.000000,1.000000,0.024746,-0.218147,0.318734,1.030490
824.000000,0.000000,4.000000,4.000000,0.000000,1.000000,0.025136,-0.217229,0.318302,1.030691
826.000000,0.000000,4.000000,4.000000,0.000000,1.000000,0.025102,-0.216155,0.318331,1.030787
827.000000,0.000000,4.000000,4.000000,0.000000,1.000000,0.024912,-0.214886,0.318507,1.030951
829.000000,0.000000,4.000000,4.000000,0.000000,1.000000,0.024600,-0.213505,0.318826,1.031039
830.000000,0.000000,4.000000,4.000000,0.000000,1.000000,0.024566,-0.212133,0.318973,1.030626
832.000000,0.000000,4.000000,4.000000,0.000000,1.000000,0.024238,-0.211095,0.319372,1.030408
833.000000,0.000000,4.000000,4.000000,0.000000,1.000000,0.023952,-0.210375,0.319652,1.030513
835.000000,0.000000,4.000000,4.000000,0.000000,1.000000,0.023863,-0.209940,0.319804,1.030265
836.000000,0.000000,4.000000,4.000000,0.000000,1.000000,0.023668,-0.209752,0.320014,1.030237
838.000000,0.000000,4.000000,4.000000,0.000000,1.000000,0.023037,-0.209605,0.320665,1.030225
839.000000,0.000000,4.000000,4.000000,0.000000,1.000000,0.023084,-0.209612,0.320595,1.030319
840.000000,0.000000,4.000000,4.000000,0.000000,1.000000,0.023491,-0.209731,0.320205,1.030191
842.000000,0.000000,4.000000,4.000000,0.000000,1.000000,0.023691,-0.209791,0.320010,1.030145
843.000000,0.000000,4.000000,4.000000,0.000000,1.000000,0.024106,-0.209934,0.319623,1.029963
845.000000,0.000000,4.000000,4.000000,0.000000,1.000000,0.024559,-0.210188,0.319144,1.030014
846.000000,0.000000,4.000000,4.000000,0.000000,1.000000,0.024730,-0.210163,0.318999,1.029878
847.000000,0.000000,4.000000,4.000000,0.000000,1.000000,0.024704,-0.209838,0.319050,1.029793
849.000000,0.000000,4.000000,4.000000,0.000000,1.000000,0.024597,-0.209490,0.319120,1.029992
850.000000,0.000000,4.000000,4.000000,0.000000,1.000000,0.024467,-0.209048,0.319306,1.029784
852.000000,0.000000,4.000000,4.000000,0.000000,1.000000,0.024235,-0.208912,0.319570,1.029671
854.000000,0.000000,4.000000,4.000000,0.000000,1.000000,0.023907,-0.209278,0.319889,1.029729
855.000000,0.000000,4.000000,4.000000,0.000000,1.000000,0.023509,-0.210025,0.320241,1.029926
857.000000,0.000000,4.000000,4.000000,0.000000,1.000000,0.023557,-0.211074,0.320113,1.030216
858.000000,3.000000,4.000000,4.000000,0.002726,1.000000,0.023631,-0.212217,0.319885,1.030829
860.000000,1.000000,4.000000,4.000000,0.002904,1.000000,0.024130,-0.212950,0.319306,1.031081
861.000000,1.000000,4.000000,4.000000,0.002733,1.000000,0.024556,-0.213482,0.318833,1.031211
863.000000,1.000000,4.000000,4.000000,0.003017,1.000000,0.025889,-0.213978,0.317486,1.031094
865.000000,1.000000,4.000000,4.000000,0.003549,1.000000,0.027365,-0.214513,0.316057,1.030694
866.000000,1.000000,4.000000,4.000000,0.005096,1.000000,0.029875,-0.215163,0.313587,1.030191
868.000000,1.000000,4.000000,4.000000,0.006652,1.000000,0.032627,-0.216089,0.310783,1.030061
869.000000,1.000000,4.000000,4.000000,0.008270,1.000000,0.035971,-0.216874,0.307463,1.029534
871.000000,1.000000,4.000000,4.000000,0.008862,1.000000,0.038868,-0.217506,0.304557,1.029212
873.000000,1.000000,4.000000,4.000000,0.008788,1.000000,0.041400,-0.218157,0.302030,1.028871
874.000000,1.000000,4.000000,4.000000,0.007224,1.000000,0.042625,-0.218737,0.300778,1.028818
876.000000,1.000000,4.000000,4.000000,0.005108,1.000000,0.043103,-0.219112,0.300344,1.028543
878.000000,1.000000,4.000000,4.000000,0.002677,1.000000,0.042343,-0.219863,0.301046,1.028841
879.000000,1.000000,4.000000,4.000000,0.002184,1.000000,0.040731,-0.220641,0.302580,1.029324
881.000000,1.000000,4.000000,4.000000,0.003757,1.000000,0.038854,-0.221299,0.304354,1.029948
882.000000,1.000000,4.000000,4.000000,0.004877,1.000000,0.037068,-0.221934,0.306084,1.030357
884.000000,1.000000,4.000000,4.000000,0.005245,1.000000,0.035601,-0.222700,0.307523,1.030598
885.000000,1.000000,4.000000,4.000000,0.004100,1.000000,0.035264,-0.223182,0.307817,1.030800
887.000000,1.000000,4.000000,4.000000,0.002229,1.000000,0.035917,-0.223483,0.307289,1.030147
888.000000,1.000000,4.000000,4.000000,0.001735,1.000000,0.037331,-0.223865,0.305985,1.029473
890.000000,1.000000,4.000000,4.000000,0.003458,1.000000,0.039299,-0.224348,0.304118,1.028770
891.000000,1.000000,4.000000,4.000000,0.004659,1.000000,0.041117,-0.224660,0.302368,1.028243
893.000000,1.000000,4.000000,4.000000,0.004072,1.000000,0.041579,-0.225020,0.301996,1.027766
895.000000,1.000000,4.000000,4.000000,0.002220,1.000000,0.040763,-0.225441,0.302826,1.027764
896.000000,1.000000,4.000000,4.000000,0.001349,1.000000,0.039869,-0.225873,0.303716,1.027857
898.000000,1.000000,4.000000,4.000000,0.002240,1.000000,0.038594,-0.226188,0.304941,1.028205
899.000000,1.000000,4.000000,4.000000,0.003288,1.000000,0.037298,-0.226563,0.306240,1.028311
901.000000,1.000000,4.000000,4.000000,0.002762,1.000000,0.037121,-0.226999,0.306422,1.028281
903.000000,1.000000,4.000000,4.000000,0.001238,1.000000,0.038159,-0.227195,0.305482,1.027709
905.000000,1.000000,4.000000,4.000000,0.001833,1.000000,0.039374,-0.227058,0.304502,1.026531
906.000000,1.000000,4.000000,4.000000,0.003940,1.000000,0.041649,-0.226991,0.302432,1.025364
908.000000,1.000000,4.000000,4.000000,0.005364,1.000000,0.044000,-0.227046,0.300065,1.025176
909.000000,1.000000,4.000000,4.000000,0.006013,1.000000,0.046070,-0.227098,0.297879,1.025462
911.000000,1.000000,4.000000,4.000000,0.006463,1.000000,0.047196,-0.227608,0.296067,1.028379
913.000000,1.000000,4.000000,4.000000,0.010177,1.000000,0.048086,-0.228837,0.293886,1.033994
914.000000,1.000000,4.000000,4.000000,0.016869,1.000000,0.049813,-0.230822,0.290248,1.042253
916.000000,1.000000,4.000000,4.000000,0.025907,1.000000,0.052341,-0.233372,0.284977,1.054114
917.000000,2.000000,4.000000,4.000000,0.036571,1.000000,0.055034,-0.237076,0.278668,1.069800
919.000000,0.000000,4.000000,4.000000,0.000000,1.000000,0.057455,-0.241337,0.271881,1.088844
920.000000,3.000000,4.000000,4.000000,0.057514,1.000000,0.059770,-0.245871,0.264571,1.110705
922.000000,0.000000,4.000000,4.000000,0.000000,1.000000,0.058899,-0.249317,0.260345,1.133441
924.000000,0.000000,4.000000,4.000000,0.000000,1.000000,0.055054,-0.251726,0.259527,1.154629
925.000000,0.000000,4.000000,4.000000,0.000000,1.000000,0.048840,-0.252044,0.261629,1.173739
927.000000,0.000000,4.000000,4.000000,0.000000,1.000000,0.041217,-0.251715,0.265704,1.190515
928.000000,0.000000,4.000000,4.000000,0.000000,1.000000,0.030669,-0.250767,0.273451,1.204304
930.000000,0.000000,4.000000,4.000000,0.000000,1.000000,0.019630,-0.249395,0.282519,1.214453
931.000000,0.000000,4.000000,4.000000,0.000000,1.000000,0.008675,-0.248298,0.291776,1.223345
933.000000,0.000000,4.000000,4.000000,0.000000,1.000000,-0.000877,-0.248231,0.299819,1.231178
934.000000,0.000000,4.000000,4.000000,0.000000,1.000000,-0.009277,-0.247821,0.307218,1.236621
936.000000,0.000000,4.000000,4.000000,0.000000,1.000000,-0.016476,-0.248691,0.313804,1.240113
937.000000,0.000000,4.000000,4.000000,0.000000,1.000000,-0.022127,-0.250499,0.318784,1.243629
939.000000,0.000000,4.000000,4.000000,0.000000,1.000000,-0.025538,-0.252490,0.321996,1.244773
940.000000,0.000000,4.000000,4.000000,0.000000,1.000000,-0.027770,-0.254345,0.324571,1.243365
942.000000,0.000000,4.000000,4.000000,0.000000,1.000000,-0.028889,-0.256495,0.326398,1.240178
944.000000,0.000000,4.000000,4.000000,0.000000,1.000000,-0.028780,-0.257721,0.327158,1.236190
945.000000,0.000000,4.000000,4.000000,0.000000,1.000000,-0.028500,-0.258572,0.327801,1.231966
947.000000,0.000000,4.000000,4.000000,0.000000,1.000000,-0.028472,-0.259419,0.328525,1.228535
948.000000,0.000000,4.000000,4.000000,0.000000,1.000000,-0.028347,-0.260230,0.329098,1.225337
950.000000,0.000000,4.000000,4.000000,0.000000,1.000000,-0.028230,-0.260970,0.329444,1.223202
952.000000,0.000000,4.000000,4.000000,0.000000,1.000000,-0.028317,-0.261331,0.329775,1.222096
954.000000,0.000000,4.000000,4.000000,0.000000,1.000000,-0.028338,-0.261804,0.330038,1.220983
955.000000,0.000000,4.000000,4.000000,0.000000,1.000000,-0.028270,-0.262180,0.330178,1.220024
957.000000,0.000000,4.000000,4.000000,0.000000,1.000000,-0.028636,-0.262497,0.330517,1.220160
958.000000,0.000000,4.000000,4.000000,0.000000,1.000000,-0.029066,-0.262806,0.330976,1.220063
961.000000,0.000000,4.000000,4.000000,0.000000,1.000000,-0.029302,-0.263277,0.331241,1.219925
962.000000,0.000000,4.000000,4.000000,0.000000,1.000000,-0.029501,-0.263638,0.331416,1.220035
964.000000,0.000000,4.000000,4.000000,0.000000,1.000000,-0.029701,-0.263937,0.331664,1.219819
965.000000,0.000000,4.000000,4.000000,0.000000,1.000000,-0.029827,-0.264253,0.331835,1.219615
967.000000,0.000000,4.000000,4.000000,0.000000,1.000000,-0.029521,-0.263916,0.331650,1.219059
968.000000,0.000000,4.000000,4.000000,0.000000,1.000000,-0.029148,-0.263227,0.331366,1.218657
970.000000,0.000000,4.000000,4.000000,0.000000,1.000000,-0.028816,-0.262483,0.331142,1.218189
972.000000,0.000000,4.000000,4.000000,0.000000,1.000000,-0.028478,-0.261425,0.330921,1.217690
973.000000,0.000000,4.000000,4.000000,0.000000,1.000000,-0.028201,-0.260188,0.330851,1.216808
975.000000,0.000000,4.000000,4.000000,0.000000,1.000000,-0.028107,-0.259743,0.330809,1.216594
976.000000,0.000000,4.000000,4.000000,0.000000,1.000000,-0.027732,-0.259260,0.330614,1.215776
978.000000,0.000000,4.000000,4.000000,0.000000,1.000000,-0.027314,-0.258919,0.330406,1.214808
979.000000,0.000000,4.000000,4.000000,0.000000,1.000000,-0.026602,-0.258776,0.329961,1.213544
981.000000,0.000000,4.000000,4.000000,0.000000,1.000000,-0.025807,-0.258797,0.329400,1.212405
982.000000,0.000000,4.000000,4.000000,0.000000,1.000000,-0.025192,-0.258682,0.329117,1.210853
984.000000,0.000000,4.000000,4.000000,0.000000,1.000000,-0.024900,-0.258338,0.329120,1.209523
985.000000,0.000000,4.000000,4.000000,0.000000,1.000000,-0.024756,-0.258125,0.329485,1.207237
987.000000,0.000000,4.000000,4.000000,0.000000,1.000000,-0.024973,-0.258020,0.330095,1.205506
988.000000,0.000000,4.000000,4.000000,0.000000,1.000000,-0.025037,-0.257766,0.330544,1.203802
990.000000,0.000000,4.000000,4.000000,0.000000,1.000000,-0.025147,-0.257545,0.330973,1.202395
992.000000,0.000000,4.000000,4.000000,0.000000,1.000000,-0.025334,-0.257614,0.331532,1.200741
993.000000,0.000000,4.000000,4.000000,0.000000,1.000000,-0.025154,-0.257626,0.331665,1.199320
994.000000,0.000000,4.000000,4.000000,0.000000,1.000000,-0.024949,-0.257702,0.331793,1.197795
996.000000,0.000000,4.000000,4.000000,0.000000,1.000000,-0.024959,-0.258130,0.331982,1.196968
997.000000,0.000000,4.000000,4.000000,0.000000,1.000000,-0.025174,-0.258584,0.332303,1.196487
999.000000,0.000000,4.000000,4.000000,0.000000,1.000000,-0.025127,-0.258864,0.332336,1.196105
1000.000000,0.000000,4.000000,4.000000,0.000000,1.000000,-0.025249,-0.259105,0.332367,1.196516
1002.000000,0.000000,4.000000,4.000000,0.000000,1.000000,-0.025244,-0.259268,0.332232,1.197084
1003.000000,0.000000,4.000000,4.000000,0.000000,1.000000,-0.025427,-0.259075,0.332418,1.197104
1004.000000,0.000000,4.000000,4.000000,0.000000,1.000000,-0.025324,-0.258805,0.332362,1.196900
1006.000000,0.000000,4.000000,4.000000,0.000000,1.000000,-0.025221,-0.258602,0.332320,1.196625
1007.000000,0.000000,4.000000,4.000000,0.000000,1.000000,-0.025219,-0.258390,0.332351,1.196495
1009.000000,0.000000,4.000000,4.000000,0.000000,1.000000,-0.025618,-0.258095,0.332783,1.196407
1010.000000,0.000000,4.000000,4.000000,0.000000,1.000000,-0.025973,-0.257703,0.333200,1.196192
1012.000000,0.000000,4.000000,4.000000,0.000000,1.000000,-0.027161,-0.257179,0.334546,1.195647
1013.000000,0.000000,4.000000,4.000000,0.000000,1.000000,-0.028196,-0.256294,0.335947,1.194178
1014.000000,3.000000,4.000000,4.000000,0.005323,1.000000,-0.028918,-0.254979,0.337080,1.192494
1016.000000,1.000000,4.000000,6.000000,0.006689,0.000000,-0.029172,-0.253776,0.337917,1.189983
1018.000000,1.000000,4.000000,6.000000,0.008671,0.000000,-0.028700,-0.251980,0.338251,1.186431
1019.000000,1.000000,4.000000,6.000000,0.011035,0.000000,-0.026605,-0.249967,0.337153,1.181855
1021.000000,1.000000,4.000000,6.000000,0.013123,0.000000,-0.024366,-0.247400,0.335889,1.177399
1022.000000,1.000000,4.000000,6.000000,0.015702,0.000000,-0.021754,-0.244683,0.334495,1.171819
1024.000000,1.000000,4.000000,6.000000,0.017521,0.000000,-0.018357,-0.241175,0.332182,1.166806
1025.000000,1.000000,4.000000,6.000000,0.017596,0.000000,-0.015485,-0.238321,0.330227,1.162552
1027.000000,1.000000,4.000000,6.000000,0.016694,0.000000,-0.012905,-0.235548,0.328411,1.159017
1028.000000,1.000000,4.000000,6.000000,0.014399,0.000000,-0.010599,-0.233772,0.326587,1.156711
1030.000000,1.000000,4.000000,6.000000,0.010935,0.000000,-0.009114,-0.232621,0.325272,1.155863
1032.000000,1.000000,4.000000,6.000000,0.007030,0.000000,-0.008792,-0.232289,0.325002,1.155611
1033.000000,1.000000,4.000000,6.000000,0.003918,0.000000,-0.008633,-0.232158,0.324792,1.155831
1035.000000,1.000000,4.000000,6.000000,0.001446,0.000000,-0.009012,-0.232222,0.325030,1.156500
1036.000000,1.000000,4.000000,6.000000,0.001033,0.000000,-0.009614,-0.232282,0.325521,1.157065
1038.000000,1.000000,4.000000,6.000000,0.001414,0.000000,-0.010043,-0.232239,0.325896,1.157357
1039.000000,1.000000,4.000000,6.000000,0.001423,0.000000,-0.010446,-0.232115,0.326293,1.157431
1041.000000,1.000000,4.000000,6.000000,0.001396,0.000000,-0.010727,-0.231810,0.326524,1.157708
1042.000000,1.000000,4.000000,6.000000,0.001433,0.000000,-0.011089,-0.231556,0.326809,1.158110
1044.000000,1.000000,4.000000,6.000000,0.001919,0.000000,-0.011840,-0.231149,0.327447,1.158727
1046.000000,1.000000,4.000000,6.000000,0.003900,0.000000,-0.014367,-0.230695,0.329802,1.159805
1047.000000,1.000000,4.000000,6.000000,0.005880,0.000000,-0.017281,-0.230286,0.332555,1.160877
1049.000000,1.000000,4.000000,6.000000,0.007492,0.000000,-0.020283,-0.229644,0.335424,1.161841
1051.000000,1.000000,4.000000,6.000000,0.008526,0.000000,-0.023253,-0.229073,0.338272,1.162755
1052.000000,1.000000,4.000000,6.000000,0.008202,0.000000,-0.025429,-0.228636,0.340462,1.162962
1054.000000,2.000000,4.000000,4.000000,0.005997,1.000000,-0.025856,-0.227995,0.340889,1.163045
1056.000000,0.000000,4.000000,4.000000,0.000000,1.000000,-0.025867,-0.227471,0.340857,1.163277
1057.000000,0.000000,4.000000,4.000000,0.000000,1.000000,-0.025887,-0.227321,0.340740,1.163902
1059.000000,0.000000,4.000000,4.000000,0.000000,1.000000,-0.026267,-0.226480,0.340831,1.165294
1061.000000,0.000000,4.000000,4.000000,0.000000,1.000000,-0.027086,-0.225526,0.341249,1.167241
1062.000000,0.000000,4.000000,4.000000,0.000000,1.000000,-0.027995,-0.225134,0.341968,1.168221
1064.000000,0.000000,4.000000,4.000000,0.000000,1.000000,-0.028644,-0.224553,0.342601,1.168397
1066.000000,0.000000,4.000000,4.000000,0.000000,1.000000,-0.029141,-0.223644,0.343240,1.167874
1067.000000,0.000000,4.000000,4.000000,0.000000,1.000000,-0.029304,-0.222844,0.343710,1.166567
1069.000000,0.000000,4.000000,4.000000,0.000000,1.000000,-0.029332,-0.221931,0.344087,1.165065
1071.000000,0.000000,4.000000,4.000000,0.000000,1.000000,-0.029218,-0.220737,0.344178,1.164205
1072.000000,0.000000,4.000000,4.000000,0.000000,1.000000,-0.029133,-0.219642,0.344222,1.163687
1074.000000,0.000000,4.000000,4.000000,0.000000,1.000000,-0.029070,-0.219058,0.344212,1.163482
1076.000000,0.000000,4.000000,4.000000,0.000000,1.000000,-0.029170,-0.218715,0.344364,1.163280
1078.000000,0.000000,4.000000,4.000000,0.000000,1.000000,-0.029003,-0.218042,0.344369,1.162532
1079.000000,0.000000,4.000000,4.000000,0.000000,1.000000,-0.028801,-0.217083,0.344367,1.161674
1081.000000,0.000000,4.000000,4.000000,0.000000,1.000000,-0.028434,-0.216347,0.343959,1.161864
1083.000000,0.000000,4.000000,4.000000,0.000000,1.000000,-0.028269,-0.215571,0.343728,1.162193
1084.000000,0.000000,4.000000,4.000000,0.000000,1.000000,-0.027955,-0.214892,0.343308,1.162671
1086.000000,0.000000,4.000000,4.000000,0.000000,1.000000,-0.027924,-0.215011,0.343034,1.163752
1087.000000,0.000000,4.000000,4.000000,0.000000,1.000000,-0.027756,-0.215147,0.342598,1.164930
1089.000000,0.000000,4.000000,4.000000,0.000000,1.000000,-0.027780,-0.214890,0.342583,1.165124
1091.000000,0.000000,4.000000,4.000000,0.000000,1.000000,-0.027937,-0.214299,0.342646,1.165596
1092.000000,0.000000,4.000000,4.000000,0.000000,1.000000,-0.028075,-0.213937,0.342759,1.165744
1094.000000,0.000000,4.000000,4.000000,0.000000,1.000000,-0.028148,-0.213272,0.342717,1.166314
1095.000000,0.000000,4.000000,4.000000,0.000000,1.000000,-0.028485,-0.212900,0.342929,1.166938
1097.000000,0.000000,4.000000,4.000000,0.000000,1.000000,-0.028789,-0.212564,0.343050,1.167810
1098.000000,0.000000,4.000000,4.000000,0.000000,1.000000,-0.028801,-0.212438,0.343019,1.168013
1100.000000,0.000000,4.000000,4.000000,0.000000,1.000000,-0.028930,-0.212306,0.343095,1.168275
1102.000000,0.000000,4.000000,4.000000,0.000000,1.000000,-0.028838,-0.212242,0.343120,1.167742
1103.000000,0.000000,4.000000,4.000000,0.000000,1.000000,-0.028835,-0.212096,0.343135,1.167668
1104.000000,0.000000,4.000000,4.000000,0.000000,1.000000,-0.028925,-0.212001,0.343210,1.167751
1106.000000,0.000000,4.000000,4.000000,0.000000,1.000000,-0.028992,-0.211928,0.343279,1.167761
1107.000000,0.000000,4.000000,4.000000,0.000000,1.000000,-0.028913,-0.211878,0.343104,1.168178
1109.000000,0.000000,4.000000,4.000000,0.000000,1.000000,-0.028998,-0.211776,0.342985,1.169110
1110.000000,0.000000,4.000000,4.000000,0.000000,1.000000,-0.029052,-0.211670,0.342904,1.169727
1112.000000,0.000000,4.000000,4.000000,0.000000,1.000000,-0.029017,-0.211711,0.342842,1.169846
1113.000000,0.000000,4.000000,4.000000,0.000000,1.000000,-0.028967,-0.211728,0.342747,1.170042
1115.000000,0.000000,4.000000,4.000000,0.000000,1.000000,-0.029011,-0.211780,0.342853,1.169765
1116.000000,0.000000,4.000000,4.000000,0.000000,1.000000,-0.028979,-0.211893,0.343000,1.168951
1118.000000,0.000000,4.000000,4.000000,0.000000,1.000000,-0.028908,-0.211987,0.343156,1.167918
1119.000000,0.000000,4.000000,4.000000,0.000000,1.000000,-0.028872,-0.212057,0.343277,1.167204
1121.000000,0.000000,4.000000,4.000000,0.000000,1.000000,-0.028946,-0.212147,0.343438,1.166822
1122.000000,0.000000,4.000000,4.000000,0.000000,1.000000,-0.028990,-0.212161,0.343505,1.166723
1124.000000,0.000000,4.000000,4.000000,0.000000,1.000000,-0.029084,-0.212193,0.343541,1.166989
1125.000000,0.000000,4.000000,4.000000,0.000000,1.000000,-0.029111,-0.212110,0.343474,1.167417
1127.000000,0.000000,4.000000,4.000000,0.000000,1.000000,-0.029209,-0.211981,0.343493,1.167793
1128.000000,0.000000,4.000000,4.000000,0.000000,1.000000,-0.029104,-0.211900,0.343413,1.167672
1130.000000,0.000000,4.000000,4.000000,0.000000,1.000000,-0.029090,-0.211772,0.343405,1.167651
1131.000000,0.000000,4.000000,4.000000,0.000000,1.000000,-0.029156,-0.211690,0.343499,1.167539
1133.000000,0.000000,4.000000,4.000000,0.000000,1.000000,-0.029170,-0.211769,0.343561,1.167322
1134.000000,0.000000,4.000000,4.000000,0.000000,1.000000,-0.029008,-0.211844,0.343465,1.167003
1136.000000,0.000000,4.000000,4.000000,0.000000,1.000000,-0.029104,-0.211763,0.343526,1.167176
1137.000000,0.000000,4.000000,4.000000,0.000000,1.000000,-0.029210,-0.211835,0.343592,1.167361
1139.000000,0.000000,4.000000,4.000000,0.000000,1.000000,-0.029272,-0.211796,0.343628,1.167487
1140.000000,0.000000,4.000000,4.000000,0.000000,1.000000,-0.029260,-0.211795,0.343617,1.167481
1143.000000,0.000000,4.000000,4.000000,0.000000,1.000000,-0.029109,-0.211832,0.343511,1.167261
1144.000000,0.000000,4.000000,4.000000,0.000000,1.000000,-0.029049,-0.211817,0.343587,1.166647
1146.000000,0.000000,4.000000,4.000000,0.000000,1.000000,-0.028960,-0.211699,0.343643,1.165996
1147.000000,0.000000,4.000000,4.000000,0.000000,1.000000,-0.028964,-0.211609,0.343688,1.165811
1149.000000,0.000000,4.000000,4.000000,0.000000,1.000000,-0.029041,-0.211493,0.343785,1.165738
1150.000000,0.000000,4.000000,4.000000,0.000000,1.000000,-0.029375,-0.211483,0.344098,1.165874
1152.000000,0.000000,4.000000,4.000000,0.000000,1.000000,-0.029390,-0.211584,0.344060,1.166107
1154.000000,0.000000,4.000000,4.000000,0.000000,1.000000,-0.029451,-0.211727,0.343991,1.166686
1155.000000,0.000000,4.000000,4.000000,0.000000,1.000000,-0.029393,-0.211869,0.343851,1.167038
1156.000000,0.000000,4.000000,4.000000,0.000000,1.000000,-0.029415,-0.212009,0.343779,1.167454
1158.000000,0.000000,4.000000,4.000000,0.000000,1.000000,-0.029357,-0.211927,0.343640,1.167816
1159.000000,0.000000,4.000000,4.000000,0.000000,1.000000,-0.029432,-0.211865,0.343628,1.168215
1161.000000,0.000000,4.000000,4.000000,0.000000,1.000000,-0.029394,-0.211806,0.343617,1.168097
1162.000000,0.000000,4.000000,4.000000,0.000000,1.000000,-0.029309,-0.211655,0.343630,1.167656
1164.000000,0.000000,4.000000,4.000000,0.000000,1.000000,-0.029051,-0.211682,0.343483,1.167129
1165.000000,0.000000,4.000000,4.000000,0.000000,1.000000,-0.028884,-0.211850,0.343408,1.166686
1167.000000,0.000000,4.000000,4.000000,0.000000,1.000000,-0.028718,-0.211991,0.343331,1.166261
1168.000000,0.000000,4.000000,4.000000,0.000000,1.000000,-0.028567,-0.212007,0.343199,1.166161
1170.000000,0.000000,4.000000,4.000000,0.000000,1.000000,-0.028662,-0.212171,0.343288,1.166184
1171.000000,0.000000,4.000000,4.000000,0.000000,1.000000,-0.028825,-0.212107,0.343441,1.166251
1173.000000,0.000000,4.000000,4.000000,0.000000,1.000000,-0.028939,-0.211988,0.343575,1.166184
1174.000000,0.000000,4.000000,4.000000,0.000000,1.000000,-0.029090,-0.211913,0.343701,1.166315
1176.000000,0.000000,4.000000,4.000000,0.000000,1.000000,-0.029109,-0.211925,0.343702,1.166399
1177.000000,0.000000,4.000000,4.000000,0.000000,1.000000,-0.029032,-0.211845,0.343639,1.166330
1179.000000,0.000000,4.000000,4.000000,0.000000,1.000000,-0.028999,-0.211805,0.343642,1.166166
1180.000000,0.000000,4.000000,4.000000,0.000000,1.000000,-0.029024,-0.211897,0.343676,1.166124
1182.000000,0.000000,4.000000,4.000000,0.000000,1.000000,-0.028863,-0.211818,0.343618,1.165650
1183.000000,0.000000,4.000000,4.000000,0.000000,1.000000,-0.028849,-0.211831,0.343754,1.164978
1185.000000,0.000000,4.000000,4.000000,0.000000,1.000000,-0.028836,-0.211854,0.343742,1.164966
1186.000000,0.000000,4.000000,4.000000,0.000000,1.000000,-0.028879,-0.211957,0.343725,1.165234
1188.000000,0.000000,4.000000,4.000000,0.000000,1.000000,-0.029008,-0.211828,0.343809,1.165459
1189.000000,0.000000,4.000000,4.000000,0.000000,1.000000,-0.029150,-0.211827,0.343875,1.165818
1191.000000,0.000000,4.000000,4.000000,0.000000,1.000000,-0.029230,-0.211675,0.343858,1.166271
1192.000000,0.000000,4.000000,4.000000,0.000000,1.000000,-0.029249,-0.211676,0.343851,1.166391
1194.000000,0.000000,4.000000,4.000000,0.000000,1.000000,-0.029191,-0.211706,0.343818,1.166268
1195.000000,0.000000,4.000000,4.000000,0.000000,1.000000,-0.028957,-0.211750,0.343615,1.166097
1197.000000,0.000000,4.000000,4.000000,0.000000,1.000000,-0.028976,-0.211909,0.343642,1.166053
1198.000000,0.000000,4.000000,4.000000,0.000000,1.000000,-0.028880,-0.211916,0.343605,1.165778
1200.000000,0.000000,4.000000,4.000000,0.000000,1.000000,-0.028913,-0.211929,0.343699,1.165507
1201.000000,0.000000,4.000000,4.000000,0.000000,1.000000,-0.028891,-0.211757,0.343751,1.165186
1203.000000,0.000000,4.000000,4.000000,0.000000,1.000000,-0.028998,-0.211690,0.343959,1.164752
1204.000000,0.000000,4.000000,4.000000,0.000000,1.000000,-0.028923,-0.211487,0.344001,1.164228
1206.000000,0.000000,4.000000,4.000000,0.000000,1.000000,-0.028959,-0.211415,0.344181,1.163593
1207.000000,0.000000,4.000000,4.000000,0.000000,1.000000,-0.028941,-0.211142,0.344351,1.162763
1209.000000,0.000000,4.000000,4.000000,0.000000,1.000000,-0.028921,-0.211004,0.344548,1.161796
1211.000000,0.000000,4.000000,4.000000,0.000000,1.000000,-0.028933,-0.210869,0.344668,1.161321
1212.000000,0.000000,4.000000,4.000000,0.000000,1.000000,-0.029013,-0.210740,0.344829,1.160976
