54.000000,0.000000,-1.000000,-1.000000,0.000000,-1.000000,0.054520,-0.438151,0.277277,1.065681
55.000000,0.000000,-1.000000,-1.000000,0.000000,-1.000000,0.051716,-0.433883,0.279565,1.068579
57.000000,0.000000,-1.000000,-1.000000,0.000000,-1.000000,0.050030,-0.430687,0.280723,1.071334
58.000000,0.000000,-1.000000,-1.000000,0.000000,-1.000000,0.049109,-0.429380,0.281222,1.073412
60.000000,0.000000,-1.000000,-1.000000,0.000000,-1.000000,0.048772,-0.428581,0.281391,1.074255
62.000000,0.000000,-1.000000,-1.000000,0.000000,-1.000000,0.046589,-0.425874,0.283102,1.076781
63.000000,0.000000,-1.000000,-1.000000,0.000000,-1.000000,0.045256,-0.424865,0.284103,1.078481
65.000000,0.000000,-1.000000,-1.000000,0.000000,-1.000000,0.044374,-0.425291,0.284876,1.079042
66.000000,0.000000,-1.000000,-1.000000,0.000000,-1.000000,0.043368,-0.425699,0.285842,1.079303
68.000000,0.000000,-1.000000,-1.000000,0.000000,-1.000000,0.042353,-0.426530,0.286693,1.080104
69.000000,0.000000,-1.000000,-1.000000,0.000000,-1.000000,0.042021,-0.427822,0.286887,1.080677
71.000000,0.000000,-1.000000,-1.000000,0.000000,-1.000000,0.041438,-0.429598,0.287353,1.081152
72.000000,0.000000,-1.000000,-1.000000,0.000000,-1.000000,0.040289,-0.431124,0.288385,1.081706
74.000000,0.000000,-1.000000,-1.000000,0.000000,-1.000000,0.039245,-0.432329,0.289352,1.082088
75.000000,0.000000,-1.000000,-1.000000,0.000000,-1.000000,0.038022,-0.433110,0.290540,1.082335
77.000000,0.000000,-1.000000,-1.000000,0.000000,-1.000000,0.037145,-0.433626,0.291373,1.082596
78.000000,0.000000,-1.000000,-1.000000,0.000000,-1.000000,0.036972,-0.433427,0.291581,1.082471
80.000000,0.000000,-1.000000,-1.000000,0.000000,-1.000000,0.037372,-0.432944,0.291204,1.082355
81.000000,0.000000,-1.000000,-1.000000,0.000000,-1.000000,0.037501,-0.432429,0.291072,1.082386
83.000000,0.000000,-1.000000,-1.000000,0.000000,-1.000000,0.037406,-0.431824,0.291166,1.082437
85.000000,0.000000,-1.000000,-1.000000,0.000000,-1.000000,0.037147,-0.431163,0.291520,1.082083
86.000000,0.000000,-1.000000,-1.000000,0.000000,-1.000000,0.036785,-0.430727,0.291923,1.081967
88.000000,0.000000,-1.000000,-1.000000,0.000000,-1.000000,0.036529,-0.430566,0.292170,1.082044
89.000000,0.000000,-1.000000,-1.000000,0.000000,-1.000000,0.036369,-0.430411,0.292408,1.081723
91.000000,0.000000,-1.000000,-1.000000,0.000000,-1.000000,0.036469,-0.430970,0.292103,1.082598
92.000000,0.000000,-1.000000,-1.000000,0.000000,-1.000000,0.035906,-0.432121,0.291996,1.085594
94.000000,0.000000,-1.000000,-1.000000,0.000000,-1.000000,0.035393,-0.433482,0.291775,1.088853
95.000000,0.000000,-1.000000,-1.000000,0.000000,-1.000000,0.034712,-0.434890,0.291760,1.091960
97.000000,0.000000,-1.000000,-1.000000,0.000000,-1.000000,0.034200,-0.436175,0.291567,1.095103
98.000000,0.000000,-1.000000,-1.000000,0.000000,-1.000000,0.033402,-0.436877,0.291945,1.097029
99.000000,0.000000,-1.000000,-1.000000,0.000000,-1.000000,0.033062,-0.437125,0.292218,1.097351
101.000000,0.000000,-1.000000,-1.000000,0.000000,-1.000000,0.032696,-0.437256,0.292602,1.097302
102.000000,0.000000,-1.000000,-1.000000,0.000000,-1.000000,0.032459,-0.437241,0.292887,1.097115
104.000000,0.000000,-1.000000,-1.000000,0.000000,-1.000000,0.032340,-0.437366,0.292992,1.097179
105.000000,0.000000,-1.000000,-1.000000,0.000000,-1.000000,0.032469,-0.437630,0.292862,1.097157
107.000000,0.000000,-1.000000,-1.000000,0.000000,-1.000000,0.032655,-0.437746,0.292701,1.097013
108.000000,0.000000,-1.000000,-1.000000,0.000000,-1.000000,0.032868,-0.437662,0.292507,1.096909
110.000000,0.000000,-1.000000,-1.000000,0.000000,-1.000000,0.032972,-0.437630,0.292396,1.096934
111.000000,0.000000,-1.000000,-1.000000,0.000000,-1.000000,0.033171,-0.437584,0.292209,1.096857
112.000000,0.000000,-1.000000,-1.000000,0.000000,-1.000000,0.033329,-0.437479,0.292105,1.096608
114.000000,0.000000,-1.000000,-1.000000,0.000000,-1.000000,0.033143,-0.437610,0.292253,1.096792
115.000000,0.000000,-1.000000,-1.000000,0.000000,-1.000000,0.032737,-0.437558,0.292630,1.096968
116.000000,0.000000,-1.000000,-1.000000,0.000000,-1.000000,0.032430,-0.437452,0.292918,1.097093
118.000000,0.000000,-1.000000,-1.000000,0.000000,-1.000000,0.032217,-0.437592,0.293103,1.097234
119.000000,0.000000,-1.000000,-1.000000,0.000000,-1.000000,0.031914,-0.437653,0.293319,1.097655
121.000000,0.000000,-1.000000,-1.000000,0.000000,-1.000000,0.031948,-0.437422,0.293289,1.097649
122.000000,0.000000,-1.000000,-1.000000,0.000000,-1.000000,0.032272,-0.437319,0.292969,1.097603
124.000000,0.000000,-1.000000,-1.000000,0.000000,-1.000000,0.032474,-0.437353,0.292732,1.097730
125.000000,0.000000,-1.000000,-1.000000,0.000000,-1.000000,0.032335,-0.437205,0.292929,1.097495
126.000000,0.000000,-1.000000,-1.000000,0.000000,-1.000000,0.032218,-0.437220,0.293052,1.097481
128.000000,0.000000,-1.000000,-1.000000,0.000000,-1.000000,0.031686,-0.437722,0.293550,1.097663
129.000000,0.000000,-1.000000,-1.000000,0.000000,-1.000000,0.031105,-0.438488,0.294057,1.098009
130.000000,0.000000,-1.000000,-1.000000,0.000000,-1.000000,0.030888,-0.439402,0.294293,1.097888
132.000000,0.000000,-1.000000,-1.000000,0.000000,-1.000000,0.030926,-0.440204,0.294240,1.097903
133.000000,0.000000,-1.000000,-1.000000,0.000000,-1.000000,0.031057,-0.440800,0.294139,1.097716
135.000000,0.000000,-1.000000,-1.000000,0.000000,-1.000000,0.031397,-0.441095,0.293805,1.097629
136.000000,0.000000,-1.000000,-1.000000,0.000000,-1.000000,0.031310,-0.441709,0.293979,1.097209
138.000000,0.000000,-1.000000,-1.000000,0.000000,-1.000000,0.031099,-0.442151,0.294186,1.097228
139.000000,0.000000,-1.000000,-1.000000,0.000000,-1.000000,0.030952,-0.443087,0.294323,1.097227
140.000000,0.000000,-1.000000,-1.000000,0.000000,-1.000000,0.030714,-0.444164,0.294593,1.097042
142.000000,0.000000,-1.000000,-1.000000,0.000000,-1.000000,0.031347,-0.445073,0.294023,1.096634
143.000000,0.000000,-1.000000,-1.000000,0.000000,-1.000000,0.031844,-0.445737,0.293502,1.096646
145.000000,0.000000,-1.000000,-1.000000,0.000000,-1.000000,0.031939,-0.446155,0.293403,1.096621
146.000000,0.000000,-1.000000,-1.000000,0.000000,-1.000000,0.031879,-0.446246,0.293433,1.096763
148.000000,0.000000,-1.000000,-1.000000,0.000000,-1.000000,0.032108,-0.446264,0.293156,1.096950
149.000000,0.000000,-1.000000,-1.000000,0.000000,-1.000000,0.031858,-0.446163,0.293427,1.096889
150.000000,0.000000,-1.000000,-1.000000,0.000000,-1.000000,0.031970,-0.445863,0.293288,1.097018
152.000000,0.000000,-1.000000,-1.000000,0.000000,-1.000000,0.032387,-0.445616,0.292935,1.096698
153.000000,0.000000,-1.000000,-1.000000,0.000000,-1.000000,0.032977,-0.445075,0.292337,1.096700
155.000000,0.000000,-1.000000,-1.000000,0.000000,-1.000000,0.033336,-0.444288,0.292007,1.096587
156.000000,0.000000,-1.000000,-1.000000,0.000000,-1.000000,0.033689,-0.443563,0.291665,1.096537
158.000000,0.000000,-1.000000,-1.000000,0.000000,-1.000000,0.034051,-0.442766,0.291386,1.096177
159.000000,0.000000,-1.000000,-1.000000,0.000000,-1.000000,0.034463,-0.441789,0.290929,1.096400
160.000000,0.000000,-1.000000,-1.000000,0.000000,-1.000000,0.034244,-0.441202,0.291109,1.096635
162.000000,0.000000,-1.000000,-1.000000,0.000000,-1.000000,0.034014,-0.440688,0.291297,1.096884
163.000000,0.000000,-1.000000,-1.000000,0.000000,-1.000000,0.033575,-0.440208,0.291626,1.097451
165.000000,0.000000,-1.000000,-1.000000,0.000000,-1.000000,0.033341,-0.439768,0.291819,1.097689
166.000000,0.000000,-1.000000,-1.000000,0.000000,-1.000000,0.032782,-0.439333,0.292459,1.097416
167.000000,0.000000,-1.000000,-1.000000,0.000000,-1.000000,0.032258,-0.438887,0.293180,1.096617
169.000000,0.000000,-1.000000,-1.000000,0.000000,-1.000000,0.031665,-0.438566,0.293929,1.096003
171.000000,0.000000,-1.000000,-1.000000,0.000000,-1.000000,0.030918,-0.438272,0.294872,1.095230
172.000000,0.000000,-1.000000,-1.000000,0.000000,-1.000000,0.031277,-0.438189,0.294686,1.094418
173.000000,0.000000,-1.000000,-1.000000,0.000000,-1.000000,0.032049,-0.438434,0.293959,1.094114
175.000000,0.000000,-1.000000,-1.000000,0.000000,-1.000000,0.032203,-0.438985,0.293720,1.094443
176.000000,0.000000,-1.000000,-1.000000,0.000000,-1.000000,0.032585,-0.439560,0.293276,1.094640
178.000000,0.000000,-1.000000,-1.000000,0.000000,-1.000000,0.033015,-0.439789,0.292800,1.094784
179.000000,0.000000,-1.000000,-1.000000,0.000000,-1.000000,0.032287,-0.440073,0.293406,1.095400
180.000000,0.000000,-1.000000,-1.000000,0.000000,-1.000000,0.031530,-0.440291,0.294170,1.095433
182.000000,0.000000,-1.000000,-1.000000,0.000000,-1.000000,0.031977,-0.440526,0.293790,1.095071
183.000000,0.000000,-1.000000,-1.000000,0.000000,-1.000000,0.032512,-0.440930,0.293310,1.094738
185.000000,0.000000,-1.000000,-1.000000,0.000000,-1.000000,0.033286,-0.442083,0.292622,1.094191
186.000000,0.000000,-1.000000,-1.000000,0.000000,-1.000000,0.033993,-0.443145,0.292046,1.093459
187.000000,0.000000,-1.000000,-1.000000,0.000000,-1.000000,0.034164,-0.444430,0.291902,1.093237
189.000000,0.000000,-1.000000,-1.000000,0.000000,-1.000000,0.033911,-0.445402,0.292222,1.092906
190.000000,0.000000,-1.000000,-1.000000,0.000000,-1.000000,0.033755,-0.446608,0.292459,1.092487
192.000000,0.000000,-1.000000,-1.000000,0.000000,-1.000000,0.033700,-0.447536,0.292565,1.092202
193.000000,0.000000,-1.000000,-1.000000,0.000000,-1.000000,0.033362,-0.448569,0.292978,1.091840
194.000000,0.000000,-1.000000,-1.000000,0.000000,-1.000000,0.033255,-0.449516,0.293214,1.091214
196.000000,0.000000,-1.000000,-1.000000,0.000000,-1.000000,0.033496,-0.450464,0.293096,1.090575
197.000000,0.000000,-1.000000,-1.000000,0.000000,-1.000000,0.033463,-0.451005,0.293192,1.090260
199.000000,0.000000,-1.000000,-1.000000,0.000000,-1.000000,0.033195,-0.451598,0.293485,1.090144
200.000000,0.000000,-1.000000,-1.000000,0.000000,-1.000000,0.033464,-0.451778,0.293273,1.089844
201.000000,0.000000,-1.000000,-1.000000,0.000000,-1.000000,0.033860,-0.451849,0.292894,1.089717
203.000000,0.000000,-1.000000,-1.000000,0.000000,-1.000000,0.033971,-0.451912,0.292851,1.089399
204.000000,0.000000,-1.000000,-1.000000,0.000000,-1.000000,0.034063,-0.451981,0.292823,1.089100
206.000000,0.000000,-1.000000,-1.000000,0.000000,-1.000000,0.034219,-0.451739,0.292737,1.088780
207.000000,0.000000,-1.000000,-1.000000,0.000000,-1.000000,0.034094,-0.451750,0.292848,1.088853
208.000000,0.000000,-1.000000,-1.000000,0.000000,-1.000000,0.033893,-0.451683,0.293064,1.088814
210.000000,0.000000,-1.000000,-1.000000,0.000000,-1.000000,0.033804,-0.451538,0.293117,1.088996
211.000000,0.000000,-1.000000,-1.000000,0.000000,-1.000000,0.033689,-0.451383,0.293185,1.089233
213.000000,0.000000,-1.000000,-1.000000,0.000000,-1.000000,0.033546,-0.451309,0.293275,1.089488
214.000000,0.000000,-1.000000,-1.000000,0.000000,-1.000000,0.033609,-0.451050,0.293182,1.089630
216.000000,0.000000,-1.000000,-1.000000,0.000000,-1.000000,0.033596,-0.450625,0.293084,1.090158
217.000000,0.000000,-1.000000,-1.000000,0.000000,-1.000000,0.033536,-0.449927,0.293012,1.090800
218.000000,0.000000,-1.000000,-1.000000,0.000000,-1.000000,0.033419,-0.449004,0.292979,1.091542
220.000000,0.000000,-1.000000,-1.000000,0.000000,-1.000000,0.033497,-0.448050,0.292788,1.092103
221.000000,0.000000,-1.000000,-1.000000,0.000000,-1.000000,0.033497,-0.447141,0.292670,1.092690
223.000000,0.000000,-1.000000,-1.000000,0.000000,-1.000000,0.033668,-0.446227,0.292424,1.093061
224.000000,0.000000,-1.000000,-1.000000,0.000000,-1.000000,0.034040,-0.445581,0.291997,1.093310
225.000000,0.000000,-1.000000,-1.000000,0.000000,-1.000000,0.034546,-0.445144,0.291553,1.093004
227.000000,0.000000,-1.000000,-1.000000,0.000000,-1.000000,0.034601,-0.444934,0.291482,1.093084
228.000000,0.000000,-1.000000,-1.000000,0.000000,-1.000000,0.034818,-0.444753,0.291318,1.092836
230.000000,0.000000,-1.000000,-1.000000,0.000000,-1.000000,0.034769,-0.444843,0.291414,1.092622
231.000000,0.000000,-1.000000,-1.000000,0.000000,-1.000000,0.034793,-0.444928,0.291415,1.092503
233.000000,0.000000,-1.000000,-1.000000,0.000000,-1.000000,0.034792,-0.444767,0.291362,1.092754
234.000000,0.000000,-1.000000,-1.000000,0.000000,-1.000000,0.034850,-0.444349,0.291264,1.092958
236.000000,0.000000,-1.000000,-1.000000,0.000000,-1.000000,0.034588,-0.444009,0.291418,1.093489
237.000000,0.000000,-1.000000,-1.000000,0.000000,-1.000000,0.034759,-0.443392,0.291204,1.093702
239.000000,0.000000,-1.000000,-1.000000,0.000000,-1.000000,0.035028,-0.442769,0.290896,1.093884
240.000000,0.000000,-1.000000,-1.000000,0.000000,-1.000000,0.034811,-0.442456,0.291032,1.094295
242.000000,0.000000,-1.000000,-1.000000,0.000000,-1.000000,0.034692,-0.441884,0.291249,1.093904
243.000000,0.000000,-1.000000,-1.000000,0.000000,-1.000000,0.034721,-0.441253,0.291403,1.093117
244.000000,0.000000,-1.000000,-1.000000,0.000000,-1.000000,0.034703,-0.440941,0.291495,1.092809
246.000000,0.000000,-1.000000,-1.000000,0.000000,-1.000000,0.034411,-0.440738,0.291879,1.092441
247.000000,0.000000,-1.000000,-1.000000,0.000000,-1.000000,0.034908,-0.440625,0.291610,1.091370
249.000000,0.000000,-1.000000,-1.000000,0.000000,-1.000000,0.035472,-0.441153,0.291128,1.090907
250.000000,0.000000,-1.000000,-1.000000,0.000000,-1.000000,0.035736,-0.442047,0.290865,1.090818
251.000000,0.000000,-1.000000,-1.000000,0.000000,-1.000000,0.035910,-0.442946,0.290780,1.090342
253.000000,0.000000,-1.000000,-1.000000,0.000000,-1.000000,0.036361,-0.443798,0.290465,1.089630
254.000000,0.000000,-1.000000,-1.000000,0.000000,-1.000000,0.036431,-0.444658,0.290415,1.089479
256.000000,0.000000,-1.000000,-1.000000,0.000000,-1.000000,0.036045,-0.445392,0.290770,1.089613
257.000000,0.000000,-1.000000,-1.000000,0.000000,-1.000000,0.035550,-0.445874,0.291283,1.089557
259.000000,0.000000,-1.000000,-1.000000,0.000000,-1.000000,0.035196,-0.446149,0.291647,1.089530
260.000000,0.000000,-1.000000,-1.000000,0.000000,-1.000000,0.034875,-0.446593,0.291968,1.089539
262.000000,0.000000,-1.000000,-1.000000,0.000000,-1.000000,0.034472,-0.447062,0.292400,1.089428
263.000000,0.000000,-1.000000,-1.000000,0.000000,-1.000000,0.034640,-0.447494,0.292322,1.088975
265.000000,0.000000,-1.000000,-1.000000,0.000000,-1.000000,0.034502,-0.447802,0.292501,1.088790
266.000000,0.000000,-1.000000,-1.000000,0.000000,-1.000000,0.034118,-0.448192,0.292977,1.088392
268.000000,0.000000,-1.000000,-1.000000,0.000000,-1.000000,0.033375,-0.448365,0.293730,1.088417
269.000000,0.000000,-1.000000,-1.000000,0.000000,-1.000000,0.032108,-0.448467,0.294981,1.088628
271.000000,0.000000,-1.000000,-1.000000,0.000000,-1.000000,0.030732,-0.448599,0.296325,1.088912
272.000000,0.000000,-1.000000,-1.000000,0.000000,-1.000000,0.030158,-0.448677,0.297001,1.088512
273.000000,0.000000,-1.000000,-1.000000,0.000000,-1.000000,0.029834,-0.448852,0.297375,1.088313
275.000000,0.000000,-1.000000,-1.000000,0.000000,-1.000000,0.029657,-0.449305,0.297623,1.087985
276.000000,0.000000,-1.000000,-1.000000,0.000000,-1.000000,0.030994,-0.449339,0.296396,1.087341
278.000000,0.000000,-1.000000,-1.000000,0.000000,-1.000000,0.032674,-0.449323,0.294814,1.086716
279.000000,0.000000,-1.000000,-1.000000,0.000000,-1.000000,0.034161,-0.449173,0.293293,1.086718
281.000000,0.000000,-1.000000,-1.000000,0.000000,-1.000000,0.034936,-0.449609,0.292498,1.086691
282.000000,0.000000,-1.000000,-1.000000,0.000000,-1.000000,0.035683,-0.449848,0.291773,1.086493
284.000000,0.000000,-1.000000,-1.000000,0.000000,-1.000000,0.035630,-0.450377,0.291839,1.086407
285.000000,0.000000,-1.000000,-1.000000,0.000000,-1.000000,0.035170,-0.450841,0.292314,1.086364
287.000000,0.000000,-1.000000,-1.000000,0.000000,-1.000000,0.034770,-0.451491,0.292769,1.086118
289.000000,0.000000,-1.000000,-1.000000,0.000000,-1.000000,0.034830,-0.451471,0.292750,1.085930
290.000000,0.000000,-1.000000,-1.000000,0.000000,-1.000000,0.034769,-0.451385,0.292822,1.085895
292.000000,0.000000,-1.000000,-1.000000,0.000000,-1.000000,0.034594,-0.451448,0.292975,1.086006
293.000000,0.000000,-1.000000,-1.000000,0.000000,-1.000000,0.034830,-0.451365,0.292825,1.085603
295.000000,0.000000,-1.000000,-1.000000,0.000000,-1.000000,0.034953,-0.451345,0.292708,1.085561
296.000000,0.000000,-1.000000,-1.000000,0.000000,-1.000000,0.034863,-0.451489,0.292759,1.085737
297.000000,0.000000,-1.000000,-1.000000,0.000000,-1.000000,0.034965,-0.451521,0.292617,1.085906
299.000000,0.000000,-1.000000,-1.000000,0.000000,-1.000000,0.035138,-0.451426,0.292420,1.086001
300.000000,0.000000,-1.000000,-1.000000,0.000000,-1.000000,0.035223,-0.451392,0.292267,1.086294
302.000000,0.000000,-1.000000,-1.000000,0.000000,-1.000000,0.035222,-0.451439,0.292232,1.086454
303.000000,0.000000,-1.000000,-1.000000,0.000000,-1.000000,0.035175,-0.451112,0.292241,1.086653
305.000000,0.000000,-1.000000,-1.000000,0.000000,-1.000000,0.034914,-0.450835,0.292452,1.086921
306.000000,0.000000,-1.000000,-1.000000,0.000000,-1.000000,0.034943,-0.450247,0.292443,1.086866
308.000000,0.000000,-1.000000,-1.000000,0.000000,-1.000000,0.034656,-0.449598,0.292632,1.087376
309.000000,0.000000,-1.000000,-1.000000,0.000000,-1.000000,0.034802,-0.448720,0.292403,1.087790
310.000000,0.000000,-1.000000,-1.000000,0.000000,-1.000000,0.035357,-0.447944,0.291812,1.087942
312.000000,0.000000,-1.000000,-1.000000,0.000000,-1.000000,0.035860,-0.447007,0.291316,1.087908
313.000000,0.000000,-1.000000,-1.000000,0.000000,-1.000000,0.036084,-0.446298,0.291017,1.088266
315.000000,0.000000,-1.000000,-1.000000,0.000000,-1.000000,0.036286,-0.445680,0.290767,1.088498
316.000000,0.000000,-1.000000,-1.000000,0.000000,-1.000000,0.036379,-0.444954,0.290753,1.088180
318.000000,0.000000,-1.000000,-1.000000,0.000000,-1.000000,0.036536,-0.444147,0.290707,1.087717
319.000000,0.000000,-1.000000,-1.000000,0.000000,-1.000000,0.036688,-0.443484,0.290605,1.087520
320.000000,0.000000,-1.000000,-1.000000,0.000000,-1.000000,0.036707,-0.442913,0.290634,1.087336
322.000000,0.000000,-1.000000,-1.000000,0.000000,-1.000000,0.036534,-0.442358,0.290884,1.087045
323.000000,0.000000,-1.000000,-1.000000,0.000000,-1.000000,0.036004,-0.442281,0.291393,1.087202
325.000000,0.000000,-1.000000,-1.000000,0.000000,-1.000000,0.035137,-0.442448,0.292264,1.087272
326.000000,0.000000,-1.000000,-1.000000,0.000000,-1.000000,0.034433,-0.442696,0.292930,1.087502
328.000000,0.000000,-1.000000,-1.000000,0.000000,-1.000000,0.034066,-0.443033,0.293337,1.087342
329.000000,0.000000,-1.000000,-1.000000,0.000000,-1.000000,0.034505,-0.443117,0.292935,1.087124
330.000000,0.000000,-1.000000,-1.000000,0.000000,-1.000000,0.035183,-0.443144,0.292287,1.086913
332.000000,0.000000,-1.000000,-1.000000,0.000000,-1.000000,0.035562,-0.443247,0.291930,1.086765
333.000000,0.000000,-1.000000,-1.000000,0.000000,-1.000000,0.035629,-0.443309,0.291886,1.086646
335.000000,0.000000,-1.000000,-1.000000,0.000000,-1.000000,0.035612,-0.443166,0.291988,1.086280
336.000000,0.000000,-1.000000,-1.000000,0.000000,-1.000000,0.035581,-0.443358,0.292096,1.085925
338.000000,0.000000,-1.000000,-1.000000,0.000000,-1.000000,0.035768,-0.443283,0.291883,1.086025
339.000000,0.000000,-1.000000,-1.000000,0.000000,-1.000000,0.036259,-0.442887,0.291330,1.086277
341.000000,0.000000,-1.000000,-1.000000,0.000000,-1.000000,0.036874,-0.442544,0.290756,1.086047
342.000000,0.000000,-1.000000,-1.000000,0.000000,-1.000000,0.037090,-0.442440,0.290474,1.086327
344.000000,0.000000,-1.000000,-1.000000,0.000000,-1.000000,0.036785,-0.442413,0.290756,1.086461
345.000000,0.000000,-1.000000,-1.000000,0.000000,-1.000000,0.035907,-0.442495,0.291666,1.086410
346.000000,0.000000,-1.000000,-1.000000,0.000000,-1.000000,0.035160,-0.442699,0.292385,1.086606
348.000000,0.000000,-1.000000,-1.000000,0.000000,-1.000000,0.034497,-0.442918,0.292999,1.086888
349.000000,0.000000,-1.000000,-1.000000,0.000000,-1.000000,0.034388,-0.442914,0.293119,1.086848
350.000000,0.000000,-1.000000,-1.000000,0.000000,-1.000000,0.034496,-0.442551,0.292953,1.087117
352.000000,0.000000,-1.000000,-1.000000,0.000000,-1.000000,0.034613,-0.442034,0.292786,1.087367
353.000000,0.000000,-1.000000,-1.000000,0.000000,-1.000000,0.034663,-0.442514,0.292816,1.086970
355.000000,0.000000,-1.000000,-1.000000,0.000000,-1.000000,0.034576,-0.442950,0.292985,1.086580
356.000000,0.000000,-1.000000,-1.000000,0.000000,-1.000000,0.033991,-0.443519,0.293581,1.086561
358.000000,0.000000,-1.000000,-1.000000,0.000000,-1.000000,0.032947,-0.444320,0.294638,1.086566
359.000000,0.000000,-1.000000,-1.000000,0.000000,-1.000000,0.031979,-0.445469,0.295686,1.086245
361.000000,0.000000,-1.000000,-1.000000,0.000000,-1.000000,0.031525,-0.445752,0.296182,1.086089
362.000000,0.000000,-1.000000,-1.000000,0.000000,-1.000000,0.031552,-0.446100,0.296147,1.086098
363.000000,0.000000,-1.000000,-1.000000,0.000000,-1.000000,0.032029,-0.446251,0.295749,1.085681
365.000000,0.000000,-1.000000,-1.000000,0.000000,-1.000000,0.032768,-0.446269,0.295064,1.085357
366.000000,0.000000,-1.000000,-1.000000,0.000000,-1.000000,0.033509,-0.445840,0.294348,1.085188
368.000000,0.000000,-1.000000,-1.000000,0.000000,-1.000000,0.033810,-0.445166,0.294014,1.085347
369.000000,0.000000,-1.000000,-1.000000,0.000000,-1.000000,0.033524,-0.444363,0.294212,1.085825
370.000000,0.000000,-1.000000,-1.000000,0.000000,-1.000000,0.033441,-0.443514,0.294179,1.086408
372.000000,0.000000,-1.000000,-1.000000,0.000000,-1.000000,0.033663,-0.442554,0.293886,1.086760
373.000000,0.000000,-1.000000,-1.000000,0.000000,-1.000000,0.034366,-0.441673,0.293084,1.087183
375.000000,0.000000,-1.000000,-1.000000,0.000000,-1.000000,0.034955,-0.441122,0.292450,1.087358
376.000000,0.000000,-1.000000,-1.000000,0.000000,-1.000000,0.035496,-0.440431,0.291896,1.087397
378.000000,0.000000,-1.000000,-1.000000,0.000000,-1.000000,0.035398,-0.439844,0.291916,1.087796
379.000000,0.000000,-1.000000,-1.000000,0.000000,-1.000000,0.034990,-0.439545,0.292312,1.087914
380.000000,0.000000,-1.000000,-1.000000,0.000000,-1.000000,0.034935,-0.439335,0.292391,1.087824
382.000000,0.000000,-1.000000,-1.000000,0.000000,-1.000000,0.035179,-0.438843,0.292135,1.087884
383.000000,0.000000,-1.000000,-1.000000,0.000000,-1.000000,0.035770,-0.438773,0.291590,1.087615
385.000000,0.000000,-1.000000,-1.000000,0.000000,-1.000000,0.036239,-0.438905,0.291216,1.087132
386.000000,0.000000,-1.000000,-1.000000,0.000000,-1.000000,0.036912,-0.439063,0.290568,1.086932
387.000000,0.000000,-1.000000,-1.000000,0.000000,-1.000000,0.036640,-0.439312,0.290882,1.086758
389.000000,0.000000,-1.000000,-1.000000,0.000000,-1.000000,0.035911,-0.439861,0.291580,1.086945
390.000000,0.000000,-1.000000,-1.000000,0.000000,-1.000000,0.035215,-0.440240,0.292273,1.087013
391.000000,0.000000,-1.000000,-1.000000,0.000000,-1.000000,0.035343,-0.440349,0.292157,1.086939
393.000000,0.000000,-1.000000,-1.000000,0.000000,-1.000000,0.035368,-0.440490,0.292150,1.086841
395.000000,0.000000,-1.000000,-1.000000,0.000000,-1.000000,0.035747,-0.440701,0.291731,1.086971
396.000000,0.000000,-1.000000,-1.000000,0.000000,-1.000000,0.036598,-0.440540,0.290906,1.086767
398.000000,0.000000,-1.000000,-1.000000,0.000000,-1.000000,0.037466,-0.440272,0.290103,1.086401
399.000000,0.000000,-1.000000,-1.000000,0.000000,-1.000000,0.037626,-0.440312,0.289952,1.086335
401.000000,0.000000,-1.000000,-1.000000,0.000000,-1.000000,0.037560,-0.440025,0.289992,1.086477
402.000000,0.000000,-1.000000,-1.000000,0.000000,-1.000000,0.036994,-0.439502,0.290589,1.086434
404.000000,0.000000,-1.000000,-1.000000,0.000000,-1.000000,0.035851,-0.439133,0.291747,1.086515
405.000000,0.000000,-1.000000,-1.000000,0.000000,-1.000000,0.034421,-0.438734,0.293080,1.087136
407.000000,0.000000,-1.000000,-1.000000,0.000000,-1.000000,0.033273,-0.437884,0.294186,1.087505
408.000000,0.000000,-1.000000,-1.000000,0.000000,-1.000000,0.032280,-0.437244,0.295202,1.087553
410.000000,0.000000,-1.000000,-1.000000,0.000000,-1.000000,0.032010,-0.436992,0.295453,1.087681
412.000000,0.000000,-1.000000,-1.000000,0.000000,-1.000000,0.032453,-0.437428,0.294986,1.087714
413.000000,0.000000,-1.000000,-1.000000,0.000000,-1.000000,0.033594,-0.437609,0.293867,1.087477
415.000000,0.000000,-1.000000,-1.000000,0.000000,-1.000000,0.034257,-0.437782,0.293148,1.087641
416.000000,0.000000,-1.000000,-1.000000,0.000000,-1.000000,0.035289,-0.438014,0.292082,1.087667
418.000000,0.000000,-1.000000,-1.000000,0.000000,-1.000000,0.036261,-0.437851,0.291090,1.087659
419.000000,0.000000,-1.000000,-1.000000,0.000000,-1.000000,0.036819,-0.437086,0.290501,1.087787
421.000000,0.000000,-1.000000,-1.000000,0.000000,-1.000000,0.037165,-0.436404,0.290188,1.087644
422.000000,0.000000,-1.000000,-1.000000,0.000000,-1.000000,0.037948,-0.435924,0.289510,1.087117
424.000000,0.000000,-1.000000,-1.000000,0.000000,-1.000000,0.038391,-0.435443,0.289155,1.086704
425.000000,0.000000,-1.000000,-1.000000,0.000000,-1.000000,0.038819,-0.434966,0.288820,1.086265
426.000000,0.000000,-1.000000,-1.000000,0.000000,-1.000000,0.039272,-0.434798,0.288471,1.085763
428.000000,0.000000,-1.000000,-1.000000,0.000000,-1.000000,0.039201,-0.435017,0.288565,1.085653
429.000000,0.000000,-1.000000,-1.000000,0.000000,-1.000000,0.038998,-0.435383,0.288691,1.085997
431.000000,0.000000,-1.000000,-1.000000,0.000000,-1.000000,0.038133,-0.435746,0.289469,1.086464
432.000000,0.000000,-1.000000,-1.000000,0.000000,-1.000000,0.037449,-0.435940,0.290125,1.086650
434.000000,0.000000,-1.000000,-1.000000,0.000000,-1.000000,0.037283,-0.435500,0.290265,1.086813
435.000000,0.000000,-1.000000,-1.000000,0.000000,-1.000000,0.037452,-0.434486,0.290110,1.086796
436.000000,0.000000,-1.000000,-1.000000,0.000000,-1.000000,0.037873,-0.433429,0.289684,1.086838
438.000000,0.000000,-1.000000,-1.000000,0.000000,-1.000000,0.038865,-0.432476,0.288686,1.086818
439.000000,0.000000,-1.000000,-1.000000,0.000000,-1.000000,0.039406,-0.432030,0.288084,1.087063
441.000000,0.000000,-1.000000,-1.000000,0.000000,-1.000000,0.039498,-0.431917,0.287972,1.087145
442.000000,0.000000,-1.000000,-1.000000,0.000000,-1.000000,0.039527,-0.432210,0.287918,1.087233
444.000000,0.000000,-1.000000,-1.000000,0.000000,-1.000000,0.039333,-0.432828,0.288147,1.087060
445.000000,0.000000,-1.000000,-1.000000,0.000000,-1.000000,0.039337,-0.433438,0.288184,1.086840
446.000000,0.000000,-1.000000,-1.000000,0.000000,-1.000000,0.038914,-0.434009,0.288579,1.086971
448.000000,0.000000,-1.000000,-1.000000,0.000000,-1.000000,0.038796,-0.434493,0.288691,1.086981
449.000000,0.000000,-1.000000,-1.000000,0.000000,-1.000000,0.038935,-0.434955,0.288505,1.087148
451.000000,0.000000,-1.000000,-1.000000,0.000000,-1.000000,0.039104,-0.435019,0.288345,1.087087
452.000000,0.000000,-1.000000,-1.000000,0.000000,-1.000000,0.038868,-0.434863,0.288554,1.087243
454.000000,0.000000,-1.000000,-1.000000,0.000000,-1.000000,0.038879,-0.434416,0.288594,1.087041
455.000000,0.000000,-1.000000,-1.000000,0.000000,-1.000000,0.038793,-0.433961,0.288661,1.087164
456.000000,0.000000,-1.000000,-1.000000,0.000000,-1.000000,0.038473,-0.433648,0.288970,1.087271
458.000000,0.000000,-1.000000,-1.000000,0.000000,-1.000000,0.037453,-0.433254,0.289950,1.087588
459.000000,0.000000,-1.000000,-1.000000,0.000000,-1.000000,0.037225,-0.432840,0.290199,1.087545
461.000000,0.000000,-1.000000,-1.000000,0.000000,-1.000000,0.036940,-0.432621,0.290502,1.087508
462.000000,0.000000,-1.000000,-1.000000,0.000000,-1.000000,0.036423,-0.432397,0.291058,1.087405
463.000000,0.000000,-1.000000,-1.000000,0.000000,-1.000000,0.035944,-0.432212,0.291554,1.087396
465.000000,0.000000,-1.000000,-1.000000,0.000000,-1.000000,0.036350,-0.432181,0.291177,1.087222
466.000000,0.000000,-1.000000,-1.000000,0.000000,-1.000000,0.036329,-0.432395,0.291241,1.087016
468.000000,0.000000,-1.000000,-1.000000,0.000000,-1.000000,0.036911,-0.432685,0.290686,1.086816
469.000000,0.000000,-1.000000,-1.000000,0.000000,-1.000000,0.037567,-0.432950,0.290058,1.086600
471.000000,0.000000,-1.000000,-1.000000,0.000000,-1.000000,0.037912,-0.433032,0.289765,1.086324
472.000000,0.000000,-1.000000,-1.000000,0.000000,-1.000000,0.038291,-0.433180,0.289395,1.086230
474.000000,0.000000,-1.000000,-1.000000,0.000000,-1.000000,0.038848,-0.433192,0.288879,1.085986
475.000000,0.000000,-1.000000,-1.000000,0.000000,-1.000000,0.039002,-0.433004,0.288708,1.086057
477.000000,0.000000,-1.000000,-1.000000,0.000000,-1.000000,0.038839,-0.433231,0.288871,1.086059
478.000000,0.000000,-1.000000,-1.000000,0.000000,-1.000000,0.039446,-0.433249,0.288333,1.085679
480.000000,0.000000,-1.000000,-1.000000,0.000000,-1.000000,0.040048,-0.433246,0.287794,1.085331
481.000000,0.000000,-1.000000,-1.000000,0.000000,-1.000000,0.040323,-0.433070,0.287591,1.084990
483.000000,0.000000,-1.000000,-1.000000,0.000000,-1.000000,0.040332,-0.432918,0.287624,1.084808
484.000000,0.000000,-1.000000,-1.000000,0.000000,-1.000000,0.040356,-0.432416,0.287595,1.084863
485.000000,0.000000,-1.000000,-1.000000,0.000000,-1.000000,0.039649,-0.432298,0.288234,1.085250
487.000000,0.000000,-1.000000,-1.000000,0.000000,-1.000000,0.038642,-0.432281,0.289243,1.085355
488.000000,0.000000,-1.000000,-1.000000,0.000000,-1.000000,0.037815,-0.432511,0.289953,1.085957
490.000000,0.000000,-1.000000,-1.000000,0.000000,-1.000000,0.037357,-0.433000,0.290376,1.086135
491.000000,0.000000,-1.000000,-1.000000,0.000000,-1.000000,0.036915,-0.433582,0.290811,1.086176
493.000000,0.000000,-1.000000,-1.000000,0.000000,-1.000000,0.036244,-0.434189,0.291465,1.086287
494.000000,0.000000,-1.000000,-1.000000,0.000000,-1.000000,0.036434,-0.434592,0.291186,1.086641
496.000000,0.000000,-1.000000,-1.000000,0.000000,-1.000000,0.036719,-0.434893,0.290889,1.086645
497.000000,0.000000,-1.000000,-1.000000,0.000000,-1.000000,0.037404,-0.435067,0.290267,1.086273
499.000000,0.000000,-1.000000,-1.000000,0.000000,-1.000000,0.038365,-0.435271,0.289367,1.085881
500.000000,0.000000,-1.000000,-1.000000,0.000000,-1.000000,0.039704,-0.435218,0.288109,1.085376
501.000000,0.000000,-1.000000,-1.000000,0.000000,-1.000000,0.040062,-0.435355,0.287840,1.084926
503.000000,0.000000,-1.000000,-1.000000,0.000000,-1.000000,0.040453,-0.435335,0.287525,1.084544
504.000000,0.000000,-1.000000,-1.000000,0.000000,-1.000000,0.039961,-0.435248,0.287970,1.084816
506.000000,0.000000,-1.000000,-1.000000,0.000000,-1.000000,0.038811,-0.434920,0.289130,1.084918
507.000000,0.000000,-1.000000,-1.000000,0.000000,-1.000000,0.037125,-0.434939,0.290738,1.085452
508.000000,0.000000,-1.000000,-1.000000,0.000000,-1.000000,0.035729,-0.434897,0.292107,1.085735
510.000000,0.000000,-1.000000,-1.000000,0.000000,-1.000000,0.034272,-0.434944,0.293571,1.085860
511.000000,0.000000,-1.000000,-1.000000,0.000000,-1.000000,0.033284,-0.435014,0.294583,1.085856
513.000000,0.000000,-1.000000,-1.000000,0.000000,-1.000000,0.033387,-0.435266,0.294480,1.085829
514.000000,0.000000,-1.000000,-1.000000,0.000000,-1.000000,0.034470,-0.435176,0.293453,1.085462
515.000000,0.000000,-1.000000,-1.000000,0.000000,-1.000000,0.035586,-0.434985,0.292372,1.085198
517.000000,0.000000,-1.000000,-1.000000,0.000000,-1.000000,0.036373,-0.434917,0.291524,1.085387
518.000000,0.000000,-1.000000,-1.000000,0.000000,-1.000000,0.037678,-0.434375,0.290255,1.085115
520.000000,0.000000,-1.000000,-1.000000,0.000000,-1.000000,0.037629,-0.433884,0.290267,1.085317
521.000000,0.000000,-1.000000,-1.000000,0.000000,-1.000000,0.037274,-0.433313,0.290602,1.085485
523.000000,0.000000,-1.000000,-1.000000,0.000000,-1.000000,0.037142,-0.432889,0.290743,1.085482
524.000000,3.000000,0.000000,0.000000,0.001585,0.000000,0.037719,-0.432367,0.290194,1.085329
525.000000,1.000000,0.000000,0.000000,0.001194,0.000000,0.037745,-0.432227,0.290118,1.085556
527.000000,1.000000,0.000000,0.000000,0.001545,0.000000,0.038647,-0.431884,0.289284,1.085171
528.000000,1.000000,0.000000,0.000000,0.002160,0.000000,0.039668,-0.431629,0.288327,1.084786
530.000000,1.000000,0.000000,0.000000,0.002583,0.000000,0.040519,-0.431076,0.287510,1.084579
532.000000,1.000000,0.000000,0.000000,0.002324,0.000000,0.040789,-0.430557,0.287292,1.084348
534.000000,1.000000,0.000000,0.000000,0.002121,0.000000,0.040816,-0.429941,0.287355,1.083982
535.000000,1.000000,0.000000,0.000000,0.001776,0.000000,0.041042,-0.429570,0.287137,1.083946
537.000000,1.000000,0.000000,0.000000,0.001392,0.000000,0.041220,-0.429332,0.286945,1.083997
538.000000,1.000000,0.000000,0.000000,0.000000,0.000000,0.041106,-0.429559,0.287016,1.084190
540.000000,1.000000,0.000000,0.000000,0.000000,0.000000,0.040889,-0.429975,0.287187,1.084396
542.000000,1.000000,0.000000,0.000000,0.000000,0.000000,0.040973,-0.430372,0.287125,1.084266
543.000000,1.000000,0.000000,0.000000,0.001043,0.000000,0.041081,-0.430795,0.287005,1.084280
545.000000,1.000000,0.000000,0.000000,0.001087,0.000000,0.041391,-0.430931,0.286812,1.083707
546.000000,1.000000,0.000000,0.000000,0.001449,0.000000,0.041622,-0.430820,0.286773,1.082829
548.000000,1.000000,0.000000,0.000000,0.001673,0.000000,0.042000,-0.430558,0.286510,1.082290
550.000000,1.000000,0.000000,0.000000,0.001214,0.000000,0.042193,-0.430494,0.286285,1.082417
551.000000,1.000000,0.000000,0.000000,0.001176,0.000000,0.042431,-0.430217,0.286090,1.082218
553.000000,1.000000,0.000000,0.000000,0.000000,0.000000,0.042756,-0.430163,0.285741,1.082290
554.000000,1.000000,0.000000,0.000000,0.001436,0.000000,0.043555,-0.430028,0.284908,1.082363
556.000000,1.000000,0.000000,0.000000,0.002220,0.000000,0.044707,-0.430867,0.283884,1.081604
557.000000,1.000000,0.000000,0.000000,0.003971,0.000000,0.046771,-0.431660,0.281985,1.080589
559.000000,1.000000,0.000000,0.000000,0.005525,0.000000,0.049079,-0.432574,0.279793,1.079760
561.000000,1.000000,0.000000,0.000000,0.006365,0.000000,0.051082,-0.433632,0.277859,1.079156
562.000000,1.000000,0.000000,0.000000,0.006447,0.000000,0.052775,-0.434520,0.276213,1.078706
564.000000,1.000000,0.000000,0.000000,0.005512,0.000000,0.053975,-0.434684,0.274914,1.079003
565.000000,1.000000,0.000000,0.000000,0.004069,0.000000,0.054332,-0.435046,0.274427,1.079529
567.000000,1.000000,0.000000,0.000000,0.002495,0.000000,0.054030,-0.435089,0.274580,1.080222
568.000000,1.000000,0.000000,0.000000,0.001724,0.000000,0.053894,-0.434697,0.274612,1.080734
570.000000,1.000000,0.000000,0.000000,0.001505,0.000000,0.053882,-0.434490,0.274554,1.081056
571.000000,1.000000,0.000000,0.000000,0.001368,0.000000,0.053859,-0.433560,0.274675,1.080683
573.000000,1.000000,0.000000,0.000000,0.002085,0.000000,0.055111,-0.433061,0.273303,1.081112
574.000000,1.000000,0.000000,0.000000,0.003299,0.000000,0.056955,-0.432477,0.271521,1.080668
576.000000,1.000000,0.000000,0.000000,0.005409,0.000000,0.059764,-0.431738,0.268687,1.080514
578.000000,1.000000,0.000000,0.000000,0.009293,0.000000,0.064773,-0.430523,0.263625,1.080278
579.000000,1.000000,0.000000,0.000000,0.015364,0.000000,0.072903,-0.429191,0.255315,1.080269
581.000000,1.000000,0.000000,0.000000,0.021855,0.000000,0.082971,-0.426036,0.245381,1.078752
582.000000,1.000000,0.000000,0.000000,0.027845,0.000000,0.094295,-0.422776,0.234167,1.077214
584.000000,1.000000,0.000000,6.000000,0.032714,0.000000,0.106556,-0.419727,0.222055,1.075383
585.000000,1.000000,0.000000,6.000000,0.036794,0.000000,0.119850,-0.416324,0.208782,1.074036
587.000000,1.000000,0.000000,6.000000,0.038927,0.000000,0.132745,-0.412535,0.195793,1.073273
588.000000,1.000000,0.000000,6.000000,0.040036,0.000000,0.145320,-0.408546,0.182751,1.074230
590.000000,1.000000,0.000000,6.000000,0.042956,0.000000,0.159887,-0.403543,0.167600,1.075551
592.000000,1.000000,0.000000,6.000000,0.046864,0.000000,0.175393,-0.396576,0.151312,1.077784
593.000000,1.000000,0.000000,6.000000,0.050932,0.000000,0.191012,-0.387955,0.134645,1.081305
595.000000,1.000000,0.000000,6.000000,0.056906,0.000000,0.209634,-0.378626,0.115047,1.084212
597.000000,1.000000,0.000000,6.000000,0.062506,0.000000,0.228936,-0.367701,0.094738,1.087286
598.000000,1.000000,0.000000,6.000000,0.068904,0.000000,0.249704,-0.354964,0.072572,1.092067
600.000000,1.000000,0.000000,6.000000,0.072567,0.000000,0.269993,-0.342740,0.050937,1.096630
601.000000,1.000000,0.000000,6.000000,0.074103,0.000000,0.289480,-0.330675,0.030036,1.101582
603.000000,1.000000,0.000000,6.000000,0.073412,0.000000,0.306078,-0.317816,0.011558,1.108992
604.000000,1.000000,0.000000,6.000000,0.072850,0.000000,0.322125,-0.305180,-0.006786,1.118320
606.000000,1.000000,0.000000,6.000000,0.070601,0.000000,0.335766,-0.292387,-0.022710,1.127861
607.000000,1.000000,0.000000,6.000000,0.071868,0.000000,0.350118,-0.277830,-0.039786,1.139409
609.000000,1.000000,0.000000,6.000000,0.073958,0.000000,0.364054,-0.261775,-0.056480,1.151255
610.000000,1.000000,0.000000,6.000000,0.076564,0.000000,0.376995,-0.243533,-0.072195,1.163421
612.000000,1.000000,0.000000,6.000000,0.078730,0.000000,0.389819,-0.223675,-0.087430,1.174071
614.000000,1.000000,0.000000,6.000000,0.081782,0.000000,0.402691,-0.202850,-0.102974,1.185952
615.000000,1.000000,0.000000,6.000000,0.084148,0.000000,0.414688,-0.180993,-0.117708,1.198281
617.000000,1.000000,0.000000,6.000000,0.084097,0.000000,0.425779,-0.160955,-0.131605,1.210908
618.000000,1.000000,0.000000,6.000000,0.082948,0.000000,0.437504,-0.142648,-0.146230,1.223772
620.000000,1.000000,0.000000,6.000000,0.079058,0.000000,0.447760,-0.126886,-0.159291,1.236216
621.000000,1.000000,0.000000,6.000000,0.072964,0.000000,0.455520,-0.112842,-0.169676,1.248020
623.000000,1.000000,0.000000,6.000000,0.065441,0.000000,0.461482,-0.100789,-0.178000,1.258715
624.000000,1.000000,6.000000,6.000000,0.060231,0.000000,0.467281,-0.087733,-0.185973,1.268655
626.000000,1.000000,6.000000,6.000000,0.054859,0.000000,0.471816,-0.075190,-0.192288,1.276930
627.000000,1.000000,6.000000,6.000000,0.051756,0.000000,0.475964,-0.062436,-0.198244,1.285385
629.000000,1.000000,6.000000,6.000000,0.048529,0.000000,0.480483,-0.050921,-0.204273,1.292388
630.000000,1.000000,6.000000,6.000000,0.045036,0.000000,0.484427,-0.040622,-0.209592,1.298768
632.000000,1.000000,6.000000,6.000000,0.040054,0.000000,0.487908,-0.032253,-0.214169,1.303827
634.000000,1.000000,6.000000,6.000000,0.035958,0.000000,0.491984,-0.024552,-0.219231,1.308285
636.000000,1.000000,6.000000,6.000000,0.030789,0.000000,0.495149,-0.018593,-0.223152,1.311705
637.000000,1.000000,6.000000,6.000000,0.026487,0.000000,0.497490,-0.012807,-0.226103,1.314549
639.000000,1.000000,6.000000,6.000000,0.022196,0.000000,0.499774,-0.008457,-0.228849,1.316642
640.000000,1.000000,6.000000,6.000000,0.018227,0.000000,0.501654,-0.005161,-0.231107,1.318339
642.000000,1.000000,6.000000,6.000000,0.013190,0.000000,0.501788,-0.003763,-0.231578,1.319924
644.000000,1.000000,6.000000,6.000000,0.009291,0.000000,0.502158,-0.002724,-0.232141,1.320815
645.000000,1.000000,6.000000,6.000000,0.005990,0.000000,0.502493,-0.003171,-0.232775,1.322090
647.000000,1.000000,6.000000,6.000000,0.003861,0.000000,0.501993,-0.003350,-0.232468,1.322999
649.000000,1.000000,6.000000,6.000000,0.003433,0.000000,0.501216,-0.003433,-0.231954,1.324260
651.000000,1.000000,6.000000,6.000000,0.002859,0.000000,0.500857,-0.003325,-0.231714,1.324837
652.000000,1.000000,6.000000,6.000000,0.002171,0.000000,0.501279,-0.003103,-0.232217,1.325169
654.000000,1.000000,6.000000,6.000000,0.001437,0.000000,0.501875,-0.002264,-0.232725,1.324761
656.000000,1.000000,6.000000,6.000000,0.002451,0.000000,0.503213,-0.001385,-0.233960,1.324208
657.000000,1.000000,6.000000,6.000000,0.003741,0.000000,0.504570,-0.000413,-0.235124,1.323253
659.000000,1.000000,6.000000,6.000000,0.004429,0.000000,0.505679,0.000540,-0.236056,1.322396
660.000000,1.000000,6.000000,6.000000,0.004551,0.000000,0.505378,0.002470,-0.235641,1.322042
662.000000,1.000000,6.000000,6.000000,0.004980,0.000000,0.505029,0.004398,-0.235134,1.321495
663.000000,1.000000,6.000000,6.000000,0.005090,0.000000,0.504556,0.005798,-0.234474,1.320796
665.000000,1.000000,6.000000,6.000000,0.004453,0.000000,0.504039,0.006511,-0.233870,1.320510
666.000000,1.000000,6.000000,6.000000,0.003935,0.000000,0.503323,0.007187,-0.233093,1.320356
668.000000,1.000000,6.000000,6.000000,0.002288,0.000000,0.502941,0.006738,-0.232753,1.320556
669.000000,1.000000,6.000000,6.000000,0.001231,0.000000,0.502838,0.005739,-0.232819,1.321264
671.000000,1.000000,6.000000,6.000000,0.001855,0.000000,0.503139,0.005329,-0.233345,1.322214
672.000000,1.000000,6.000000,6.000000,0.002362,0.000000,0.503191,0.005721,-0.233619,1.323227
674.000000,1.000000,6.000000,6.000000,0.003225,0.000000,0.503223,0.005829,-0.233961,1.324622
675.000000,1.000000,6.000000,6.000000,0.003434,0.000000,0.503344,0.005992,-0.234313,1.325656
677.000000,1.000000,6.000000,6.000000,0.003454,0.000000,0.503274,0.006052,-0.234478,1.326724
678.000000,1.000000,6.000000,6.000000,0.003140,0.000000,0.503395,0.005487,-0.234784,1.327499
680.000000,1.000000,6.000000,6.000000,0.002903,0.000000,0.503606,0.004407,-0.235110,1.327926
681.000000,1.000000,6.000000,6.000000,0.003037,0.000000,0.503367,0.003306,-0.235002,1.328471
683.000000,1.000000,6.000000,6.000000,0.003570,0.000000,0.503092,0.002001,-0.234881,1.329110
684.000000,1.000000,6.000000,6.000000,0.003879,0.000000,0.502988,0.000824,-0.234936,1.329761
686.000000,1.000000,6.000000,6.000000,0.005267,0.000000,0.502167,-0.001292,-0.234458,1.331253
687.000000,1.000000,6.000000,6.000000,0.004584,0.000000,0.502228,-0.002144,-0.234595,1.331537
689.000000,1.000000,6.000000,6.000000,0.005746,0.000000,0.501066,-0.004159,-0.233801,1.333188
690.000000,1.000000,6.000000,6.000000,0.006566,0.000000,0.499585,-0.006037,-0.232640,1.334668
692.000000,1.000000,6.000000,6.000000,0.005861,0.000000,0.497592,-0.006188,-0.230726,1.335230
693.000000,1.000000,6.000000,6.000000,0.004930,0.000000,0.495921,-0.005338,-0.229020,1.335315
694.000000,1.000000,6.000000,6.000000,0.004882,0.000000,0.494410,-0.005027,-0.227477,1.335357
696.000000,1.000000,6.000000,6.000000,0.003074,0.000000,0.496083,-0.003273,-0.228777,1.333608
697.000000,1.000000,6.000000,6.000000,0.005140,0.000000,0.498432,-0.001410,-0.230680,1.331465
699.000000,1.000000,6.000000,6.000000,0.006987,0.000000,0.501802,-0.000955,-0.233783,1.329927
700.000000,1.000000,6.000000,6.000000,0.008969,0.000000,0.505073,-0.000333,-0.236688,1.327959
702.000000,1.000000,6.000000,6.000000,0.009356,0.000000,0.507446,0.000049,-0.238715,1.326173
703.000000,1.000000,6.000000,6.000000,0.008494,0.000000,0.508285,0.000899,-0.238960,1.323467
705.000000,1.000000,6.000000,6.000000,0.007737,0.000000,0.507514,0.001069,-0.237481,1.320389
706.000000,1.000000,6.000000,6.000000,0.009010,0.000000,0.505025,0.000704,-0.234197,1.317080
707.000000,1.000000,6.000000,6.000000,0.013051,0.000000,0.502531,0.001003,-0.230471,1.311848
709.000000,1.000000,6.000000,6.000000,0.016398,0.000000,0.499958,0.001152,-0.226603,1.306334
710.000000,1.000000,6.000000,6.000000,0.020075,0.000000,0.497197,0.001308,-0.222197,1.299266
712.000000,1.000000,6.000000,6.000000,0.023220,0.000000,0.496239,0.003418,-0.219261,1.290633
713.000000,1.000000,6.000000,6.000000,0.027351,0.000000,0.496334,0.007286,-0.216950,1.280078
715.000000,1.000000,6.000000,6.000000,0.031834,0.000000,0.496662,0.011870,-0.214598,1.268314
716.000000,1.000000,6.000000,6.000000,0.037552,0.000000,0.496555,0.017678,-0.211355,1.254629
718.000000,1.000000,6.000000,6.000000,0.043427,0.000000,0.495449,0.023994,-0.206733,1.239378
719.000000,1.000000,6.000000,6.000000,0.049576,0.000000,0.492326,0.030664,-0.199684,1.222541
721.000000,1.000000,6.000000,3.000000,0.056570,0.000000,0.487917,0.038786,-0.190874,1.203797
722.000000,1.000000,6.000000,3.000000,0.063192,0.000000,0.480883,0.048144,-0.179309,1.184848
723.000000,1.000000,6.000000,3.000000,0.069428,0.000000,0.471270,0.057841,-0.165011,1.165510
725.000000,1.000000,6.000000,3.000000,0.074445,0.000000,0.460987,0.069036,-0.150055,1.146400
727.000000,1.000000,6.000000,3.000000,0.078439,0.000000,0.449764,0.081579,-0.134185,1.127589
728.000000,1.000000,6.000000,3.000000,0.081201,0.000000,0.437134,0.093831,-0.116970,1.109197
730.000000,1.000000,6.000000,3.000000,0.083757,0.000000,0.423114,0.106208,-0.098318,1.090753
731.000000,1.000000,6.000000,3.000000,0.086540,0.000000,0.407969,0.120180,-0.078560,1.072621
733.000000,1.000000,6.000000,3.000000,0.089480,0.000000,0.390048,0.134359,-0.056242,1.055779
735.000000,1.000000,6.000000,3.000000,0.092371,0.000000,0.369036,0.148692,-0.031239,1.041108
736.000000,1.000000,6.000000,3.000000,0.095494,0.000000,0.344667,0.163470,-0.003442,1.029366
738.000000,1.000000,6.000000,3.000000,0.096888,0.000000,0.318278,0.176729,0.025595,1.021246
740.000000,1.000000,6.000000,3.000000,0.097229,0.000000,0.289788,0.187377,0.056025,1.016367
741.000000,1.000000,6.000000,3.000000,0.096055,0.000000,0.259695,0.194951,0.086935,1.016511
743.000000,1.000000,6.000000,3.000000,0.095439,0.000000,0.228354,0.198853,0.118738,1.018152
744.000000,1.000000,6.000000,3.000000,0.094012,0.000000,0.197534,0.198800,0.149650,1.021138
746.000000,1.000000,6.000000,3.000000,0.092393,0.000000,0.167744,0.197620,0.179375,1.024652
747.000000,1.000000,6.000000,3.000000,0.086824,0.000000,0.142364,0.195708,0.204477,1.028584
749.000000,1.000000,3.000000,3.000000,0.077516,0.000000,0.122085,0.194196,0.224800,1.030529
750.000000,1.000000,3.000000,3.000000,0.064017,0.000000,0.107839,0.193585,0.238683,1.033697
752.000000,1.000000,3.000000,3.000000,0.048055,0.000000,0.099561,0.193784,0.246771,1.035477
753.000000,1.000000,3.000000,3.000000,0.031770,0.000000,0.096173,0.193954,0.250034,1.036421
755.000000,1.000000,3.000000,3.000000,0.018546,0.000000,0.095062,0.194363,0.251062,1.036945
757.000000,1.000000,3.000000,3.000000,0.008523,0.000000,0.095660,0.194342,0.250700,1.035816
758.000000,1.000000,3.000000,3.000000,0.002941,0.000000,0.097555,0.194198,0.249298,1.033391
760.000000,1.000000,3.000000,3.000000,0.004237,0.000000,0.098705,0.194331,0.248541,1.031506
762.000000,1.000000,3.000000,3.000000,0.005231,0.000000,0.099183,0.194665,0.248432,1.029821
763.000000,1.000000,3.000000,3.000000,0.004942,0.000000,0.098875,0.194695,0.249021,1.028599
765.000000,1.000000,3.000000,3.000000,0.005179,0.000000,0.096956,0.196174,0.251273,1.027408
766.000000,1.000000,3.000000,3.000000,0.007581,0.000000,0.094408,0.197836,0.254363,1.025367
768.000000,1.000000,3.000000,3.000000,0.009608,0.000000,0.092268,0.199371,0.257120,1.022930
770.000000,1.000000,3.000000,3.000000,0.010840,0.000000,0.090863,0.200602,0.259267,1.019834
771.000000,1.000000,3.000000,3.000000,0.011722,0.000000,0.090052,0.201935,0.260930,1.016190
773.000000,1.000000,3.000000,3.000000,0.010205,0.000000,0.091120,0.202253,0.260459,1.013414
775.000000,1.000000,3.000000,3.000000,0.009186,0.000000,0.094126,0.203638,0.257944,1.010965
777.000000,1.000000,3.000000,3.000000,0.011886,0.000000,0.098190,0.204007,0.254932,1.005824
778.000000,1.000000,3.000000,3.000000,0.015529,0.000000,0.102915,0.206344,0.251400,1.000097
780.000000,1.000000,3.000000,3.000000,0.019819,0.000000,0.107710,0.212123,0.247944,0.993926
781.000000,1.000000,3.000000,3.000000,0.022608,0.000000,0.111033,0.216842,0.246134,0.987074
783.000000,1.000000,3.000000,3.000000,0.022420,0.000000,0.110929,0.220721,0.247612,0.981164
785.000000,1.000000,3.000000,3.000000,0.020192,0.000000,0.107012,0.226096,0.252101,0.979370
786.000000,2.000000,3.000000,3.000000,0.019559,0.000000,0.098343,0.229684,0.260862,0.980144
788.000000,0.000000,3.000000,3.000000,0.000000,0.000000,0.087438,0.229068,0.272284,0.978991
789.000000,0.000000,3.000000,3.000000,0.000000,0.000000,0.075473,0.228892,0.285157,0.976234
791.000000,0.000000,3.000000,3.000000,0.000000,0.000000,0.064211,0.227733,0.297600,0.972108
792.000000,0.000000,3.000000,3.000000,0.000000,0.000000,0.055422,0.225884,0.307626,0.967416
794.000000,0.000000,3.000000,3.000000,0.000000,0.000000,0.050335,0.223925,0.313999,0.962089
796.000000,0.000000,3.000000,3.000000,0.000000,0.000000,0.047165,0.223442,0.317876,0.959237
797.000000,0.000000,3.000000,3.000000,0.000000,0.000000,0.045594,0.223608,0.319619,0.958649
799.000000,0.000000,3.000000,3.000000,0.000000,0.000000,0.044618,0.224194,0.320639,0.958596
800.000000,0.000000,3.000000,3.000000,0.000000,0.000000,0.043500,0.225029,0.321763,0.958743
802.000000,0.000000,3.000000,3.000000,0.000000,0.000000,0.042726,0.226039,0.322675,0.958278
803.000000,0.000000,3.000000,3.000000,0.000000,0.000000,0.042142,0.226348,0.323378,0.957827
805.000000,0.000000,3.000000,3.000000,0.000000,0.000000,0.041788,0.226564,0.323828,0.957449
807.000000,0.000000,3.000000,3.000000,0.000000,0.000000,0.041569,0.226488,0.324041,0.957496
808.000000,0.000000,3.000000,3.000000,0.000000,0.000000,0.041770,0.226045,0.323954,0.956930
810.000000,0.000000,3.000000,3.000000,0.000000,0.000000,0.041929,0.225488,0.323902,0.956398
812.000000,0.000000,3.000000,3.000000,0.000000,0.000000,0.042065,0.224574,0.323886,0.955787
813.000000,0.000000,3.000000,3.000000,0.000000,0.000000,0.042250,0.223551,0.323786,0.955320
815.000000,0.000000,3.000000,3.000000,0.000000,0.000000,0.042610,0.222787,0.323462,0.955076
817.000000,0.000000,3.000000,3.000000,0.000000,0.000000,0.042909,0.222192,0.323171,0.954967
818.000000,0.000000,3.000000,3.000000,0.000000,0.000000,0.043105,0.221669,0.322958,0.954986
820.000000,0.000000,3.000000,3.000000,0.000000,0.000000,0.043392,0.221473,0.322643,0.955069
822.000000,0.000000,3.000000,3.000000,0.000000,0.000000,0.043543,0.221528,0.322474,0.955137
823.000000,0.000000,3.000000,3.000000,0.000000,0.000000,0.043668,0.221403,0.322400,0.954886
825.000000,0.000000,3.000000,3.000000,0.000000,0.000000,0.043688,0.221313,0.322394,0.954816
827.000000,0.000000,3.000000,3.000000,0.000000,0.000000,0.043705,0.221174,0.322382,0.954782
828.000000,0.000000,3.000000,3.000000,0.000000,0.000000,0.043623,0.220811,0.322560,0.954338
830.000000,0.000000,3.000000,3.000000,0.000000,0.000000,0.043646,0.220395,0.322618,0.953950
831.000000,0.000000,3.000000,3.000000,0.000000,0.000000,0.043538,0.220144,0.322768,0.953755
833.000000,0.000000,3.000000,3.000000,0.000000,0.000000,0.043440,0.219933,0.322915,0.953530
834.000000,0.000000,3.000000,3.000000,0.000000,0.000000,0.043277,0.219759,0.323116,0.953367
836.000000,0.000000,3.000000,3.000000,0.000000,0.000000,0.043110,0.219763,0.323253,0.953521
837.000000,0.000000,3.000000,3.000000,0.000000,0.000000,0.043175,0.219804,0.323203,0.953446
839.000000,0.000000,3.000000,3.000000,0.000000,0.000000,0.043228,0.219743,0.323168,0.953363
840.000000,0.000000,3.000000,3.000000,0.000000,0.000000,0.043296,0.219747,0.323107,0.953319
841.000000,0.000000,3.000000,3.000000,0.000000,0.000000,0.043539,0.219733,0.322885,0.953201
843.000000,0.000000,3.000000,3.000000,0.000000,0.000000,0.043721,0.219803,0.322714,0.953135
844.000000,0.000000,3.000000,3.000000,0.000000,0.000000,0.043632,0.219705,0.322744,0.953401
846.000000,0.000000,3.000000,3.000000,0.000000,0.000000,0.043546,0.219775,0.322826,0.953437
847.000000,0.000000,3.000000,3.000000,0.000000,0.000000,0.043567,0.219834,0.322803,0.953448
849.000000,0.000000,3.000000,3.000000,0.000000,0.000000,0.043575,0.219729,0.322840,0.953232
850.000000,0.000000,3.000000,3.000000,0.000000,0.000000,0.043740,0.219734,0.322749,0.952887
852.000000,0.000000,3.000000,3.000000,0.000000,0.000000,0.044016,0.219745,0.322619,0.952200
853.000000,0.000000,3.000000,3.000000,0.000000,0.000000,0.044111,0.219517,0.322479,0.952379
855.000000,0.000000,3.000000,3.000000,0.000000,0.000000,0.044027,0.219310,0.322509,0.952619
856.000000,0.000000,3.000000,3.000000,0.000000,0.000000,0.043881,0.219569,0.322580,0.952984
858.000000,0.000000,3.000000,3.000000,0.000000,0.000000,0.043688,0.219589,0.322664,0.953493
859.000000,0.000000,3.000000,3.000000,0.000000,0.000000,0.043286,0.219633,0.322910,0.954243
861.000000,0.000000,3.000000,3.000000,0.000000,0.000000,0.043173,0.219596,0.323050,0.954132
862.000000,0.000000,3.000000,3.000000,0.000000,0.000000,0.043283,0.219651,0.322957,0.954049
864.000000,0.000000,3.000000,3.000000,0.000000,0.000000,0.043396,0.219448,0.322842,0.954032
865.000000,0.000000,3.000000,3.000000,0.000000,0.000000,0.043878,0.219272,0.322412,0.953732
867.000000,0.000000,3.000000,3.000000,0.000000,0.000000,0.044345,0.219175,0.322021,0.953330
868.000000,0.000000,3.000000,3.000000,0.000000,0.000000,0.044571,0.219003,0.321823,0.953171
870.000000,0.000000,3.000000,3.000000,0.000000,0.000000,0.044694,0.219008,0.321753,0.952919
871.000000,0.000000,3.000000,3.000000,0.000000,0.000000,0.044890,0.219094,0.321590,0.952757
873.000000,0.000000,3.000000,3.000000,0.000000,0.000000,0.044603,0.219364,0.321847,0.952939
874.000000,0.000000,3.000000,3.000000,0.000000,0.000000,0.044243,0.219215,0.322130,0.953314
876.000000,0.000000,3.000000,3.000000,0.000000,0.000000,0.044152,0.219192,0.322193,0.953449
877.000000,0.000000,3.000000,3.000000,0.000000,0.000000,0.044115,0.219472,0.322232,0.953464
879.000000,0.000000,3.000000,3.000000,0.000000,0.000000,0.044019,0.219131,0.322325,0.953468
880.000000,0.000000,3.000000,3.000000,0.000000,0.000000,0.044088,0.218850,0.322278,0.953342
882.000000,0.000000,3.000000,3.000000,0.000000,0.000000,0.044419,0.218855,0.321990,0.953114
883.000000,0.000000,3.000000,3.000000,0.000000,0.000000,0.044535,0.219113,0.321857,0.953192
885.000000,0.000000,3.000000,3.000000,0.000000,0.000000,0.044653,0.218810,0.321727,0.953217
886.000000,0.000000,3.000000,3.000000,0.000000,0.000000,0.044729,0.218973,0.321639,0.953269
888.000000,0.000000,3.000000,3.000000,0.000000,0.000000,0.044873,0.218889,0.321539,0.953052
889.000000,0.000000,3.000000,3.000000,0.000000,0.000000,0.044843,0.218912,0.321591,0.952958
891.000000,0.000000,3.000000,3.000000,0.000000,0.000000,0.044702,0.218979,0.321816,0.952601
892.000000,0.000000,3.000000,3.000000,0.000000,0.000000,0.044508,0.219254,0.322031,0.952544
894.000000,0.000000,3.000000,3.000000,0.000000,0.000000,0.044391,0.219572,0.322258,0.952088
895.000000,0.000000,3.000000,3.000000,0.000000,0.000000,0.044148,0.219711,0.322505,0.952102
897.000000,0.000000,3.000000,3.000000,0.000000,0.000000,0.044034,0.219989,0.322650,0.951991
898.000000,0.000000,3.000000,3.000000,0.000000,0.000000,0.044117,0.220140,0.322553,0.952054
900.000000,0.000000,3.000000,3.000000,0.000000,0.000000,0.044320,0.219915,0.322414,0.951733
901.000000,0.000000,3.000000,3.000000,0.000000,0.000000,0.044426,0.219725,0.322281,0.951831
903.000000,0.000000,3.000000,3.000000,0.000000,0.000000,0.044599,0.219840,0.322094,0.951882
904.000000,0.000000,3.000000,3.000000,0.000000,0.000000,0.044713,0.219859,0.321992,0.951816
906.000000,0.000000,3.000000,3.000000,0.000000,0.000000,0.044891,0.219715,0.321762,0.952022
907.000000,0.000000,3.000000,3.000000,0.000000,0.000000,0.044923,0.219736,0.321627,0.952479
909.000000,0.000000,3.000000,3.000000,0.000000,0.000000,0.045163,0.219713,0.321424,0.952289
910.000000,0.000000,3.000000,3.000000,0.000000,0.000000,0.045263,0.219401,0.321371,0.952049
912.000000,0.000000,3.000000,3.000000,0.000000,0.000000,0.045292,0.219266,0.321340,0.952043
913.000000,0.000000,3.000000,3.000000,0.000000,0.000000,0.045357,0.219349,0.321326,0.951815
915.000000,0.000000,3.000000,3.000000,0.000000,0.000000,0.045403,0.219220,0.321344,0.951513
916.000000,0.000000,3.000000,3.000000,0.000000,0.000000,0.045128,0.219217,0.321591,0.951669
918.000000,0.000000,3.000000,3.000000,0.000000,0.000000,0.044981,0.219605,0.321631,0.952187
920.000000,0.000000,3.000000,3.000000,0.000000,0.000000,0.045001,0.219664,0.321612,0.952182
921.000000,0.000000,3.000000,3.000000,0.000000,0.000000,0.044962,0.219910,0.321654,0.952191
923.000000,0.000000,3.000000,3.000000,0.000000,0.000000,0.044846,0.220301,0.321702,0.952531
924.000000,0.000000,3.000000,3.000000,0.000000,0.000000,0.044973,0.220494,0.321514,0.952807
926.000000,0.000000,3.000000,3.000000,0.000000,0.000000,0.045021,0.220300,0.321536,0.952473
927.000000,0.000000,3.000000,3.000000,0.000000,0.000000,0.044895,0.220160,0.321634,0.952606
929.000000,0.000000,3.000000,3.000000,0.000000,0.000000,0.044834,0.219928,0.321732,0.952428
930.000000,0.000000,3.000000,3.000000,0.000000,0.000000,0.044686,0.219881,0.321948,0.952138
932.000000,0.000000,3.000000,3.000000,0.000000,0.000000,0.044487,0.219940,0.322145,0.952170
933.000000,0.000000,3.000000,3.000000,0.000000,0.000000,0.044128,0.220285,0.322467,0.952399
935.000000,0.000000,3.000000,3.000000,0.000000,0.000000,0.043982,0.220612,0.322624,0.952392
936.000000,0.000000,3.000000,3.000000,0.000000,0.000000,0.043675,0.220899,0.322939,0.952407
938.000000,0.000000,3.000000,3.000000,0.000000,0.000000,0.043390,0.221148,0.323182,0.952640
939.000000,0.000000,3.000000,3.000000,0.000000,0.000000,0.043411,0.221146,0.323203,0.952449
941.000000,0.000000,3.000000,3.000000,0.000000,0.000000,0.043582,0.220965,0.323098,0.952120
942.000000,0.000000,3.000000,3.000000,0.000000,0.000000,0.043609,0.220756,0.323073,0.952097
944.000000,0.000000,3.000000,3.000000,0.000000,0.000000,0.043667,0.220496,0.322960,0.952319
945.000000,0.000000,3.000000,3.000000,0.000000,0.000000,0.043977,0.219998,0.322674,0.952149
947.000000,0.000000,3.000000,3.000000,0.000000,0.000000,0.043972,0.219939,0.322681,0.952139
948.000000,0.000000,3.000000,3.000000,0.000000,0.000000,0.043979,0.219984,0.322665,0.952183
950.000000,0.000000,3.000000,3.000000,0.000000,0.000000,0.044121,0.219977,0.322538,0.952097
951.000000,0.000000,3.000000,3.000000,0.000000,0.000000,0.044229,0.219892,0.322482,0.951848
953.000000,0.000000,3.000000,3.000000,0.000000,0.000000,0.044247,0.219738,0.322476,0.951780
955.000000,0.000000,3.000000,3.000000,0.000000,0.000000,0.044154,0.219600,0.322572,0.951768
958.000000,0.000000,3.000000,3.000000,0.000000,0.000000,0.044062,0.219432,0.322651,0.951826
960.000000,0.000000,3.000000,3.000000,0.000000,0.000000,0.043894,0.219252,0.322820,0.951826
962.000000,0.000000,3.000000,3.000000,0.000000,0.000000,0.043864,0.219236,0.322808,0.952019
964.000000,0.000000,3.000000,3.000000,0.000000,0.000000,0.043855,0.219490,0.322823,0.952010
966.000000,0.000000,3.000000,3.000000,0.000000,0.000000,0.043703,0.219242,0.322900,0.952349
968.000000,0.000000,3.000000,3.000000,0.000000,0.000000,0.043597,0.219155,0.322981,0.952466
970.000000,0.000000,3.000000,3.000000,0.000000,0.000000,0.043596,0.219101,0.322896,0.952848
971.000000,0.000000,3.000000,3.000000,0.000000,0.000000,0.043352,0.219023,0.323096,0.953068
973.000000,0.000000,3.000000,3.000000,0.000000,0.000000,0.043063,0.218978,0.323288,0.953533
975.000000,0.000000,3.000000,3.000000,0.000000,0.000000,0.043107,0.219110,0.323200,0.953735
976.000000,0.000000,3.000000,3.000000,0.000000,0.000000,0.042985,0.219189,0.323232,0.954157
978.000000,0.000000,3.000000,3.000000,0.000000,0.000000,0.042910,0.219315,0.323321,0.954107
979.000000,0.000000,3.000000,3.000000,0.000000,0.000000,0.043097,0.219248,0.323079,0.954328
981.000000,0.000000,3.000000,3.000000,0.000000,0.000000,0.043138,0.219155,0.323037,0.954321
983.000000,0.000000,3.000000,3.000000,0.000000,0.000000,0.042951,0.219317,0.323239,0.954286
984.000000,0.000000,3.000000,3.000000,0.000000,0.000000,0.042969,0.219421,0.323237,0.954218
986.000000,0.000000,3.000000,3.000000,0.000000,0.000000,0.043054,0.219529,0.323171,0.954128
987.000000,0.000000,3.000000,3.000000,0.000000,0.000000,0.043067,0.219466,0.323185,0.954005
989.000000,0.000000,3.000000,3.000000,0.000000,0.000000,0.043381,0.219247,0.322894,0.953853
990.000000,0.000000,3.000000,3.000000,0.000000,0.000000,0.043933,0.219052,0.322325,0.953858
992.000000,0.000000,3.000000,3.000000,0.000000,0.000000,0.044320,0.219023,0.321871,0.954114
993.000000,0.000000,3.000000,3.000000,0.000000,0.000000,0.044525,0.218770,0.321640,0.954187
995.000000,0.000000,3.000000,3.000000,0.000000,0.000000,0.044812,0.218516,0.321415,0.953862
996.000000,0.000000,3.000000,3.000000,0.000000,0.000000,0.044929,0.218574,0.321284,0.953918
998.000000,0.000000,3.000000,3.000000,0.000000,0.000000,0.044783,0.218411,0.321433,0.953911
999.000000,0.000000,3.000000,3.000000,0.000000,0.000000,0.044819,0.218382,0.321464,0.953604
