69.000000,0.000000,-1.000000,-1.000000,0.000000,-1.000000,0.056361,-0.441161,0.273230,1.075184
71.000000,0.000000,-1.000000,-1.000000,0.000000,-1.000000,0.053660,-0.439069,0.275111,1.079292
72.000000,0.000000,-1.000000,-1.000000,0.000000,-1.000000,0.051208,-0.438224,0.277311,1.080744
74.000000,0.000000,-1.000000,-1.000000,0.000000,-1.000000,0.048999,-0.438098,0.279329,1.081854
76.000000,0.000000,-1.000000,-1.000000,0.000000,-1.000000,0.047330,-0.437763,0.280798,1.082958
77.000000,0.000000,-1.000000,-1.000000,0.000000,-1.000000,0.043971,-0.436997,0.283664,1.085593
79.000000,0.000000,-1.000000,-1.000000,0.000000,-1.000000,0.041044,-0.437770,0.286495,1.086293
81.000000,0.000000,-1.000000,-1.000000,0.000000,-1.000000,0.038505,-0.438719,0.288860,1.087295
82.000000,0.000000,-1.000000,-1.000000,0.000000,-1.000000,0.037014,-0.439704,0.290226,1.087959
84.000000,0.000000,-1.000000,-1.000000,0.000000,-1.000000,0.036715,-0.440984,0.290486,1.088088
85.000000,0.000000,-1.000000,-1.000000,0.000000,-1.000000,0.035966,-0.442623,0.291140,1.088492
87.000000,0.000000,-1.000000,-1.000000,0.000000,-1.000000,0.036139,-0.443658,0.290821,1.089064
88.000000,0.000000,-1.000000,-1.000000,0.000000,-1.000000,0.036841,-0.444955,0.290064,1.089149
90.000000,0.000000,-1.000000,-1.000000,0.000000,-1.000000,0.037152,-0.446278,0.289717,1.089193
92.000000,0.000000,-1.000000,-1.000000,0.000000,-1.000000,0.036515,-0.447562,0.290248,1.089655
93.000000,0.000000,-1.000000,-1.000000,0.000000,-1.000000,0.036391,-0.448595,0.290353,1.089691
95.000000,0.000000,-1.000000,-1.000000,0.000000,-1.000000,0.036454,-0.449533,0.290272,1.089706
96.000000,0.000000,-1.000000,-1.000000,0.000000,-1.000000,0.036461,-0.449769,0.290175,1.090095
98.000000,0.000000,-1.000000,-1.000000,0.000000,-1.000000,0.037079,-0.449822,0.289492,1.090309
100.000000,0.000000,-1.000000,-1.000000,0.000000,-1.000000,0.037798,-0.450039,0.288718,1.090466
101.000000,0.000000,-1.000000,-1.000000,0.000000,-1.000000,0.038853,-0.449643,0.287672,1.090335
103.000000,0.000000,-1.000000,-1.000000,0.000000,-1.000000,0.039460,-0.449236,0.287051,1.090356
104.000000,0.000000,-1.000000,-1.000000,0.000000,-1.000000,0.040111,-0.448968,0.286429,1.090172
106.000000,0.000000,-1.000000,-1.000000,0.000000,-1.000000,0.040308,-0.448454,0.286209,1.090286
107.000000,0.000000,-1.000000,-1.000000,0.000000,-1.000000,0.040105,-0.448860,0.286080,1.091766
109.000000,0.000000,-1.000000,-1.000000,0.000000,-1.000000,0.038314,-0.450395,0.287081,1.095412
110.000000,0.000000,-1.000000,-1.000000,0.000000,-1.000000,0.035936,-0.451319,0.288579,1.099565
112.000000,0.000000,-1.000000,-1.000000,0.000000,-1.000000,0.032918,-0.452001,0.290723,1.103776
113.000000,0.000000,-1.000000,-1.000000,0.000000,-1.000000,0.029965,-0.452520,0.292903,1.107537
114.000000,0.000000,-1.000000,-1.000000,0.000000,-1.000000,0.027181,-0.451719,0.295229,1.109948
116.000000,0.000000,-1.000000,-1.000000,0.000000,-1.000000,0.025790,-0.450401,0.296579,1.110371
117.000000,0.000000,-1.000000,-1.000000,0.000000,-1.000000,0.024813,-0.449720,0.297589,1.110372
119.000000,0.000000,-1.000000,-1.000000,0.000000,-1.000000,0.024805,-0.449474,0.297578,1.110475
120.000000,0.000000,-1.000000,-1.000000,0.000000,-1.000000,0.024761,-0.449534,0.297614,1.110514
122.000000,0.000000,-1.000000,-1.000000,0.000000,-1.000000,0.025031,-0.450069,0.297355,1.110396
123.000000,0.000000,-1.000000,-1.000000,0.000000,-1.000000,0.025344,-0.450327,0.297045,1.110338
124.000000,0.000000,-1.000000,-1.000000,0.000000,-1.000000,0.025873,-0.450690,0.296507,1.110292
126.000000,0.000000,-1.000000,-1.000000,0.000000,-1.000000,0.025611,-0.451169,0.296772,1.110280
127.000000,0.000000,-1.000000,-1.000000,0.000000,-1.000000,0.025350,-0.451631,0.296978,1.110526
129.000000,0.000000,-1.000000,-1.000000,0.000000,-1.000000,0.025508,-0.451888,0.296827,1.110460
130.000000,0.000000,-1.000000,-1.000000,0.000000,-1.000000,0.026077,-0.452174,0.296231,1.110499
132.000000,0.000000,-1.000000,-1.000000,0.000000,-1.000000,0.027257,-0.452577,0.295066,1.110276
133.000000,0.000000,-1.000000,-1.000000,0.000000,-1.000000,0.028986,-0.452926,0.293433,1.109634
135.000000,0.000000,-1.000000,-1.000000,0.000000,-1.000000,0.030510,-0.453504,0.291945,1.109266
136.000000,0.000000,-1.000000,-1.000000,0.000000,-1.000000,0.031523,-0.454413,0.290877,1.109346
138.000000,0.000000,-1.000000,-1.000000,0.000000,-1.000000,0.031866,-0.455130,0.290479,1.109508
139.000000,0.000000,-1.000000,-1.000000,0.000000,-1.000000,0.031568,-0.455849,0.290755,1.109591
141.000000,0.000000,-1.000000,-1.000000,0.000000,-1.000000,0.031213,-0.456604,0.291058,1.109820
142.000000,0.000000,-1.000000,-1.000000,0.000000,-1.000000,0.030964,-0.457250,0.291266,1.109987
144.000000,0.000000,-1.000000,-1.000000,0.000000,-1.000000,0.029851,-0.457378,0.292406,1.109979
145.000000,0.000000,-1.000000,-1.000000,0.000000,-1.000000,0.029954,-0.458324,0.292373,1.109596
147.000000,0.000000,-1.000000,-1.000000,0.000000,-1.000000,0.030032,-0.459015,0.292391,1.109113
148.000000,0.000000,-1.000000,-1.000000,0.000000,-1.000000,0.030186,-0.459925,0.292298,1.108766
150.000000,0.000000,-1.000000,-1.000000,0.000000,-1.000000,0.030413,-0.460786,0.292142,1.108365
151.000000,0.000000,-1.000000,-1.000000,0.000000,-1.000000,0.031324,-0.461982,0.291338,1.107709
152.000000,0.000000,-1.000000,-1.000000,0.000000,-1.000000,0.030526,-0.462740,0.292225,1.107352
154.000000,0.000000,-1.000000,-1.000000,0.000000,-1.000000,0.029037,-0.463569,0.293707,1.107496
155.000000,0.000000,-1.000000,-1.000000,0.000000,-1.000000,0.027398,-0.464174,0.295409,1.107360
157.000000,0.000000,-1.000000,-1.000000,0.000000,-1.000000,0.025823,-0.464652,0.297038,1.107258
158.000000,0.000000,-1.000000,-1.000000,0.000000,-1.000000,0.024499,-0.465092,0.298397,1.107217
160.000000,0.000000,-1.000000,-1.000000,0.000000,-1.000000,0.023720,-0.465504,0.299131,1.107479
161.000000,0.000000,-1.000000,-1.000000,0.000000,-1.000000,0.023703,-0.465592,0.299210,1.107201
163.000000,0.000000,-1.000000,-1.000000,0.000000,-1.000000,0.023339,-0.465908,0.299528,1.107423
164.000000,0.000000,-1.000000,-1.000000,0.000000,-1.000000,0.022954,-0.466298,0.299922,1.107403
166.000000,0.000000,-1.000000,-1.000000,0.000000,-1.000000,0.022641,-0.466670,0.300190,1.107613
168.000000,0.000000,-1.000000,-1.000000,0.000000,-1.000000,0.022341,-0.467024,0.300568,1.107277
169.000000,0.000000,-1.000000,-1.000000,0.000000,-1.000000,0.022470,-0.467978,0.300511,1.106881
171.000000,0.000000,-1.000000,-1.000000,0.000000,-1.000000,0.023171,-0.468418,0.299956,1.106121
172.000000,0.000000,-1.000000,-1.000000,0.000000,-1.000000,0.023803,-0.468699,0.299401,1.105687
174.000000,0.000000,-1.000000,-1.000000,0.000000,-1.000000,0.024397,-0.468810,0.298870,1.105333
175.000000,0.000000,-1.000000,-1.000000,0.000000,-1.000000,0.025151,-0.468850,0.298142,1.105129
177.000000,0.000000,-1.000000,-1.000000,0.000000,-1.000000,0.025520,-0.468312,0.297717,1.105373
179.000000,0.000000,-1.000000,-1.000000,0.000000,-1.000000,0.025545,-0.468202,0.297607,1.105759
180.000000,0.000000,-1.000000,-1.000000,0.000000,-1.000000,0.025097,-0.468204,0.298027,1.105934
181.000000,0.000000,-1.000000,-1.000000,0.000000,-1.000000,0.024445,-0.468592,0.298695,1.105909
183.000000,0.000000,-1.000000,-1.000000,0.000000,-1.000000,0.024441,-0.468593,0.298937,1.104843
185.000000,0.000000,-1.000000,-1.000000,0.000000,-1.000000,0.024295,-0.468472,0.299364,1.103605
186.000000,0.000000,-1.000000,-1.000000,0.000000,-1.000000,0.024470,-0.468264,0.299548,1.101992
187.000000,0.000000,-1.000000,-1.000000,0.000000,-1.000000,0.025143,-0.468084,0.299174,1.100587
189.000000,0.000000,-1.000000,-1.000000,0.000000,-1.000000,0.026033,-0.467500,0.298630,1.098970
190.000000,0.000000,-1.000000,-1.000000,0.000000,-1.000000,0.026260,-0.467419,0.298462,1.098688
192.000000,0.000000,-1.000000,-1.000000,0.000000,-1.000000,0.026126,-0.467883,0.298717,1.098131
194.000000,0.000000,-1.000000,-1.000000,0.000000,-1.000000,0.025958,-0.468423,0.298920,1.097956
196.000000,0.000000,-1.000000,-1.000000,0.000000,-1.000000,0.026153,-0.468656,0.298765,1.097740
197.000000,0.000000,-1.000000,-1.000000,0.000000,-1.000000,0.026467,-0.468998,0.298439,1.097740
199.000000,0.000000,-1.000000,-1.000000,0.000000,-1.000000,0.026834,-0.468827,0.298107,1.097557
200.000000,0.000000,-1.000000,-1.000000,0.000000,-1.000000,0.027438,-0.468026,0.297351,1.098220
202.000000,0.000000,-1.000000,-1.000000,0.000000,-1.000000,0.028120,-0.467036,0.296544,1.098768
203.000000,0.000000,-1.000000,-1.000000,0.000000,-1.000000,0.028047,-0.465815,0.296429,1.099699
205.000000,0.000000,-1.000000,-1.000000,0.000000,-1.000000,0.027693,-0.464518,0.296528,1.100959
206.000000,0.000000,-1.000000,-1.000000,0.000000,-1.000000,0.027448,-0.463415,0.296559,1.102017
208.000000,0.000000,-1.000000,-1.000000,0.000000,-1.000000,0.027378,-0.462520,0.296510,1.102616
209.000000,0.000000,-1.000000,-1.000000,0.000000,-1.000000,0.027043,-0.461560,0.296723,1.103263
211.000000,0.000000,-1.000000,-1.000000,0.000000,-1.000000,0.026788,-0.461094,0.296919,1.103583
213.000000,0.000000,-1.000000,-1.000000,0.000000,-1.000000,0.026514,-0.460674,0.297213,1.103548
214.000000,0.000000,-1.000000,-1.000000,0.000000,-1.000000,0.026344,-0.460414,0.297344,1.103763
216.000000,0.000000,-1.000000,-1.000000,0.000000,-1.000000,0.026262,-0.460198,0.297396,1.103918
218.000000,0.000000,-1.000000,-1.000000,0.000000,-1.000000,0.026290,-0.460052,0.297380,1.103868
219.000000,0.000000,-1.000000,-1.000000,0.000000,-1.000000,0.026598,-0.459996,0.297063,1.103878
221.000000,0.000000,-1.000000,-1.000000,0.000000,-1.000000,0.026928,-0.460063,0.296701,1.103985
222.000000,0.000000,-1.000000,-1.000000,0.000000,-1.000000,0.027000,-0.460099,0.296639,1.103928
224.000000,0.000000,-1.000000,-1.000000,0.000000,-1.000000,0.026924,-0.460431,0.296699,1.103989
225.000000,0.000000,-1.000000,-1.000000,0.000000,-1.000000,0.026978,-0.460769,0.296674,1.103830
226.000000,0.000000,-1.000000,-1.000000,0.000000,-1.000000,0.027215,-0.461229,0.296435,1.103783
228.000000,0.000000,-1.000000,-1.000000,0.000000,-1.000000,0.027494,-0.461652,0.296173,1.103651
230.000000,0.000000,-1.000000,-1.000000,0.000000,-1.000000,0.027686,-0.461793,0.295993,1.103567
231.000000,0.000000,-1.000000,-1.000000,0.000000,-1.000000,0.027708,-0.461695,0.295981,1.103523
233.000000,0.000000,-1.000000,-1.000000,0.000000,-1.000000,0.027691,-0.461592,0.295978,1.103620
234.000000,0.000000,-1.000000,-1.000000,0.000000,-1.000000,0.027535,-0.461255,0.296173,1.103483
236.000000,0.000000,-1.000000,-1.000000,0.000000,-1.000000,0.027359,-0.460754,0.296380,1.103395
237.000000,0.000000,-1.000000,-1.000000,0.000000,-1.000000,0.027454,-0.460789,0.296281,1.103403
239.000000,0.000000,-1.000000,-1.000000,0.000000,-1.000000,0.027590,-0.460770,0.296221,1.103049
240.000000,0.000000,-1.000000,-1.000000,0.000000,-1.000000,0.027493,-0.460872,0.296322,1.103033
242.000000,0.000000,-1.000000,-1.000000,0.000000,-1.000000,0.027434,-0.461049,0.296411,1.102895
243.000000,0.000000,-1.000000,-1.000000,0.000000,-1.000000,0.027404,-0.461087,0.296427,1.102957
245.000000,0.000000,-1.000000,-1.000000,0.000000,-1.000000,0.027096,-0.460974,0.296729,1.103026
247.000000,0.000000,-1.000000,-1.000000,0.000000,-1.000000,0.027053,-0.460980,0.296768,1.103050
249.000000,0.000000,-1.000000,-1.000000,0.000000,-1.000000,0.026999,-0.460998,0.296834,1.103002
250.000000,0.000000,-1.000000,-1.000000,0.000000,-1.000000,0.026814,-0.461177,0.296985,1.103165
251.000000,0.000000,-1.000000,-1.000000,0.000000,-1.000000,0.026660,-0.461748,0.297149,1.103097
254.000000,0.000000,-1.000000,-1.000000,0.000000,-1.000000,0.026706,-0.462279,0.297141,1.102888
256.000000,0.000000,-1.000000,-1.000000,0.000000,-1.000000,0.026674,-0.462783,0.297171,1.102871
257.000000,0.000000,-1.000000,-1.000000,0.000000,-1.000000,0.027127,-0.463194,0.296708,1.102836
259.000000,0.000000,-1.000000,-1.000000,0.000000,-1.000000,0.027933,-0.463266,0.296123,1.101754
260.000000,0.000000,-1.000000,-1.000000,0.000000,-1.000000,0.028565,-0.463743,0.295781,1.100354
262.000000,0.000000,-1.000000,-1.000000,0.000000,-1.000000,0.029180,-0.464124,0.295473,1.098884
263.000000,0.000000,-1.000000,-1.000000,0.000000,-1.000000,0.029806,-0.464316,0.295106,1.097639
265.000000,0.000000,-1.000000,-1.000000,0.000000,-1.000000,0.030030,-0.464713,0.295164,1.096326
266.000000,0.000000,-1.000000,-1.000000,0.000000,-1.000000,0.029911,-0.465435,0.295383,1.095843
267.000000,0.000000,-1.000000,-1.000000,0.000000,-1.000000,0.029960,-0.465463,0.295402,1.095533
269.000000,0.000000,-1.000000,-1.000000,0.000000,-1.000000,0.030091,-0.465472,0.295342,1.095198
270.000000,0.000000,-1.000000,-1.000000,0.000000,-1.000000,0.030296,-0.465699,0.295162,1.095047
272.000000,0.000000,-1.000000,-1.000000,0.000000,-1.000000,0.030075,-0.465688,0.295355,1.095197
273.000000,0.000000,-1.000000,-1.000000,0.000000,-1.000000,0.029875,-0.465416,0.295557,1.095229
275.000000,0.000000,-1.000000,-1.000000,0.000000,-1.000000,0.029488,-0.465345,0.295875,1.095589
277.000000,0.000000,-1.000000,-1.000000,0.000000,-1.000000,0.029092,-0.465280,0.296168,1.096098
278.000000,0.000000,-1.000000,-1.000000,0.000000,-1.000000,0.028691,-0.465213,0.296528,1.096331
279.000000,0.000000,-1.000000,-1.000000,0.000000,-1.000000,0.028782,-0.465163,0.296470,1.096176
281.000000,0.000000,-1.000000,-1.000000,0.000000,-1.000000,0.028948,-0.465263,0.296263,1.096335
282.000000,0.000000,-1.000000,-1.000000,0.000000,-1.000000,0.029008,-0.465311,0.296161,1.096515
284.000000,0.000000,-1.000000,-1.000000,0.000000,-1.000000,0.029062,-0.465430,0.296126,1.096417
285.000000,0.000000,-1.000000,-1.000000,0.000000,-1.000000,0.029177,-0.465754,0.296089,1.096028
287.000000,0.000000,-1.000000,-1.000000,0.000000,-1.000000,0.029463,-0.466022,0.295877,1.095652
288.000000,0.000000,-1.000000,-1.000000,0.000000,-1.000000,0.029528,-0.466351,0.295919,1.095145
289.000000,0.000000,-1.000000,-1.000000,0.000000,-1.000000,0.029294,-0.466795,0.296299,1.094487
291.000000,0.000000,-1.000000,-1.000000,0.000000,-1.000000,0.028908,-0.467231,0.296832,1.093843
293.000000,0.000000,-1.000000,-1.000000,0.000000,-1.000000,0.028622,-0.467364,0.297196,1.093513
294.000000,0.000000,-1.000000,-1.000000,0.000000,-1.000000,0.028116,-0.467494,0.297726,1.093453
296.000000,0.000000,-1.000000,-1.000000,0.000000,-1.000000,0.027752,-0.467620,0.298074,1.093562
297.000000,0.000000,-1.000000,-1.000000,0.000000,-1.000000,0.027978,-0.467501,0.297879,1.093401
299.000000,0.000000,-1.000000,-1.000000,0.000000,-1.000000,0.028226,-0.467339,0.297603,1.093510
300.000000,0.000000,-1.000000,-1.000000,0.000000,-1.000000,0.028398,-0.467449,0.297441,1.093439
302.000000,0.000000,-1.000000,-1.000000,0.000000,-1.000000,0.028436,-0.467709,0.297472,1.093112
303.000000,0.000000,-1.000000,-1.000000,0.000000,-1.000000,0.028355,-0.467846,0.297696,1.092469
305.000000,0.000000,-1.000000,-1.000000,0.000000,-1.000000,0.028321,-0.467812,0.297701,1.092606
306.000000,0.000000,-1.000000,-1.000000,0.000000,-1.000000,0.028326,-0.467748,0.297744,1.092396
308.000000,0.000000,-1.000000,-1.000000,0.000000,-1.000000,0.028031,-0.467612,0.298097,1.092175
309.000000,0.000000,-1.000000,-1.000000,0.000000,-1.000000,0.027793,-0.467477,0.298278,1.092467
310.000000,0.000000,-1.000000,-1.000000,0.000000,-1.000000,0.027791,-0.467487,0.298162,1.092993
312.000000,0.000000,-1.000000,-1.000000,0.000000,-1.000000,0.027696,-0.467706,0.298263,1.092967
313.000000,0.000000,-1.000000,-1.000000,0.000000,-1.000000,0.027678,-0.467932,0.298266,1.093021
315.000000,0.000000,-1.000000,-1.000000,0.000000,-1.000000,0.027535,-0.468049,0.298362,1.093238
316.000000,0.000000,-1.000000,-1.000000,0.000000,-1.000000,0.027800,-0.467968,0.298180,1.092839
318.000000,0.000000,-1.000000,-1.000000,0.000000,-1.000000,0.028147,-0.468099,0.297904,1.092473
319.000000,0.000000,-1.000000,-1.000000,0.000000,-1.000000,0.028323,-0.468308,0.297745,1.092367
321.000000,0.000000,-1.000000,-1.000000,0.000000,-1.000000,0.028562,-0.468303,0.297511,1.092323
322.000000,0.000000,-1.000000,-1.000000,0.000000,-1.000000,0.028656,-0.468351,0.297376,1.092487
324.000000,0.000000,-1.000000,-1.000000,0.000000,-1.000000,0.028369,-0.468469,0.297603,1.092781
325.000000,0.000000,-1.000000,-1.000000,0.000000,-1.000000,0.028152,-0.468070,0.297808,1.092888
327.000000,0.000000,-1.000000,-1.000000,0.000000,-1.000000,0.028118,-0.467854,0.297835,1.092933
328.000000,0.000000,-1.000000,-1.000000,0.000000,-1.000000,0.028051,-0.467552,0.297900,1.092974
329.000000,0.000000,-1.000000,-1.000000,0.000000,-1.000000,0.028088,-0.467326,0.297787,1.093320
331.000000,0.000000,-1.000000,-1.000000,0.000000,-1.000000,0.028260,-0.466938,0.297521,1.093750
332.000000,0.000000,-1.000000,-1.000000,0.000000,-1.000000,0.028108,-0.466847,0.297590,1.094142
334.000000,0.000000,-1.000000,-1.000000,0.000000,-1.000000,0.028313,-0.466320,0.297493,1.093670
335.000000,0.000000,-1.000000,-1.000000,0.000000,-1.000000,0.028259,-0.466177,0.297663,1.093163
337.000000,0.000000,-1.000000,-1.000000,0.000000,-1.000000,0.028638,-0.466131,0.297483,1.092230
338.000000,0.000000,-1.000000,-1.000000,0.000000,-1.000000,0.029404,-0.466259,0.296929,1.091192
340.000000,0.000000,-1.000000,-1.000000,0.000000,-1.000000,0.030113,-0.466099,0.296485,1.089934
341.000000,0.000000,-1.000000,-1.000000,0.000000,-1.000000,0.030685,-0.466275,0.296010,1.089423
343.000000,0.000000,-1.000000,-1.000000,0.000000,-1.000000,0.031440,-0.466389,0.295298,1.089139
344.000000,0.000000,-1.000000,-1.000000,0.000000,-1.000000,0.031774,-0.466343,0.294976,1.089051
345.000000,0.000000,-1.000000,-1.000000,0.000000,-1.000000,0.031521,-0.466270,0.295279,1.088860
347.000000,0.000000,-1.000000,-1.000000,0.000000,-1.000000,0.031196,-0.466320,0.295561,1.089082
348.000000,0.000000,-1.000000,-1.000000,0.000000,-1.000000,0.030935,-0.466390,0.295775,1.089319
350.000000,0.000000,-1.000000,-1.000000,0.000000,-1.000000,0.030313,-0.466428,0.296367,1.089523
351.000000,0.000000,-1.000000,-1.000000,0.000000,-1.000000,0.029836,-0.466478,0.296850,1.089547
353.000000,0.000000,-1.000000,-1.000000,0.000000,-1.000000,0.029498,-0.466435,0.297130,1.089844
354.000000,0.000000,-1.000000,-1.000000,0.000000,-1.000000,0.029546,-0.466495,0.297007,1.090171
356.000000,0.000000,-1.000000,-1.000000,0.000000,-1.000000,0.029438,-0.466217,0.297014,1.090656
357.000000,0.000000,-1.000000,-1.000000,0.000000,-1.000000,0.029490,-0.465667,0.296851,1.091182
359.000000,0.000000,-1.000000,-1.000000,0.000000,-1.000000,0.029754,-0.465100,0.296430,1.091892
360.000000,0.000000,-1.000000,-1.000000,0.000000,-1.000000,0.030231,-0.464363,0.295773,1.092693
361.000000,0.000000,-1.000000,-1.000000,0.000000,-1.000000,0.030724,-0.463250,0.295122,1.093419
363.000000,0.000000,-1.000000,-1.000000,0.000000,-1.000000,0.031285,-0.461858,0.294414,1.094105
364.000000,0.000000,-1.000000,-1.000000,0.000000,-1.000000,0.031310,-0.460530,0.294124,1.095373
366.000000,0.000000,-1.000000,-1.000000,0.000000,-1.000000,0.031800,-0.459221,0.293448,1.096238
367.000000,0.000000,-1.000000,-1.000000,0.000000,-1.000000,0.032241,-0.457896,0.292856,1.096949
369.000000,0.000000,-1.000000,-1.000000,0.000000,-1.000000,0.032591,-0.456796,0.292372,1.097582
370.000000,0.000000,-1.000000,-1.000000,0.000000,-1.000000,0.032428,-0.455945,0.292438,1.098086
372.000000,0.000000,-1.000000,-1.000000,0.000000,-1.000000,0.032757,-0.455233,0.292134,1.097979
373.000000,0.000000,-1.000000,-1.000000,0.000000,-1.000000,0.032634,-0.454428,0.292285,1.097920
375.000000,0.000000,-1.000000,-1.000000,0.000000,-1.000000,0.031962,-0.454001,0.292933,1.098128
376.000000,0.000000,-1.000000,-1.000000,0.000000,-1.000000,0.031185,-0.453566,0.293643,1.098547
377.000000,0.000000,-1.000000,-1.000000,0.000000,-1.000000,0.030733,-0.453394,0.294094,1.098609
379.000000,0.000000,-1.000000,-1.000000,0.000000,-1.000000,0.030589,-0.453282,0.294223,1.098699
380.000000,0.000000,-1.000000,-1.000000,0.000000,-1.000000,0.030542,-0.453356,0.294221,1.098923
382.000000,0.000000,-1.000000,-1.000000,0.000000,-1.000000,0.030858,-0.453365,0.293930,1.098771
383.000000,0.000000,-1.000000,-1.000000,0.000000,-1.000000,0.031475,-0.453536,0.293358,1.098493
385.000000,0.000000,-1.000000,-1.000000,0.000000,-1.000000,0.032425,-0.453512,0.292434,1.098272
386.000000,0.000000,-1.000000,-1.000000,0.000000,-1.000000,0.033493,-0.453642,0.291424,1.097883
387.000000,0.000000,-1.000000,-1.000000,0.000000,-1.000000,0.034159,-0.453743,0.290804,1.097600
389.000000,0.000000,-1.000000,-1.000000,0.000000,-1.000000,0.034475,-0.453376,0.290491,1.097572
390.000000,0.000000,-1.000000,-1.000000,0.000000,-1.000000,0.034192,-0.453075,0.290769,1.097647
392.000000,0.000000,-1.000000,-1.000000,0.000000,-1.000000,0.033394,-0.453104,0.291528,1.097910
393.000000,0.000000,-1.000000,-1.000000,0.000000,-1.000000,0.032337,-0.452581,0.292505,1.098415
395.000000,0.000000,-1.000000,-1.000000,0.000000,-1.000000,0.031365,-0.451872,0.293413,1.098854
396.000000,0.000000,-1.000000,-1.000000,0.000000,-1.000000,0.031057,-0.451508,0.293666,1.099159
398.000000,0.000000,-1.000000,-1.000000,0.000000,-1.000000,0.031233,-0.450935,0.293466,1.099282
399.000000,0.000000,-1.000000,-1.000000,0.000000,-1.000000,0.031931,-0.450094,0.292757,1.099307
401.000000,0.000000,-1.000000,-1.000000,0.000000,-1.000000,0.032461,-0.449351,0.292250,1.099195
402.000000,0.000000,-1.000000,-1.000000,0.000000,-1.000000,0.033053,-0.448827,0.291695,1.098998
404.000000,0.000000,-1.000000,-1.000000,0.000000,-1.000000,0.033221,-0.448529,0.291540,1.098941
405.000000,0.000000,-1.000000,-1.000000,0.000000,-1.000000,0.033100,-0.448506,0.291634,1.099075
406.000000,0.000000,-1.000000,-1.000000,0.000000,-1.000000,0.032625,-0.448468,0.292071,1.099300
408.000000,0.000000,-1.000000,-1.000000,0.000000,-1.000000,0.032536,-0.448500,0.292214,1.099067
409.000000,0.000000,-1.000000,-1.000000,0.000000,-1.000000,0.032764,-0.448356,0.292067,1.098689
411.000000,0.000000,-1.000000,-1.000000,0.000000,-1.000000,0.032914,-0.448259,0.291978,1.098399
412.000000,0.000000,-1.000000,-1.000000,0.000000,-1.000000,0.033287,-0.447664,0.291696,1.097992
414.000000,0.000000,-1.000000,-1.000000,0.000000,-1.000000,0.033563,-0.447165,0.291532,1.097489
415.000000,0.000000,-1.000000,-1.000000,0.000000,-1.000000,0.033628,-0.446809,0.291515,1.097289
417.000000,0.000000,-1.000000,-1.000000,0.000000,-1.000000,0.033370,-0.446445,0.291760,1.097396
418.000000,0.000000,-1.000000,-1.000000,0.000000,-1.000000,0.033364,-0.445992,0.291798,1.097285
420.000000,0.000000,-1.000000,-1.000000,0.000000,-1.000000,0.033284,-0.446052,0.291872,1.097316
421.000000,0.000000,-1.000000,-1.000000,0.000000,-1.000000,0.033243,-0.446127,0.291892,1.097414
423.000000,0.000000,-1.000000,-1.000000,0.000000,-1.000000,0.033408,-0.446274,0.291702,1.097496
424.000000,0.000000,-1.000000,-1.000000,0.000000,-1.000000,0.033601,-0.446600,0.291513,1.097433
426.000000,0.000000,-1.000000,-1.000000,0.000000,-1.000000,0.033357,-0.446865,0.291762,1.097424
427.000000,0.000000,-1.000000,-1.000000,0.000000,-1.000000,0.033017,-0.447011,0.292102,1.097449
429.000000,0.000000,-1.000000,-1.000000,0.000000,-1.000000,0.032539,-0.447238,0.292569,1.097542
430.000000,0.000000,-1.000000,-1.000000,0.000000,-1.000000,0.032056,-0.447303,0.293005,1.097801
432.000000,0.000000,-1.000000,-1.000000,0.000000,-1.000000,0.032147,-0.446793,0.292983,1.097512
433.000000,0.000000,-1.000000,-1.000000,0.000000,-1.000000,0.032635,-0.446501,0.292545,1.097254
435.000000,0.000000,-1.000000,-1.000000,0.000000,-1.000000,0.033237,-0.446278,0.291984,1.097015
436.000000,0.000000,-1.000000,-1.000000,0.000000,-1.000000,0.034349,-0.446166,0.290963,1.096494
438.000000,0.000000,-1.000000,-1.000000,0.000000,-1.000000,0.035342,-0.446305,0.290041,1.096055
439.000000,3.000000,0.000000,0.000000,0.002443,0.000000,0.035910,-0.446926,0.289437,1.096115
441.000000,1.000000,0.000000,0.000000,0.002656,0.000000,0.036838,-0.447164,0.288494,1.096063
442.000000,1.000000,0.000000,0.000000,0.002690,0.000000,0.037729,-0.447241,0.287662,1.095699
444.000000,1.000000,0.000000,0.000000,0.002605,0.000000,0.038628,-0.446510,0.286808,1.095443
446.000000,1.000000,0.000000,0.000000,0.002940,0.000000,0.039622,-0.445777,0.285918,1.094912
447.000000,1.000000,0.000000,0.000000,0.003211,0.000000,0.040515,-0.445160,0.285101,1.094507
449.000000,1.000000,0.000000,0.000000,0.003293,0.000000,0.041348,-0.444640,0.284395,1.093881
451.000000,1.000000,0.000000,0.000000,0.003151,0.000000,0.042047,-0.444067,0.283759,1.093555
452.000000,1.000000,0.000000,0.000000,0.002185,0.000000,0.042225,-0.444178,0.283614,1.093381
454.000000,1.000000,0.000000,0.000000,0.000000,0.000000,0.042106,-0.444767,0.283673,1.093629
455.000000,1.000000,0.000000,0.000000,0.001256,0.000000,0.042349,-0.445589,0.283435,1.093524
457.000000,1.000000,0.000000,0.000000,0.002328,0.000000,0.043294,-0.446566,0.282459,1.093497
458.000000,1.000000,0.000000,0.000000,0.003371,0.000000,0.044720,-0.447437,0.281152,1.092752
460.000000,1.000000,0.000000,0.000000,0.004467,0.000000,0.046512,-0.448272,0.279474,1.091993
462.000000,1.000000,0.000000,0.000000,0.004936,0.000000,0.048216,-0.448498,0.277880,1.091295
464.000000,1.000000,0.000000,0.000000,0.004551,0.000000,0.049381,-0.448211,0.276787,1.090859
465.000000,1.000000,0.000000,0.000000,0.003377,0.000000,0.049685,-0.447528,0.276558,1.090536
467.000000,1.000000,0.000000,0.000000,0.002289,0.000000,0.049565,-0.446727,0.276675,1.090609
469.000000,1.000000,0.000000,0.000000,0.002201,0.000000,0.048996,-0.445670,0.277215,1.090870
470.000000,1.000000,0.000000,0.000000,0.002794,0.000000,0.048439,-0.444645,0.277805,1.090850
472.000000,1.000000,0.000000,0.000000,0.002279,0.000000,0.048468,-0.444508,0.277901,1.090294
474.000000,1.000000,0.000000,0.000000,0.001720,0.000000,0.048288,-0.444499,0.278148,1.090012
475.000000,1.000000,0.000000,0.000000,0.000000,0.000000,0.048210,-0.444940,0.278251,1.089882
477.000000,1.000000,0.000000,0.000000,0.001250,0.000000,0.048437,-0.445851,0.278057,1.089655
479.000000,1.000000,0.000000,0.000000,0.002669,0.000000,0.049023,-0.447388,0.277498,1.089368
480.000000,1.000000,0.000000,0.000000,0.003148,0.000000,0.048753,-0.448570,0.277661,1.089804
482.000000,1.000000,0.000000,0.000000,0.003940,0.000000,0.048660,-0.450182,0.277719,1.089872
484.000000,1.000000,0.000000,0.000000,0.004243,0.000000,0.048697,-0.451626,0.277727,1.089574
485.000000,1.000000,0.000000,0.000000,0.004476,0.000000,0.048651,-0.453167,0.277850,1.089133
487.000000,1.000000,0.000000,0.000000,0.004729,0.000000,0.048890,-0.454757,0.277759,1.088341
489.000000,1.000000,0.000000,0.000000,0.004481,0.000000,0.050279,-0.455347,0.276614,1.087062
490.000000,1.000000,0.000000,0.000000,0.005097,0.000000,0.052454,-0.455720,0.274725,1.085514
492.000000,1.000000,0.000000,0.000000,0.006540,0.000000,0.055255,-0.456026,0.272234,1.083797
493.000000,1.000000,0.000000,0.000000,0.009009,0.000000,0.059512,-0.455657,0.268306,1.081868
495.000000,1.000000,0.000000,0.000000,0.012291,0.000000,0.065274,-0.454308,0.262771,1.080297
496.000000,1.000000,0.000000,0.000000,0.016166,0.000000,0.072513,-0.453456,0.255794,1.078376
498.000000,1.000000,0.000000,0.000000,0.020713,0.000000,0.081556,-0.452508,0.247002,1.076311
500.000000,1.000000,0.000000,6.000000,0.025161,0.000000,0.091741,-0.450575,0.236989,1.074538
501.000000,1.000000,0.000000,6.000000,0.030019,0.000000,0.103742,-0.448110,0.225136,1.072702
503.000000,1.000000,0.000000,6.000000,0.034883,0.000000,0.117037,-0.444196,0.211888,1.071272
504.000000,1.000000,0.000000,6.000000,0.038484,0.000000,0.130211,-0.438951,0.198692,1.070240
506.000000,1.000000,0.000000,6.000000,0.042332,0.000000,0.144175,-0.431931,0.184407,1.070582
508.000000,1.000000,0.000000,6.000000,0.047313,0.000000,0.160337,-0.424069,0.167976,1.070501
509.000000,1.000000,0.000000,6.000000,0.051556,0.000000,0.177018,-0.415559,0.150943,1.070772
511.000000,1.000000,0.000000,6.000000,0.055183,0.000000,0.194581,-0.407055,0.133036,1.070911
513.000000,1.000000,0.000000,6.000000,0.060514,0.000000,0.214751,-0.397845,0.112231,1.072114
514.000000,1.000000,0.000000,6.000000,0.066350,0.000000,0.236776,-0.387720,0.089434,1.073780
516.000000,1.000000,0.000000,6.000000,0.071609,0.000000,0.258688,-0.375639,0.066342,1.077410
518.000000,1.000000,0.000000,6.000000,0.077393,0.000000,0.280940,-0.360692,0.042599,1.082584
519.000000,1.000000,0.000000,6.000000,0.083251,0.000000,0.303725,-0.343426,0.018232,1.088254
521.000000,1.000000,0.000000,6.000000,0.087646,0.000000,0.325273,-0.323885,-0.005016,1.094733
522.000000,1.000000,0.000000,6.000000,0.090184,0.000000,0.344759,-0.302598,-0.026227,1.101657
524.000000,1.000000,0.000000,6.000000,0.090051,0.000000,0.362877,-0.282462,-0.046088,1.108746
525.000000,1.000000,0.000000,6.000000,0.088319,0.000000,0.379805,-0.263062,-0.064910,1.116599
527.000000,1.000000,0.000000,6.000000,0.085668,0.000000,0.394237,-0.244004,-0.081690,1.126738
528.000000,1.000000,0.000000,6.000000,0.083465,0.000000,0.407505,-0.224887,-0.097479,1.137787
530.000000,1.000000,0.000000,6.000000,0.082715,0.000000,0.421310,-0.205731,-0.113896,1.149187
531.000000,1.000000,0.000000,6.000000,0.083461,0.000000,0.434544,-0.185445,-0.129885,1.161361
533.000000,1.000000,0.000000,6.000000,0.084025,0.000000,0.446492,-0.165229,-0.144763,1.174462
534.000000,1.000000,0.000000,6.000000,0.082323,0.000000,0.457787,-0.146214,-0.158587,1.185759
536.000000,1.000000,0.000000,6.000000,0.078714,0.000000,0.467523,-0.129074,-0.170854,1.197119
538.000000,1.000000,0.000000,6.000000,0.072255,0.000000,0.474213,-0.113906,-0.179835,1.207613
539.000000,1.000000,6.000000,6.000000,0.066211,0.000000,0.479223,-0.099236,-0.187132,1.218242
541.000000,1.000000,6.000000,6.000000,0.060877,0.000000,0.483432,-0.084866,-0.193371,1.227791
542.000000,1.000000,6.000000,6.000000,0.055829,0.000000,0.486000,-0.072231,-0.198001,1.237552
544.000000,1.000000,6.000000,6.000000,0.051289,0.000000,0.488518,-0.060462,-0.202313,1.246067
545.000000,1.000000,6.000000,6.000000,0.047166,0.000000,0.490574,-0.049773,-0.206053,1.254066
547.000000,1.000000,6.000000,6.000000,0.042267,0.000000,0.492110,-0.040761,-0.209055,1.261041
549.000000,1.000000,6.000000,6.000000,0.036408,0.000000,0.493686,-0.034105,-0.211880,1.266893
551.000000,1.000000,6.000000,6.000000,0.032195,0.000000,0.495833,-0.027427,-0.215172,1.272210
552.000000,1.000000,6.000000,6.000000,0.027859,0.000000,0.497036,-0.022266,-0.217441,1.277185
554.000000,1.000000,6.000000,6.000000,0.024176,0.000000,0.498252,-0.018042,-0.219660,1.281819
556.000000,1.000000,6.000000,6.000000,0.020162,0.000000,0.499630,-0.015449,-0.221833,1.285392
557.000000,1.000000,6.000000,6.000000,0.016583,0.000000,0.499780,-0.013354,-0.222683,1.288650
559.000000,1.000000,6.000000,6.000000,0.013218,0.000000,0.499322,-0.011971,-0.222826,1.291485
560.000000,1.000000,6.000000,6.000000,0.010155,0.000000,0.499869,-0.010641,-0.223688,1.292918
562.000000,1.000000,6.000000,6.000000,0.008252,0.000000,0.499589,-0.008590,-0.223655,1.294192
563.000000,1.000000,6.000000,6.000000,0.007496,0.000000,0.499543,-0.006358,-0.223841,1.295378
565.000000,1.000000,6.000000,6.000000,0.006873,0.000000,0.500003,-0.004341,-0.224419,1.295982
566.000000,1.000000,6.000000,6.000000,0.006643,0.000000,0.500750,-0.002259,-0.225181,1.296095
568.000000,1.000000,6.000000,6.000000,0.007125,0.000000,0.500703,0.000363,-0.225239,1.296739
569.000000,1.000000,6.000000,6.000000,0.007741,0.000000,0.502263,0.003068,-0.226799,1.296742
571.000000,1.000000,6.000000,6.000000,0.007981,0.000000,0.503213,0.005579,-0.227773,1.296899
573.000000,1.000000,6.000000,6.000000,0.008198,0.000000,0.503900,0.008293,-0.228368,1.296582
574.000000,1.000000,6.000000,6.000000,0.008718,0.000000,0.504352,0.011477,-0.228689,1.296146
576.000000,1.000000,6.000000,6.000000,0.008868,0.000000,0.505066,0.014342,-0.229207,1.295371
577.000000,1.000000,6.000000,6.000000,0.007349,0.000000,0.504842,0.015753,-0.228892,1.295077
579.000000,1.000000,6.000000,6.000000,0.006543,0.000000,0.505039,0.017426,-0.228924,1.294420
581.000000,1.000000,6.000000,6.000000,0.005404,0.000000,0.505544,0.018612,-0.229324,1.293972
582.000000,1.000000,6.000000,6.000000,0.004231,0.000000,0.506835,0.019095,-0.230487,1.293281
584.000000,1.000000,6.000000,6.000000,0.003119,0.000000,0.507518,0.019280,-0.231167,1.293203
585.000000,1.000000,6.000000,6.000000,0.002861,0.000000,0.508334,0.019492,-0.231909,1.292793
587.000000,1.000000,6.000000,6.000000,0.002816,0.000000,0.509262,0.019639,-0.232750,1.292313
588.000000,1.000000,6.000000,6.000000,0.002459,0.000000,0.509810,0.019672,-0.233218,1.291899
589.000000,1.000000,6.000000,6.000000,0.000000,0.000000,0.509168,0.019221,-0.232631,1.292183
591.000000,1.000000,6.000000,6.000000,0.001478,0.000000,0.509243,0.018112,-0.232679,1.291982
592.000000,1.000000,6.000000,6.000000,0.002597,0.000000,0.508698,0.016692,-0.232140,1.291978
594.000000,1.000000,6.000000,6.000000,0.003779,0.000000,0.507914,0.015112,-0.231408,1.292203
595.000000,1.000000,6.000000,6.000000,0.004379,0.000000,0.507534,0.013609,-0.231116,1.292542
597.000000,1.000000,6.000000,6.000000,0.003892,0.000000,0.507595,0.012786,-0.231257,1.292842
598.000000,1.000000,6.000000,6.000000,0.003268,0.000000,0.507238,0.012261,-0.231023,1.293398
600.000000,1.000000,6.000000,6.000000,0.002342,0.000000,0.507125,0.012351,-0.231067,1.294125
601.000000,1.000000,6.000000,6.000000,0.002341,0.000000,0.506673,0.011968,-0.230796,1.294962
602.000000,1.000000,6.000000,6.000000,0.002913,0.000000,0.505756,0.011332,-0.230101,1.296021
604.000000,1.000000,6.000000,6.000000,0.003798,0.000000,0.504464,0.010225,-0.229008,1.296985
605.000000,1.000000,6.000000,6.000000,0.004592,0.000000,0.503159,0.008874,-0.227862,1.297757
607.000000,1.000000,6.000000,6.000000,0.005491,0.000000,0.501870,0.007176,-0.226749,1.298578
608.000000,1.000000,6.000000,6.000000,0.004811,0.000000,0.501190,0.006561,-0.226138,1.298922
610.000000,1.000000,6.000000,6.000000,0.003664,0.000000,0.501077,0.005972,-0.226008,1.298828
611.000000,1.000000,6.000000,6.000000,0.002334,0.000000,0.501562,0.005556,-0.226396,1.298310
612.000000,1.000000,6.000000,6.000000,0.001981,0.000000,0.502245,0.005250,-0.226876,1.297307
614.000000,1.000000,6.000000,6.000000,0.003561,0.000000,0.502902,0.004075,-0.227176,1.295558
615.000000,1.000000,6.000000,6.000000,0.005893,0.000000,0.503119,0.001490,-0.226971,1.293475
617.000000,1.000000,6.000000,6.000000,0.008880,0.000000,0.502488,-0.001452,-0.225627,1.290162
618.000000,1.000000,6.000000,6.000000,0.012269,0.000000,0.501440,-0.005234,-0.223748,1.286313
620.000000,1.000000,6.000000,6.000000,0.017339,0.000000,0.499413,-0.011866,-0.220802,1.281995
621.000000,1.000000,6.000000,6.000000,0.022404,0.000000,0.496080,-0.019034,-0.216348,1.276883
623.000000,1.000000,6.000000,6.000000,0.027148,0.000000,0.492211,-0.027205,-0.211272,1.271378
624.000000,1.000000,6.000000,6.000000,0.031609,0.000000,0.488653,-0.036582,-0.206342,1.265027
626.000000,1.000000,6.000000,6.000000,0.035763,0.000000,0.484397,-0.046630,-0.200536,1.257907
627.000000,1.000000,6.000000,6.000000,0.038364,0.000000,0.480213,-0.055652,-0.194498,1.249486
629.000000,1.000000,6.000000,6.000000,0.039722,0.000000,0.476709,-0.064725,-0.189153,1.241045
630.000000,1.000000,6.000000,6.000000,0.041301,0.000000,0.472509,-0.073650,-0.182868,1.231591
631.000000,1.000000,6.000000,6.000000,0.042179,0.000000,0.467451,-0.081743,-0.175674,1.222059
633.000000,1.000000,6.000000,6.000000,0.043672,0.000000,0.462089,-0.089608,-0.167887,1.211279
634.000000,1.000000,6.000000,4.000000,0.043948,1.000000,0.456410,-0.096062,-0.159845,1.200901
636.000000,1.000000,6.000000,4.000000,0.045211,1.000000,0.450309,-0.102206,-0.151104,1.189345
637.000000,1.000000,6.000000,4.000000,0.046388,1.000000,0.444249,-0.108088,-0.142286,1.177276
639.000000,1.000000,6.000000,4.000000,0.046565,1.000000,0.438417,-0.113889,-0.133838,1.165817
641.000000,1.000000,6.000000,4.000000,0.047284,1.000000,0.432077,-0.119049,-0.124677,1.153545
642.000000,1.000000,6.000000,4.000000,0.049911,1.000000,0.424586,-0.124883,-0.114054,1.139952
644.000000,1.000000,6.000000,4.000000,0.053702,1.000000,0.415149,-0.131032,-0.101283,1.125656
646.000000,1.000000,6.000000,4.000000,0.058384,1.000000,0.403669,-0.138227,-0.086408,1.111241
647.000000,1.000000,6.000000,4.000000,0.064904,1.000000,0.389655,-0.146719,-0.068738,1.095854
649.000000,2.000000,6.000000,6.000000,0.068881,0.000000,0.374588,-0.155517,-0.050440,1.082477
650.000000,0.000000,6.000000,6.000000,0.000000,0.000000,0.358018,-0.164059,-0.030992,1.070860
652.000000,0.000000,6.000000,6.000000,0.000000,0.000000,0.339996,-0.172549,-0.010431,1.060927
653.000000,3.000000,6.000000,6.000000,0.071420,0.000000,0.322461,-0.179266,0.009503,1.051680
655.000000,1.000000,6.000000,4.000000,0.069336,1.000000,0.304811,-0.185247,0.029224,1.043965
656.000000,1.000000,6.000000,4.000000,0.067960,1.000000,0.285990,-0.190358,0.049867,1.037551
658.000000,1.000000,6.000000,4.000000,0.067309,1.000000,0.266784,-0.195544,0.070830,1.031468
659.000000,1.000000,6.000000,4.000000,0.064923,1.000000,0.248648,-0.199500,0.090345,1.027038
661.000000,1.000000,6.000000,4.000000,0.064367,1.000000,0.228701,-0.203804,0.111283,1.024526
662.000000,1.000000,6.000000,4.000000,0.064139,1.000000,0.208301,-0.207339,0.132457,1.023085
664.000000,1.000000,6.000000,4.000000,0.064316,1.000000,0.187428,-0.211014,0.153900,1.022601
665.000000,1.000000,6.000000,4.000000,0.064297,1.000000,0.166424,-0.213859,0.175173,1.023544
667.000000,1.000000,6.000000,4.000000,0.065342,1.000000,0.144609,-0.216312,0.197321,1.024304
669.000000,1.000000,6.000000,4.000000,0.063763,1.000000,0.124910,-0.218210,0.217301,1.025102
670.000000,1.000000,4.000000,4.000000,0.062084,1.000000,0.105427,-0.219745,0.236919,1.026552
672.000000,1.000000,4.000000,4.000000,0.058906,1.000000,0.087722,-0.220814,0.254703,1.028088
673.000000,1.000000,4.000000,4.000000,0.053352,1.000000,0.073146,-0.221611,0.269366,1.029258
675.000000,1.000000,4.000000,4.000000,0.046106,1.000000,0.061538,-0.222662,0.280934,1.030656
677.000000,1.000000,4.000000,4.000000,0.038750,1.000000,0.052093,-0.222940,0.290311,1.031988
678.000000,1.000000,4.000000,4.000000,0.029243,1.000000,0.046939,-0.222652,0.295506,1.032395
680.000000,1.000000,4.000000,4.000000,0.020065,1.000000,0.044387,-0.222507,0.298142,1.032311
681.000000,1.000000,4.000000,4.000000,0.013464,1.000000,0.042291,-0.222519,0.300275,1.032373
683.000000,1.000000,4.000000,4.000000,0.009817,1.000000,0.039702,-0.222095,0.302760,1.033152
685.000000,1.000000,4.000000,4.000000,0.007830,1.000000,0.037295,-0.221836,0.305010,1.034141
686.000000,1.000000,4.000000,4.000000,0.007801,1.000000,0.034404,-0.221634,0.307707,1.035340
688.000000,1.000000,4.000000,4.000000,0.008183,1.000000,0.031552,-0.221256,0.310444,1.036195
690.000000,1.000000,4.000000,4.000000,0.007951,1.000000,0.029285,-0.220710,0.312581,1.037065
691.000000,1.000000,4.000000,4.000000,0.005897,1.000000,0.028839,-0.219901,0.313047,1.037078
693.000000,1.000000,4.000000,4.000000,0.003969,1.000000,0.028829,-0.219146,0.313161,1.036658
694.000000,1.000000,4.000000,4.000000,0.002748,1.000000,0.029010,-0.218330,0.313036,1.036435
696.000000,1.000000,4.000000,4.000000,0.002043,1.000000,0.029240,-0.217879,0.312815,1.036398
697.000000,1.000000,4.000000,4.000000,0.002157,1.000000,0.029756,-0.217187,0.312342,1.036194
699.000000,1.000000,4.000000,4.000000,0.001615,1.000000,0.030195,-0.217263,0.311892,1.036189
700.000000,1.000000,4.000000,4.000000,0.001109,1.000000,0.030392,-0.217621,0.311607,1.036542
702.000000,1.000000,4.000000,4.000000,0.001146,1.000000,0.030537,-0.218307,0.311433,1.036612
704.000000,1.000000,4.000000,4.000000,0.001532,1.000000,0.030641,-0.219014,0.311333,1.036539
705.000000,1.000000,4.000000,4.000000,0.001849,1.000000,0.030393,-0.219713,0.311567,1.036586
707.000000,2.000000,4.000000,4.000000,0.001538,1.000000,0.029943,-0.219848,0.312026,1.036586
709.000000,0.000000,4.000000,4.000000,0.000000,1.000000,0.029484,-0.219673,0.312525,1.036466
711.000000,0.000000,4.000000,4.000000,0.000000,1.000000,0.028824,-0.218843,0.313173,1.036648
712.000000,0.000000,4.000000,4.000000,0.000000,1.000000,0.028248,-0.218207,0.313748,1.036754
713.000000,0.000000,4.000000,4.000000,0.000000,1.000000,0.027951,-0.217758,0.314060,1.036751
715.000000,0.000000,4.000000,4.000000,0.000000,1.000000,0.028078,-0.217695,0.313946,1.036680
716.000000,0.000000,4.000000,4.000000,0.000000,1.000000,0.028414,-0.218211,0.313614,1.036589
718.000000,0.000000,4.000000,4.000000,0.000000,1.000000,0.028476,-0.218512,0.313565,1.036508
720.000000,0.000000,4.000000,4.000000,0.000000,1.000000,0.028300,-0.218257,0.313723,1.036626
721.000000,0.000000,4.000000,4.000000,0.000000,1.000000,0.028083,-0.218006,0.313924,1.036737
723.000000,0.000000,4.000000,4.000000,0.000000,1.000000,0.027581,-0.217609,0.314407,1.036898
724.000000,0.000000,4.000000,4.000000,0.000000,1.000000,0.026823,-0.216827,0.315138,1.037155
726.000000,0.000000,4.000000,4.000000,0.000000,1.000000,0.026349,-0.216683,0.315632,1.037128
728.000000,0.000000,4.000000,4.000000,0.000000,1.000000,0.026073,-0.216798,0.315944,1.036990
729.000000,0.000000,4.000000,4.000000,0.000000,1.000000,0.025792,-0.216770,0.316254,1.036894
731.000000,0.000000,4.000000,4.000000,0.000000,1.000000,0.025323,-0.216811,0.316715,1.036977
733.000000,0.000000,4.000000,4.000000,0.000000,1.000000,0.024958,-0.216772,0.317133,1.036780
734.000000,0.000000,4.000000,4.000000,0.000000,1.000000,0.024274,-0.216599,0.317802,1.036938
736.000000,0.000000,4.000000,4.000000,0.000000,1.000000,0.023608,-0.216294,0.318451,1.037108
737.000000,0.000000,4.000000,4.000000,0.000000,1.000000,0.022598,-0.215938,0.319446,1.037306
739.000000,0.000000,4.000000,4.000000,0.000000,1.000000,0.021847,-0.215639,0.320224,1.037290
740.000000,0.000000,4.000000,4.000000,0.000000,1.000000,0.020889,-0.216034,0.321245,1.037085
742.000000,0.000000,4.000000,4.000000,0.000000,1.000000,0.020054,-0.216363,0.322189,1.036669
744.000000,0.000000,4.000000,4.000000,0.000000,1.000000,0.019200,-0.216812,0.323142,1.036289
746.000000,0.000000,4.000000,4.000000,0.000000,1.000000,0.018620,-0.217117,0.323828,1.035858
748.000000,0.000000,4.000000,4.000000,0.000000,1.000000,0.018155,-0.217437,0.324427,1.035290
749.000000,0.000000,4.000000,4.000000,0.000000,1.000000,0.018074,-0.217315,0.324548,1.035127
751.000000,0.000000,4.000000,4.000000,0.000000,1.000000,0.018358,-0.217496,0.324260,1.035102
752.000000,0.000000,4.000000,4.000000,0.000000,1.000000,0.018575,-0.217441,0.324085,1.034897
754.000000,0.000000,4.000000,4.000000,0.000000,1.000000,0.018626,-0.217491,0.323990,1.035082
755.000000,0.000000,4.000000,4.000000,0.000000,1.000000,0.018685,-0.217575,0.323886,1.035272
757.000000,0.000000,4.000000,4.000000,0.000000,1.000000,0.018844,-0.217799,0.323744,1.035168
758.000000,0.000000,4.000000,4.000000,0.000000,1.000000,0.018941,-0.218185,0.323629,1.035209
760.000000,0.000000,4.000000,4.000000,0.000000,1.000000,0.019256,-0.218571,0.323279,1.035309
761.000000,0.000000,4.000000,4.000000,0.000000,1.000000,0.019545,-0.218299,0.322989,1.035296
763.000000,0.000000,4.000000,4.000000,0.000000,1.000000,0.019629,-0.218041,0.322812,1.035718
765.000000,0.000000,4.000000,4.000000,0.000000,1.000000,0.019934,-0.217347,0.322424,1.036105
766.000000,0.000000,4.000000,4.000000,0.000000,1.000000,0.019867,-0.216288,0.322450,1.036362
768.000000,0.000000,4.000000,4.000000,0.000000,1.000000,0.019703,-0.216159,0.322606,1.036423
769.000000,0.000000,4.000000,4.000000,0.000000,1.000000,0.019739,-0.215761,0.322531,1.036621
771.000000,0.000000,4.000000,4.000000,0.000000,1.000000,0.020103,-0.216030,0.322250,1.036192
772.000000,0.000000,4.000000,4.000000,0.000000,1.000000,0.020039,-0.216634,0.322370,1.035907
774.000000,0.000000,4.000000,4.000000,0.000000,1.000000,0.020115,-0.217393,0.322275,1.035937
775.000000,0.000000,4.000000,4.000000,0.000000,1.000000,0.020063,-0.217396,0.322275,1.036174
777.000000,0.000000,4.000000,4.000000,0.000000,1.000000,0.020255,-0.218456,0.322191,1.035601
778.000000,0.000000,4.000000,4.000000,0.000000,1.000000,0.019951,-0.218600,0.322512,1.035554
780.000000,0.000000,4.000000,4.000000,0.000000,1.000000,0.019525,-0.218486,0.322860,1.035954
781.000000,0.000000,4.000000,4.000000,0.000000,1.000000,0.019383,-0.218463,0.323084,1.035603
783.000000,0.000000,4.000000,4.000000,0.000000,1.000000,0.019494,-0.218468,0.323031,1.035333
784.000000,0.000000,4.000000,4.000000,0.000000,1.000000,0.019568,-0.218458,0.322913,1.035522
785.000000,0.000000,4.000000,4.000000,0.000000,1.000000,0.019839,-0.218445,0.322633,1.035535
787.000000,0.000000,4.000000,4.000000,0.000000,1.000000,0.020037,-0.218220,0.322463,1.035401
788.000000,0.000000,4.000000,4.000000,0.000000,1.000000,0.020497,-0.218079,0.321970,1.035506
790.000000,0.000000,4.000000,4.000000,0.000000,1.000000,0.020695,-0.217875,0.321756,1.035570
791.000000,0.000000,4.000000,4.000000,0.000000,1.000000,0.020811,-0.217332,0.321620,1.035678
793.000000,0.000000,4.000000,4.000000,0.000000,1.000000,0.020843,-0.216857,0.321545,1.035903
794.000000,0.000000,4.000000,4.000000,0.000000,1.000000,0.021091,-0.216469,0.321331,1.035745
796.000000,0.000000,4.000000,4.000000,0.000000,1.000000,0.020966,-0.215933,0.321466,1.035751
797.000000,0.000000,4.000000,4.000000,0.000000,1.000000,0.020582,-0.215546,0.321781,1.036126
799.000000,0.000000,4.000000,4.000000,0.000000,1.000000,0.020017,-0.215443,0.322324,1.036290
800.000000,0.000000,4.000000,4.000000,0.000000,1.000000,0.019547,-0.215350,0.322801,1.036320
802.000000,0.000000,4.000000,4.000000,0.000000,1.000000,0.019005,-0.215479,0.323309,1.036522
803.000000,0.000000,4.000000,4.000000,0.000000,1.000000,0.018316,-0.215585,0.324010,1.036538
