101,0,0.312972,-0.189109,1.73594,0.142053,0.494177,1.7903
102,0,0.312867,-0.188385,1.73668,0.142053,0.494177,1.7903
103,0,0.31274,-0.188308,1.73662,0.142053,0.494177,1.7903
104,0,0.313388,-0.188414,1.73559,0.142053,0.494177,1.7903
105,0,0.313049,-0.189409,1.73633,0.142053,0.494177,1.7903
106,0,0.318573,-0.181184,1.71899,0.142053,0.494177,1.7903
107,1,0.29694,-0.153245,1.69693,0.142053,0.494177,1.7903
108,1,0.299234,-0.154919,1.69382,0.142053,0.494177,1.7903
109,1,0.304477,-0.157416,1.69648,0.142053,0.494177,1.7903
110,1,0.310802,-0.168329,1.70525,0.142053,0.494177,1.7903
111,1,0.30861,-0.172181,1.70829,0.142053,0.494177,1.7903
112,1,0.31078,-0.183094,1.71456,0.142053,0.494177,1.7903
113,1,0.313009,-0.18649,1.71625,0.142053,0.494177,1.7903
114,1,0.315165,-0.189677,1.72133,0.142053,0.494177,1.7903
115,1,0.31009,-0.199771,1.72795,0.142053,0.494177,1.7903
116,1,0.310403,-0.195549,1.7217,0.142053,0.494177,1.7903
117,1,0.310549,-0.200922,1.72697,0.142053,0.494177,1.7903
118,1,0.317139,-0.191392,1.72046,0.142053,0.494177,1.7903
119,1,0.320668,-0.190093,1.72012,0.142053,0.494177,1.7903
120,1,0.318089,-0.189213,1.7211,0.142053,0.494177,1.7903
121,1,0.313604,-0.206038,1.73151,0.142053,0.494177,1.7903
122,1,0.31331,-0.204195,1.72928,0.142053,0.494177,1.7903
123,1,0.318644,-0.197145,1.72826,0.142053,0.494177,1.7903
124,1,0.31905,-0.197282,1.72768,0.142053,0.494177,1.7903
125,1,0.320175,-0.19843,1.72956,0.142053,0.494177,1.7903
126,1,0.320802,-0.197149,1.72761,0.142053,0.494177,1.7903
127,1,0.320038,-0.19893,1.73097,0.142053,0.494177,1.7903
128,1,0.32109,-0.197547,1.72946,0.142053,0.494177,1.7903
129,1,0.322255,-0.196304,1.72777,0.142053,0.494177,1.7903
130,1,0.318593,-0.198635,1.72755,0.142053,0.494177,1.7903
131,1,0.321863,-0.197337,1.7287,0.142053,0.494177,1.7903
132,1,0.321622,-0.197004,1.72767,0.142053,0.494177,1.7903
133,1,0.320505,-0.195481,1.72616,0.142053,0.494177,1.7903
134,1,0.32393,-0.194303,1.72941,0.142053,0.494177,1.7903
135,1,0.32452,-0.19023,1.72841,0.142053,0.494177,1.7903
136,1,0.325467,-0.185502,1.72967,0.142053,0.494177,1.7903
137,1,0.327096,-0.180772,1.72918,0.142053,0.494177,1.7903
138,1,0.322942,-0.177397,1.72694,0.142053,0.494177,1.7903
139,1,0.323034,-0.167182,1.72141,0.142053,0.494177,1.7903
140,1,0.320989,-0.157372,1.71226,0.142053,0.494177,1.7903
141,1,0.321859,-0.150374,1.70684,0.142053,0.494177,1.7903
142,1,0.325565,-0.134743,1.69616,0.142053,0.494177,1.7903
143,1,0.327682,-0.125382,1.68859,0.142053,0.494177,1.7903
144,1,0.330468,-0.109892,1.67468,0.142053,0.494177,1.7903
145,1,0.331501,-0.0988616,1.66562,0.142053,0.494177,1.7903
146,1,0.332863,-0.0805205,1.64771,0.142053,0.494177,1.7903
147,1,0.336777,-0.0650495,1.63079,0.142053,0.494177,1.7903
148,1,0.337443,-0.0538043,1.61992,0.142053,0.494177,1.7903
149,1,0.34077,-0.0331996,1.5986,0.142053,0.494177,1.7903
150,1,0.343096,-0.0263439,1.58744,0.142053,0.494177,1.7903
151,1,0.347175,-0.014164,1.57403,0.142053,0.494177,1.7903
152,1,0.350213,-0.00410786,1.55734,0.142053,0.494177,1.7903
153,1,0.358268,0.0112393,1.54061,0.142053,0.494177,1.7903
154,1,0.363001,0.0178047,1.52468,0.142053,0.494177,1.7903
155,1,0.371281,0.0260349,1.50665,0.142053,0.494177,1.7903
156,1,0.377147,0.0340459,1.492,0.142053,0.494177,1.7903
157,1,0.382279,0.042613,1.47319,0.142053,0.494177,1.7903
158,1,0.388086,0.0439166,1.45915,0.142053,0.494177,1.7903
159,1,0.396119,0.046588,1.44792,0.142053,0.494177,1.7903
160,1,0.404821,0.0462272,1.43314,0.142053,0.494177,1.7903
161,1,0.4134,0.0471562,1.41931,0.142053,0.494177,1.7903
162,1,0.418367,0.0440876,1.40768,0.142053,0.494177,1.7903
163,1,0.425497,0.0415966,1.39926,0.142053,0.494177,1.7903
164,1,0.431699,0.0356296,1.39313,0.142053,0.494177,1.7903
165,0,0.43879,0.0303806,1.38554,0.142053,0.494177,1.7903
166,0,0.444784,0.0247329,1.38041,0.142053,0.494177,1.7903
167,1,0.451049,0.021109,1.3794,0.142053,0.494177,1.7903
168,1,0.457709,0.0177066,1.37518,0.142053,0.494177,1.7903
169,1,0.463328,0.0159501,1.37106,0.142053,0.494177,1.7903
170,1,0.467964,0.011125,1.37026,0.142053,0.494177,1.7903
171,1,0.472787,0.00831981,1.36902,0.142053,0.494177,1.7903
172,1,0.476328,0.00619187,1.36795,0.142053,0.494177,1.7903
173,1,0.47863,0.0039577,1.36763,0.142053,0.494177,1.7903
174,1,0.480358,-0.00093174,1.36611,0.142053,0.494177,1.7903
175,1,0.483189,-0.00119985,1.36473,0.142053,0.494177,1.7903
176,1,0.485302,-0.00316755,1.36411,0.142053,0.494177,1.7903
177,1,0.485644,-0.00536813,1.36441,0.142053,0.494177,1.7903
178,1,0.488043,-0.00510931,1.36174,0.142053,0.494177,1.7903
179,1,0.486725,-0.00550346,1.36338,0.142053,0.494177,1.7903
180,1,0.486798,-0.00725867,1.36333,0.142053,0.494177,1.7903
181,1,0.487903,-0.00901307,1.36354,0.142053,0.494177,1.7903
182,1,0.487966,-0.00991038,1.36547,0.142053,0.494177,1.7903
183,1,0.48745,-0.0103489,1.36473,0.142053,0.494177,1.7903
184,1,0.48767,-0.0122684,1.36518,0.142053,0.494177,1.7903
185,1,0.48615,-0.0133784,1.36368,0.142053,0.494177,1.7903
186,1,0.486798,-0.0130933,1.36216,0.142053,0.494177,1.7903
187,1,0.486294,-0.0129868,1.36172,0.142053,0.494177,1.7903
188,1,0.485347,-0.0151921,1.36128,0.142053,0.494177,1.7903
189,1,0.485163,-0.0179883,1.36214,0.142053,0.494177,1.7903
190,1,0.484447,-0.0186696,1.3619,0.142053,0.494177,1.7903
191,0,0.486772,-0.0176545,1.35815,0.142053,0.494177,1.7903
192,0,0.485163,-0.0193548,1.35975,0.142053,0.494177,1.7903
193,1,0.485501,-0.0200397,1.35986,0.142053,0.494177,1.7903
194,1,0.484556,-0.0208147,1.36001,0.142053,0.494177,1.7903
195,1,0.484224,-0.0203776,1.36025,0.142053,0.494177,1.7903
196,1,0.483886,-0.0214167,1.36039,0.142053,0.494177,1.7903
197,1,0.483475,-0.0216838,1.36005,0.142053,0.494177,1.7903
198,1,0.482899,-0.0208845,1.35937,0.142053,0.494177,1.7903
199,1,0.482878,-0.0218408,1.35944,0.142053,0.494177,1.7903
200,1,0.483174,-0.0214581,1.36078,0.142053,0.494177,1.7903
201,1,0.48291,-0.0211264,1.36005,0.142053,0.494177,1.7903
202,1,0.482951,-0.0223421,1.36136,0.142053,0.494177,1.7903
203,1,0.482613,-0.0221714,1.36173,0.142053,0.494177,1.7903
204,1,0.482009,-0.0215102,1.36135,0.142053,0.494177,1.7903
205,1,0.481907,-0.0219708,1.36178,0.142053,0.494177,1.7903
206,1,0.482054,-0.0214641,1.3617,0.142053,0.494177,1.7903
207,1,0.481345,-0.0215744,1.36114,0.142053,0.494177,1.7903
208,1,0.480854,-0.022315,1.36144,0.142053,0.494177,1.7903
209,1,0.481361,-0.0221481,1.36079,0.142053,0.494177,1.7903
210,1,0.480604,-0.022033,1.361,0.142053,0.494177,1.7903
211,1,0.480887,-0.0217995,1.36121,0.142053,0.494177,1.7903
212,1,0.480887,-0.0221187,1.3616,0.142053,0.494177,1.7903
213,1,0.480696,-0.0216799,1.36122,0.142053,0.494177,1.7903
214,1,0.480498,-0.0219133,1.3612,0.142053,0.494177,1.7903
215,1,0.480492,-0.0212228,1.36105,0.142053,0.494177,1.7903
216,1,0.479951,-0.0218492,1.36149,0.142053,0.494177,1.7903
217,1,0.47927,-0.0211035,1.36094,0.142053,0.494177,1.7903
218,1,0.47877,-0.0220675,1.36117,0.142053,0.494177,1.7903
219,1,0.479737,-0.0211829,1.36087,0.142053,0.494177,1.7903
220,1,0.479803,-0.0211585,1.36153,0.142053,0.494177,1.7903
221,1,0.478904,-0.0215593,1.36146,0.142053,0.494177,1.7903
222,1,0.479093,-0.0214676,1.36161,0.142053,0.494177,1.7903
223,1,0.479877,-0.0210248,1.36212,0.142053,0.494177,1.7903
224,1,0.479671,-0.0214462,1.36168,0.142053,0.494177,1.7903
225,1,0.478983,-0.0217905,1.36172,0.142053,0.494177,1.7903
226,1,0.479096,-0.0210841,1.36169,0.142053,0.494177,1.7903
227,1,0.479461,-0.0207386,1.36244,0.142053,0.494177,1.7903
228,1,0.479286,-0.021622,1.36225,0.142053,0.494177,1.7903
229,1,0.479393,-0.0209786,1.36249,0.142053,0.494177,1.7903
230,1,0.478524,-0.0209147,1.36248,0.142053,0.494177,1.7903
231,1,0.479405,-0.0209435,1.36252,0.142053,0.494177,1.7903
232,1,0.478494,-0.0203602,1.36221,0.142053,0.494177,1.7903
233,1,0.478702,-0.0208835,1.36263,0.142053,0.494177,1.7903
234,1,0.478719,-0.0203074,1.36232,0.142053,0.494177,1.7903
235,1,0.479086,-0.0204163,1.36281,0.142053,0.494177,1.7903
236,1,0.479153,-0.019776,1.36235,0.142053,0.494177,1.7903
237,1,0.479072,-0.0198835,1.36204,0.142053,0.494177,1.7903
238,1,0.478673,-0.0204018,1.3622,0.142053,0.494177,1.7903
239,1,0.478665,-0.0199995,1.3617,0.142053,0.494177,1.7903
240,1,0.478733,-0.019923,1.36202,0.142053,0.494177,1.7903
241,1,0.479276,-0.0198666,1.36287,0.142053,0.494177,1.7903
242,1,0.479039,-0.0200852,1.36425,0.142053,0.494177,1.7903
243,1,0.478889,-0.0201445,1.36483,0.142053,0.494177,1.7903
244,1,0.479407,-0.0197997,1.36548,0.142053,0.494177,1.7903
245,1,0.479206,-0.0198239,1.36561,0.142053,0.494177,1.7903
246,1,0.479587,-0.0187843,1.36568,0.142053,0.494177,1.7903
247,1,0.479919,-0.0192322,1.36716,0.142053,0.494177,1.7903
248,0,0.480142,-0.0192024,1.36825,0.142053,0.494177,1.7903
249,0,0.480852,-0.0192494,1.36894,0.142053,0.494177,1.7903
250,1,0.480612,-0.0190186,1.3692,0.142053,0.494177,1.7903
251,1,0.480219,-0.019192,1.37021,0.142053,0.494177,1.7903
252,1,0.480687,-0.0192633,1.37043,0.142053,0.494177,1.7903
253,1,0.48012,-0.0196804,1.37307,0.142053,0.494177,1.7903
254,1,0.480495,-0.018734,1.37356,0.142053,0.494177,1.7903
255,1,0.481354,-0.0175515,1.37817,0.142053,0.494177,1.7903
256,1,0.482342,-0.0159063,1.38096,0.142053,0.494177,1.7903
257,1,0.48115,-0.0152223,1.38372,0.142053,0.494177,1.7903
258,1,0.482729,-0.00955277,1.38624,0.142053,0.494177,1.7903
259,1,0.482131,-0.00734591,1.39175,0.142053,0.494177,1.7903
260,1,0.478847,-0.00442338,1.40015,0.142053,0.494177,1.7903
261,1,0.478299,0.0031385,1.40947,0.142053,0.494177,1.7903
262,1,0.474859,0.00905989,1.41942,0.142053,0.494177,1.7903
263,1,0.469726,0.0160182,1.43036,0.142053,0.494177,1.7903
264,1,0.461044,0.0244915,1.44135,0.142053,0.494177,1.7903
265,1,0.455342,0.0330276,1.45548,0.142053,0.494177,1.7903
266,1,0.450221,0.0453024,1.4714,0.142053,0.494177,1.7903
267,1,0.440671,0.0610845,1.4852,0.142053,0.494177,1.7903
268,1,0.430311,0.0708377,1.5042,0.142053,0.494177,1.7903
269,1,0.422196,0.0898551,1.51527,0.142053,0.494177,1.7903
270,1,0.410248,0.10032,1.53536,0.142053,0.494177,1.7903
271,1,0.398025,0.116993,1.5524,0.142053,0.494177,1.7903
272,1,0.385063,0.133858,1.56938,0.142053,0.494177,1.7903
273,1,0.367605,0.148026,1.57894,0.142053,0.494177,1.7903
274,1,0.353302,0.162736,1.59829,0.142053,0.494177,1.7903
275,1,0.339052,0.179931,1.61189,0.142053,0.494177,1.7903
276,1,0.323923,0.199941,1.62436,0.142053,0.494177,1.7903
277,1,0.309867,0.220446,1.6324,0.142053,0.494177,1.7903
278,1,0.294353,0.238412,1.64127,0.142053,0.494177,1.7903
279,1,0.27837,0.255493,1.6486,0.142053,0.494177,1.7903
280,1,0.259968,0.269593,1.65745,0.142053,0.494177,1.7903
281,1,0.245045,0.285164,1.66552,0.142053,0.494177,1.7903
282,1,0.234827,0.296764,1.67185,0.142053,0.494177,1.7903
283,1,0.23304,0.307699,1.67526,0.142053,0.494177,1.7903
284,1,0.225953,0.31906,1.67749,0.142053,0.494177,1.7903
285,1,0.218103,0.328502,1.68077,0.142053,0.494177,1.7903
286,1,0.209338,0.340116,1.68415,0.142053,0.494177,1.7903
287,1,0.200769,0.349482,1.68691,0.142053,0.494177,1.7903
288,1,0.194469,0.360512,1.68931,0.142053,0.494177,1.7903
289,1,0.188027,0.370608,1.69101,0.142053,0.494177,1.7903
290,1,0.180749,0.3804,1.69366,0.142053,0.494177,1.7903
291,1,0.175292,0.387908,1.69667,0.142053,0.494177,1.7903
292,1,0.173949,0.394627,1.69615,0.142053,0.494177,1.7903
293,1,0.166444,0.40254,1.69813,0.142053,0.494177,1.7903
294,1,0.162763,0.409651,1.6989,0.142053,0.494177,1.7903
295,1,0.160663,0.416042,1.698,0.142053,0.494177,1.7903
296,1,0.158099,0.422063,1.69965,0.142053,0.494177,1.7903
297,1,0.155461,0.426951,1.69907,0.142053,0.494177,1.7903
298,1,0.152883,0.432093,1.70157,0.142053,0.494177,1.7903
299,1,0.150851,0.437856,1.7016,0.142053,0.494177,1.7903
300,1,0.14564,0.443257,1.70434,0.142053,0.494177,1.7903
301,1,0.144385,0.447019,1.70309,0.142053,0.494177,1.7903
302,1,0.142768,0.450538,1.70508,0.142053,0.494177,1.7903
303,1,0.142207,0.452749,1.70436,0.142053,0.494177,1.7903
304,1,0.140088,0.455295,1.70306,0.142053,0.494177,1.7903
305,1,0.139453,0.457404,1.70276,0.142053,0.494177,1.7903
306,1,0.136611,0.46042,1.70438,0.142053,0.494177,1.7903
307,1,0.137286,0.46209,1.70338,0.142053,0.494177,1.7903
308,1,0.135261,0.464735,1.70498,0.142053,0.494177,1.7903
309,1,0.135562,0.464207,1.70428,0.142053,0.494177,1.7903
310,1,0.134251,0.465666,1.70518,0.142053,0.494177,1.7903
311,1,0.132848,0.467369,1.70448,0.142053,0.494177,1.7903
312,1,0.132685,0.467301,1.70341,0.142053,0.494177,1.7903
313,1,0.130507,0.472674,1.70885,0.142053,0.494177,1.7903
314,1,0.129734,0.471459,1.70903,0.142053,0.494177,1.7903
315,1,0.130839,0.470561,1.70633,0.142053,0.494177,1.7903
316,1,0.128157,0.473124,1.7094,0.142053,0.494177,1.7903
317,1,0.132291,0.468905,1.70164,0.142053,0.494177,1.7903
318,1,0.131463,0.468302,1.70249,0.142053,0.494177,1.7903
319,1,0.129908,0.468533,1.70331,0.142053,0.494177,1.7903
320,1,0.130421,0.467573,1.70194,0.142053,0.494177,1.7903
321,1,0.128428,0.467385,1.7036,0.142053,0.494177,1.7903
322,1,0.129359,0.46757,1.7058,0.142053,0.494177,1.7903
323,1,0.128761,0.464187,1.70606,0.142053,0.494177,1.7903
324,1,0.12902,0.461245,1.70623,0.142053,0.494177,1.7903
325,1,0.130162,0.458694,1.70531,0.142053,0.494177,1.7903
326,1,0.126241,0.454367,1.70669,0.142053,0.494177,1.7903
327,1,0.125732,0.449812,1.70636,0.142053,0.494177,1.7903
328,1,0.127311,0.442886,1.70451,0.142053,0.494177,1.7903
329,1,0.126563,0.437395,1.70289,0.142053,0.494177,1.7903
330,1,0.126249,0.431521,1.70234,0.142053,0.494177,1.7903
331,1,0.129494,0.422368,1.69805,0.142053,0.494177,1.7903
332,1,0.127968,0.415044,1.69859,0.142053,0.494177,1.7903
333,1,0.129047,0.408504,1.69832,0.142053,0.494177,1.7903
334,1,0.132986,0.400711,1.69717,0.142053,0.494177,1.7903
335,1,0.133386,0.391725,1.69904,0.142053,0.494177,1.7903
336,1,0.134988,0.384841,1.70088,0.142053,0.494177,1.7903
337,1,0.134956,0.378102,1.70358,0.142053,0.494177,1.7903
338,1,0.13474,0.37342,1.70513,0.142053,0.494177,1.7903
339,1,0.133461,0.366772,1.70722,0.142053,0.494177,1.7903
340,1,0.133836,0.361171,1.70902,0.142053,0.494177,1.7903
341,1,0.116404,0.349819,1.71354,0.142053,0.494177,1.7903
342,1,0.115361,0.344779,1.71375,0.142053,0.494177,1.7903
343,1,0.114642,0.33994,1.71274,0.142053,0.494177,1.7903
344,1,0.112454,0.3367,1.71122,0.142053,0.494177,1.7903
345,1,0.10763,0.334152,1.70938,0.142053,0.494177,1.7903
346,1,0.118102,0.3332,1.70775,0.142053,0.494177,1.7903
347,1,0.119255,0.323806,1.7071,0.142053,0.494177,1.7903
348,1,0.118949,0.319104,1.70494,0.142053,0.494177,1.7903
349,1,0.112127,0.312598,1.70126,0.142053,0.494177,1.7903
350,1,0.10711,0.305362,1.69746,0.142053,0.494177,1.7903
351,1,0.10176,0.295812,1.69481,0.142053,0.494177,1.7903
352,1,0.0946336,0.288266,1.69131,0.142053,0.494177,1.7903
353,1,0.0850175,0.276605,1.68424,0.142053,0.494177,1.7903
354,1,0.0743743,0.26371,1.67963,0.142053,0.494177,1.7903
355,1,0.0660419,0.250744,1.67109,0.142053,0.494177,1.7903
356,1,0.0529934,0.237058,1.66368,0.142053,0.494177,1.7903
357,1,0.0379653,0.221721,1.65717,0.142053,0.494177,1.7903
358,1,0.0246659,0.204746,1.65272,0.142053,0.494177,1.7903
359,1,0.00909954,0.184829,1.64512,0.142053,0.494177,1.7903
360,1,-0.00862056,0.164994,1.63372,0.142053,0.494177,1.7903
361,1,-0.02647,0.145985,1.62488,0.142053,0.494177,1.7903
362,1,-0.043083,0.125635,1.62244,0.142053,0.494177,1.7903
363,1,-0.0611936,0.107381,1.62055,0.142053,0.494177,1.7903
364,1,-0.080161,0.0862844,1.61909,0.142053,0.494177,1.7903
365,1,-0.0960902,0.0660909,1.62004,0.142053,0.494177,1.7903
366,1,-0.111645,0.0483381,1.62175,0.142053,0.494177,1.7903
367,1,-0.127813,0.0263103,1.62348,0.142053,0.494177,1.7903
368,1,-0.149646,0.00510572,1.62588,0.142053,0.494177,1.7903
369,1,-0.170414,-0.0158437,1.62413,0.142053,0.494177,1.7903
370,1,-0.189149,-0.0322388,1.61975,0.142053,0.494177,1.7903
371,1,-0.204251,-0.04839,1.62109,0.142053,0.494177,1.7903
372,1,-0.220561,-0.0600631,1.62453,0.142053,0.494177,1.7903
373,1,-0.23582,-0.0722633,1.62737,0.142053,0.494177,1.7903
374,1,-0.2512,-0.0850993,1.62562,0.142053,0.494177,1.7903
375,1,-0.264237,-0.0938718,1.62913,0.142053,0.494177,1.7903
376,1,-0.279894,-0.10467,1.62761,0.142053,0.494177,1.7903
377,1,-0.291046,-0.110835,1.6276,0.142053,0.494177,1.7903
378,1,-0.303403,-0.118187,1.62737,0.142053,0.494177,1.7903
379,1,-0.313558,-0.126624,1.62842,0.142053,0.494177,1.7903
380,1,-0.326103,-0.129982,1.62913,0.142053,0.494177,1.7903
381,1,-0.333898,-0.133871,1.62899,0.142053,0.494177,1.7903
382,1,-0.340276,-0.138517,1.6306,0.142053,0.494177,1.7903
383,1,-0.346687,-0.144183,1.63026,0.142053,0.494177,1.7903
384,1,-0.351285,-0.146651,1.62912,0.142053,0.494177,1.7903
385,1,-0.355979,-0.149024,1.6298,0.142053,0.494177,1.7903
386,1,-0.359009,-0.151832,1.63189,0.142053,0.494177,1.7903
387,1,-0.363358,-0.154107,1.63041,0.142053,0.494177,1.7903
388,1,-0.364337,-0.159212,1.63108,0.142053,0.494177,1.7903
389,1,-0.367712,-0.157875,1.63186,0.142053,0.494177,1.7903
390,1,-0.368683,-0.155047,1.63183,0.142053,0.494177,1.7903
391,1,-0.370164,-0.158779,1.6335,0.142053,0.494177,1.7903
392,1,-0.369813,-0.155609,1.63116,0.142053,0.494177,1.7903
393,1,-0.367564,-0.154666,1.6299,0.142053,0.494177,1.7903
394,1,-0.369211,-0.155442,1.6306,0.142053,0.494177,1.7903
395,1,-0.369253,-0.156893,1.63042,0.142053,0.494177,1.7903
396,1,-0.369801,-0.155968,1.63117,0.142053,0.494177,1.7903
397,1,-0.369352,-0.156438,1.63248,0.142053,0.494177,1.7903
398,1,-0.368848,-0.157459,1.63173,0.142053,0.494177,1.7903
399,1,-0.368142,-0.157202,1.63207,0.142053,0.494177,1.7903
400,1,-0.369611,-0.154614,1.63589,0.142053,0.494177,1.7903
401,1,-0.364917,-0.160438,1.63325,0.142053,0.494177,1.7903
402,1,-0.367681,-0.158772,1.63599,0.142053,0.494177,1.7903
403,1,-0.368073,-0.157861,1.6359,0.142053,0.494177,1.7903
404,1,-0.368189,-0.158208,1.63692,0.142053,0.494177,1.7903
405,1,-0.366817,-0.158831,1.6332,0.142053,0.494177,1.7903
406,1,-0.367534,-0.159886,1.63491,0.142053,0.494177,1.7903
407,1,-0.366925,-0.161265,1.63505,0.142053,0.494177,1.7903
408,1,-0.367796,-0.158198,1.63627,0.142053,0.494177,1.7903
409,1,-0.366438,-0.16066,1.63396,0.142053,0.494177,1.7903
410,1,-0.367188,-0.158955,1.63486,0.142053,0.494177,1.7903
411,1,-0.366089,-0.160166,1.63465,0.142053,0.494177,1.7903
412,1,-0.364625,-0.160661,1.63446,0.142053,0.494177,1.7903
413,1,-0.368109,-0.159175,1.63643,0.142053,0.494177,1.7903
414,1,-0.365721,-0.159972,1.63419,0.142053,0.494177,1.7903
415,1,-0.367142,-0.15695,1.63607,0.142053,0.494177,1.7903
416,1,-0.366041,-0.160081,1.63378,0.142053,0.494177,1.7903
417,0,-0.365024,-0.159893,1.63349,0.142053,0.494177,1.7903
418,0,-0.364568,-0.160326,1.63345,0.142053,0.494177,1.7903
419,0,-0.36496,-0.161401,1.6333,0.142053,0.494177,1.7903
420,0,-0.365532,-0.159929,1.63374,0.142053,0.494177,1.7903
421,0,-0.36489,-0.160892,1.63334,0.142053,0.494177,1.7903
422,0,-0.365705,-0.160306,1.63294,0.142053,0.494177,1.7903
423,0,-0.365547,-0.15936,1.63286,0.142053,0.494177,1.7903
424,0,-0.364667,-0.158046,1.63275,0.142053,0.494177,1.7903
425,0,-0.366466,-0.159422,1.63322,0.142053,0.494177,1.7903
426,0,-0.365593,-0.160051,1.63306,0.142053,0.494177,1.7903
427,0,-0.366078,-0.160136,1.63342,0.142053,0.494177,1.7903
428,0,-0.365787,-0.160808,1.63338,0.142053,0.494177,1.7903
429,0,-0.365113,-0.159742,1.63336,0.142053,0.494177,1.7903
430,0,-0.365273,-0.16011,1.63304,0.142053,0.494177,1.7903
431,0,-0.365731,-0.159339,1.63386,0.142053,0.494177,1.7903
432,0,-0.364883,-0.161302,1.63351,0.142053,0.494177,1.7903
433,0,-0.365315,-0.158515,1.63292,0.142053,0.494177,1.7903
434,0,-0.364599,-0.159018,1.63232,0.142053,0.494177,1.7903
435,0,-0.365636,-0.159402,1.63247,0.142053,0.494177,1.7903
436,0,-0.363577,-0.159489,1.63299,0.142053,0.494177,1.7903
437,0,-0.36468,-0.161381,1.63299,0.142053,0.494177,1.7903
438,0,-0.364737,-0.160754,1.63238,0.142053,0.494177,1.7903
439,0,-0.365274,-0.16129,1.63298,0.142053,0.494177,1.7903
440,0,-0.364542,-0.16069,1.6331,0.142053,0.494177,1.7903
441,0,-0.364573,-0.160424,1.6331,0.142053,0.494177,1.7903
442,0,-0.363803,-0.159054,1.63266,0.142053,0.494177,1.7903
443,0,-0.364812,-0.15965,1.63255,0.142053,0.494177,1.7903
444,0,-0.36514,-0.159877,1.63352,0.142053,0.494177,1.7903
445,0,-0.363347,-0.160016,1.63264,0.142053,0.494177,1.7903
446,0,-0.364535,-0.161319,1.63387,0.142053,0.494177,1.7903
447,0,-0.365117,-0.159988,1.63285,0.142053,0.494177,1.7903
448,0,-0.36541,-0.158692,1.63295,0.142053,0.494177,1.7903
449,0,-0.364393,-0.161172,1.63261,0.142053,0.494177,1.7903
450,0,-0.364752,-0.160628,1.63307,0.142053,0.494177,1.7903
451,0,-0.36544,-0.159964,1.6332,0.142053,0.494177,1.7903
452,0,-0.364875,-0.161246,1.63261,0.142053,0.494177,1.7903
453,0,-0.365301,-0.160328,1.63311,0.142053,0.494177,1.7903
454,0,-0.363651,-0.159656,1.63349,0.142053,0.494177,1.7903
455,0,-0.365394,-0.158566,1.63238,0.142053,0.494177,1.7903
456,0,-0.3668,-0.158845,1.63544,0.142053,0.494177,1.7903
457,0,-0.365057,-0.161462,1.6336,0.142053,0.494177,1.7903
458,0,-0.364811,-0.160576,1.63329,0.142053,0.494177,1.7903
459,0,-0.364963,-0.161171,1.63293,0.142053,0.494177,1.7903
460,0,-0.364589,-0.158525,1.63271,0.142053,0.494177,1.7903
461,0,-0.365813,-0.161277,1.63277,0.142053,0.494177,1.7903
462,0,-0.366204,-0.159512,1.63451,0.142053,0.494177,1.7903
463,0,-0.365161,-0.159852,1.633,0.142053,0.494177,1.7903
464,0,-0.363543,-0.160782,1.63319,0.142053,0.494177,1.7903
465,0,-0.364376,-0.160495,1.63301,0.142053,0.494177,1.7903
466,0,-0.364005,-0.160157,1.63324,0.142053,0.494177,1.7903
467,0,-0.364132,-0.158862,1.63287,0.142053,0.494177,1.7903
468,0,-0.364966,-0.159877,1.63332,0.142053,0.494177,1.7903
469,0,-0.365317,-0.160527,1.6327,0.142053,0.494177,1.7903
470,0,-0.365827,-0.159854,1.63547,0.142053,0.494177,1.7903
471,0,-0.366191,-0.159446,1.63521,0.142053,0.494177,1.7903
472,0,-0.36447,-0.159777,1.63276,0.142053,0.494177,1.7903
473,0,-0.365394,-0.160329,1.63378,0.142053,0.494177,1.7903
474,0,-0.365319,-0.159699,1.63358,0.142053,0.494177,1.7903
475,0,-0.364023,-0.159789,1.63348,0.142053,0.494177,1.7903
476,0,-0.365895,-0.157749,1.6342,0.142053,0.494177,1.7903
477,0,-0.366072,-0.159424,1.63327,0.142053,0.494177,1.7903
478,0,-0.364736,-0.159601,1.63332,0.142053,0.494177,1.7903
479,0,-0.364008,-0.159184,1.63186,0.142053,0.494177,1.7903
480,0,-0.364932,-0.160575,1.63311,0.142053,0.494177,1.7903
481,0,-0.365368,-0.160986,1.63378,0.142053,0.494177,1.7903
482,0,-0.366577,-0.158098,1.63512,0.142053,0.494177,1.7903
483,0,-0.364644,-0.160451,1.63306,0.142053,0.494177,1.7903
484,0,-0.366008,-0.159093,1.63363,0.142053,0.494177,1.7903
485,0,-0.365133,-0.160495,1.63376,0.142053,0.494177,1.7903
486,0,-0.364758,-0.161215,1.63373,0.142053,0.494177,1.7903
487,0,-0.365151,-0.158566,1.63334,0.142053,0.494177,1.7903
488,0,-0.36568,-0.158704,1.63284,0.142053,0.494177,1.7903
489,0,-0.365015,-0.159859,1.63325,0.142053,0.494177,1.7903
490,0,-0.366031,-0.159327,1.63412,0.142053,0.494177,1.7903
491,0,-0.367697,-0.159667,1.63578,0.142053,0.494177,1.7903
492,0,-0.365765,-0.160602,1.63336,0.142053,0.494177,1.7903
493,0,-0.364818,-0.159944,1.63272,0.142053,0.494177,1.7903
494,0,-0.365243,-0.15948,1.63366,0.142053,0.494177,1.7903
495,0,-0.365401,-0.160909,1.63388,0.142053,0.494177,1.7903
496,0,-0.365958,-0.158755,1.63361,0.142053,0.494177,1.7903
497,0,-0.365841,-0.159596,1.63256,0.142053,0.494177,1.7903
498,0,-0.365226,-0.160941,1.63351,0.142053,0.494177,1.7903
499,0,-0.366656,-0.159171,1.63599,0.142053,0.494177,1.7903
500,0,-0.365381,-0.161408,1.63345,0.142053,0.494177,1.7903
501,0,-0.363995,-0.160379,1.63417,0.142053,0.494177,1.7903
502,0,-0.365695,-0.158598,1.63358,0.142053,0.494177,1.7903
503,0,-0.366616,-0.159833,1.63518,0.142053,0.494177,1.7903
504,0,-0.367464,-0.158433,1.63556,0.142053,0.494177,1.7903
505,0,-0.365473,-0.158399,1.63317,0.142053,0.494177,1.7903
506,0,-0.366762,-0.158775,1.63545,0.142053,0.494177,1.7903
507,0,-0.365648,-0.16146,1.63397,0.142053,0.494177,1.7903
508,0,-0.365329,-0.161553,1.63349,0.142053,0.494177,1.7903
509,0,-0.365172,-0.160798,1.63401,0.142053,0.494177,1.7903
510,0,-0.36591,-0.160856,1.63364,0.142053,0.494177,1.7903
511,0,-0.366139,-0.160727,1.63353,0.142053,0.494177,1.7903
512,0,-0.365187,-0.15979,1.63339,0.142053,0.494177,1.7903
513,0,-0.36597,-0.160055,1.6351,0.142053,0.494177,1.7903
514,0,-0.365236,-0.159232,1.632,0.142053,0.494177,1.7903
515,0,-0.365079,-0.158929,1.63252,0.142053,0.494177,1.7903
516,0,-0.36638,-0.158163,1.63394,0.142053,0.494177,1.7903
517,0,-0.366219,-0.160006,1.63354,0.142053,0.494177,1.7903
518,0,-0.365291,-0.158369,1.63382,0.142053,0.494177,1.7903
520,1,-0.366912,-0.158749,1.63497,0.142053,0.494177,1.7903
521,1,-0.367249,-0.156412,1.63557,0.142053,0.494177,1.7903
522,1,-0.365505,-0.159037,1.63386,0.142053,0.494177,1.7903
523,1,-0.366443,-0.158676,1.63432,0.142053,0.494177,1.7903
524,1,-0.369118,-0.155822,1.63552,0.142053,0.494177,1.7903
525,1,-0.368196,-0.156106,1.63554,0.142053,0.494177,1.7903
526,1,-0.367913,-0.157498,1.63675,0.142053,0.494177,1.7903
527,1,-0.368504,-0.156797,1.63693,0.142053,0.494177,1.7903
528,1,-0.368026,-0.158115,1.63625,0.142053,0.494177,1.7903
529,1,-0.366349,-0.159409,1.6346,0.142053,0.494177,1.7903
530,1,-0.367732,-0.156545,1.63604,0.142053,0.494177,1.7903
531,1,-0.367856,-0.157994,1.6366,0.142053,0.494177,1.7903
532,1,-0.368398,-0.15782,1.63599,0.142053,0.494177,1.7903
533,1,-0.368967,-0.15617,1.63588,0.142053,0.494177,1.7903
534,1,-0.367496,-0.156937,1.63662,0.142053,0.494177,1.7903
535,1,-0.36992,-0.15605,1.63624,0.142053,0.494177,1.7903
536,1,-0.367828,-0.156708,1.6346,0.142053,0.494177,1.7903
537,1,-0.366114,-0.153638,1.63375,0.142053,0.494177,1.7903
538,1,-0.362999,-0.151978,1.63151,0.142053,0.494177,1.7903
539,1,-0.359721,-0.146735,1.63032,0.142053,0.494177,1.7903
540,1,-0.355087,-0.139387,1.62814,0.142053,0.494177,1.7903
541,1,-0.34982,-0.132948,1.62407,0.142053,0.494177,1.7903
542,1,-0.343223,-0.126923,1.61958,0.142053,0.494177,1.7903
543,1,-0.333378,-0.115655,1.61426,0.142053,0.494177,1.7903
544,1,-0.322937,-0.107434,1.61262,0.142053,0.494177,1.7903
545,1,-0.309196,-0.0992278,1.60602,0.142053,0.494177,1.7903
546,1,-0.293802,-0.0877352,1.60472,0.142053,0.494177,1.7903
547,1,-0.277841,-0.081487,1.60545,0.142053,0.494177,1.7903
548,1,-0.257304,-0.0713657,1.60192,0.142053,0.494177,1.7903
549,1,-0.238059,-0.0656827,1.6017,0.142053,0.494177,1.7903
550,1,-0.214864,-0.0595039,1.59625,0.142053,0.494177,1.7903
551,1,-0.191799,-0.0545954,1.59364,0.142053,0.494177,1.7903
552,1,-0.167173,-0.051422,1.59268,0.142053,0.494177,1.7903
553,1,-0.142898,-0.0488877,1.59756,0.142053,0.494177,1.7903
554,1,-0.117369,-0.0481385,1.60274,0.142053,0.494177,1.7903
555,1,-0.0939195,-0.0452344,1.60149,0.142053,0.494177,1.7903
556,1,-0.0666357,-0.0441845,1.60313,0.142053,0.494177,1.7903
557,1,-0.0418547,-0.0427737,1.60109,0.142053,0.494177,1.7903
558,1,-0.0176239,-0.041167,1.60578,0.142053,0.494177,1.7903
559,1,0.00626354,-0.0429423,1.60869,0.142053,0.494177,1.7903
560,1,0.0273492,-0.0451445,1.61239,0.142053,0.494177,1.7903
561,1,0.0508628,-0.0491983,1.61677,0.142053,0.494177,1.7903
562,1,0.0718056,-0.05091,1.62047,0.142053,0.494177,1.7903
563,1,0.0913862,-0.0546055,1.62696,0.142053,0.494177,1.7903
564,1,0.112695,-0.0573973,1.63432,0.142053,0.494177,1.7903
565,1,0.131543,-0.0656282,1.64312,0.142053,0.494177,1.7903
566,1,0.151069,-0.0723812,1.6513,0.142053,0.494177,1.7903
567,1,0.166956,-0.082053,1.65998,0.142053,0.494177,1.7903
568,1,0.186202,-0.0889507,1.67049,0.142053,0.494177,1.7903
569,1,0.202087,-0.0975854,1.67772,0.142053,0.494177,1.7903
570,1,0.216644,-0.106853,1.68724,0.142053,0.494177,1.7903
571,1,0.230912,-0.115024,1.69693,0.142053,0.494177,1.7903
572,1,0.244673,-0.121779,1.70497,0.142053,0.494177,1.7903
573,1,0.254935,-0.129607,1.71392,0.142053,0.494177,1.7903
574,1,0.264657,-0.135142,1.72042,0.142053,0.494177,1.7903
575,1,0.273968,-0.14074,1.7251,0.142053,0.494177,1.7903
576,1,0.281626,-0.146279,1.72912,0.142053,0.494177,1.7903
577,1,0.288087,-0.15084,1.7291,0.142053,0.494177,1.7903
578,1,0.295159,-0.155711,1.73317,0.142053,0.494177,1.7903
579,1,0.301201,-0.162694,1.73851,0.142053,0.494177,1.7903
580,1,0.303612,-0.166309,1.73716,0.142053,0.494177,1.7903
581,1,0.306942,-0.172194,1.73828,0.142053,0.494177,1.7903
582,1,0.310754,-0.177081,1.73968,0.142053,0.494177,1.7903
583,1,0.313503,-0.180211,1.74074,0.142053,0.494177,1.7903
584,1,0.315636,-0.18161,1.7409,0.142053,0.494177,1.7903
585,1,0.319885,-0.18469,1.74172,0.142053,0.494177,1.7903
586,1,0.321893,-0.186335,1.74155,0.142053,0.494177,1.7903
587,1,0.323417,-0.18976,1.74314,0.142053,0.494177,1.7903
588,1,0.32564,-0.195138,1.74562,0.142053,0.494177,1.7903
589,1,0.324392,-0.196199,1.74708,0.142053,0.494177,1.7903
590,1,0.325,-0.197164,1.74718,0.142053,0.494177,1.7903
591,1,0.324741,-0.199068,1.75012,0.142053,0.494177,1.7903
592,1,0.325234,-0.198664,1.74963,0.142053,0.494177,1.7903
593,1,0.326104,-0.198694,1.74704,0.142053,0.494177,1.7903
594,1,0.325075,-0.198419,1.74838,0.142053,0.494177,1.7903
595,1,0.331623,-0.200704,1.74608,0.142053,0.494177,1.7903
596,1,0.326368,-0.19944,1.74747,0.142053,0.494177,1.7903
597,1,0.326244,-0.198984,1.74713,0.142053,0.494177,1.7903
598,1,0.325735,-0.199025,1.74703,0.142053,0.494177,1.7903
599,1,0.326559,-0.198748,1.74639,0.142053,0.494177,1.7903
600,1,0.324994,-0.197814,1.74655,0.142053,0.494177,1.7903
601,1,0.328219,-0.197928,1.74428,0.142053,0.494177,1.7903
602,1,0.325171,-0.196007,1.74232,0.142053,0.494177,1.7903
603,1,0.323595,-0.195134,1.74083,0.142053,0.494177,1.7903
604,1,0.325633,-0.189891,1.74339,0.142053,0.494177,1.7903
605,1,0.326349,-0.184788,1.74318,0.142053,0.494177,1.7903
606,0,0.328668,-0.18693,1.74305,0.142053,0.494177,1.7903
607,0,0.32605,-0.191141,1.7528,0.142053,0.494177,1.7903
608,0,0.325714,-0.189926,1.7522,0.142053,0.494177,1.7903
609,0,0.325852,-0.190189,1.75366,0.142053,0.494177,1.7903
610,0,0.324499,-0.189395,1.75346,0.142053,0.494177,1.7903
611,0,0.32503,-0.190259,1.7543,0.142053,0.494177,1.7903
612,0,0.324993,-0.190099,1.75351,0.142053,0.494177,1.7903
613,0,0.325341,-0.189989,1.7531,0.142053,0.494177,1.7903
614,0,0.326236,-0.1901,1.75302,0.142053,0.494177,1.7903
615,0,0.324734,-0.189872,1.75388,0.142053,0.494177,1.7903
616,0,0.32613,-0.190573,1.75392,0.142053,0.494177,1.7903
617,0,0.324703,-0.190454,1.75453,0.142053,0.494177,1.7903
618,0,0.324076,-0.18908,1.75758,0.142053,0.494177,1.7903
619,0,0.325551,-0.190388,1.75278,0.142053,0.494177,1.7903
620,0,0.32574,-0.190171,1.7528,0.142053,0.494177,1.7903
621,0,0.325902,-0.190602,1.75296,0.142053,0.494177,1.7903
622,0,0.324896,-0.190367,1.75485,0.142053,0.494177,1.7903
623,0,0.326425,-0.191284,1.75327,0.142053,0.494177,1.7903
624,0,0.326264,-0.190777,1.75404,0.142053,0.494177,1.7903
625,0,0.324821,-0.190551,1.7544,0.142053,0.494177,1.7903
626,0,0.325434,-0.190859,1.75359,0.142053,0.494177,1.7903
627,0,0.325581,-0.190518,1.7541,0.142053,0.494177,1.7903
628,0,0.3264,-0.191274,1.7545,0.142053,0.494177,1.7903
629,0,0.32612,-0.190702,1.75373,0.142053,0.494177,1.7903
630,0,0.32646,-0.190474,1.75395,0.142053,0.494177,1.7903
631,0,0.324963,-0.190883,1.75467,0.142053,0.494177,1.7903
632,0,0.325944,-0.190872,1.75393,0.142053,0.494177,1.7903
633,0,0.324574,-0.190158,1.75495,0.142053,0.494177,1.7903
634,0,0.325657,-0.190676,1.75422,0.142053,0.494177,1.7903
635,0,0.326944,-0.190612,1.75361,0.142053,0.494177,1.7903
636,0,0.32646,-0.190425,1.75297,0.142053,0.494177,1.7903
637,0,0.325457,-0.191064,1.75373,0.142053,0.494177,1.7903
638,0,0.325807,-0.189229,1.75307,0.142053,0.494177,1.7903
639,0,0.325243,-0.190806,1.75368,0.142053,0.494177,1.7903
640,0,0.326126,-0.190306,1.75304,0.142053,0.494177,1.7903
641,0,0.326135,-0.190851,1.75355,0.142053,0.494177,1.7903
642,0,0.325855,-0.190831,1.75301,0.142053,0.494177,1.7903
643,0,0.325861,-0.191194,1.7542,0.142053,0.494177,1.7903
644,0,0.325572,-0.190387,1.75452,0.142053,0.494177,1.7903
645,0,0.326202,-0.190722,1.75333,0.142053,0.494177,1.7903
646,0,0.325478,-0.19005,1.75416,0.142053,0.494177,1.7903
647,0,0.326847,-0.190975,1.75445,0.142053,0.494177,1.7903
648,0,0.326079,-0.191252,1.75417,0.142053,0.494177,1.7903
649,0,0.326586,-0.190971,1.7538,0.142053,0.494177,1.7903
650,0,0.326509,-0.190811,1.7534,0.142053,0.494177,1.7903
651,0,0.32603,-0.190185,1.754,0.142053,0.494177,1.7903
652,0,0.326072,-0.190799,1.75441,0.142053,0.494177,1.7903
653,0,0.326775,-0.191648,1.75377,0.142053,0.494177,1.7903
654,0,0.324285,-0.189982,1.75449,0.142053,0.494177,1.7903
655,0,0.325218,-0.190424,1.75622,0.142053,0.494177,1.7903
656,0,0.326658,-0.191027,1.75377,0.142053,0.494177,1.7903
657,0,0.32496,-0.19089,1.75494,0.142053,0.494177,1.7903
658,0,0.325517,-0.19011,1.7539,0.142053,0.494177,1.7903
659,0,0.32562,-0.190506,1.75397,0.142053,0.494177,1.7903
660,0,0.32626,-0.191151,1.75351,0.142053,0.494177,1.7903
661,0,0.325728,-0.190436,1.75344,0.142053,0.494177,1.7903
662,0,0.326285,-0.190723,1.75347,0.142053,0.494177,1.7903
663,0,0.326745,-0.191666,1.75346,0.142053,0.494177,1.7903
664,0,0.32511,-0.190852,1.75525,0.142053,0.494177,1.7903
665,0,0.32466,-0.190557,1.75548,0.142053,0.494177,1.7903
666,0,0.325972,-0.190953,1.75371,0.142053,0.494177,1.7903
668,0,0.326117,-0.190778,1.75372,0.142053,0.494177,1.7903
669,0,0.326196,-0.190713,1.75367,0.142053,0.494177,1.7903
670,0,0.32516,-0.190812,1.75435,0.142053,0.494177,1.7903
671,0,0.324887,-0.190304,1.75471,0.142053,0.494177,1.7903
672,0,0.325961,-0.19202,1.75335,0.142053,0.494177,1.7903
673,0,0.325234,-0.190158,1.75393,0.142053,0.494177,1.7903
674,0,0.328075,-0.190562,1.74967,0.142053,0.494177,1.7903
675,0,0.326547,-0.191413,1.75367,0.142053,0.494177,1.7903
676,0,0.325801,-0.190296,1.75423,0.142053,0.494177,1.7903
677,0,0.325024,-0.190074,1.75479,0.142053,0.494177,1.7903
678,0,0.325491,-0.190167,1.75457,0.142053,0.494177,1.7903
679,0,0.32617,-0.1913,1.75416,0.142053,0.494177,1.7903
680,0,0.325845,-0.189722,1.7545,0.142053,0.494177,1.7903
681,0,0.326053,-0.190538,1.7544,0.142053,0.494177,1.7903
682,0,0.325714,-0.190219,1.75454,0.142053,0.494177,1.7903
683,0,0.326414,-0.190679,1.75353,0.142053,0.494177,1.7903
684,0,0.325657,-0.190684,1.75388,0.142053,0.494177,1.7903
685,0,0.327794,-0.189964,1.74906,0.142053,0.494177,1.7903
686,0,0.328185,-0.189941,1.74965,0.142053,0.494177,1.7903
687,0,0.327517,-0.190139,1.74968,0.142053,0.494177,1.7903
688,0,0.325702,-0.190849,1.75353,0.142053,0.494177,1.7903
689,0,0.328183,-0.190321,1.74862,0.142053,0.494177,1.7903
