Locations,6
Location Intervals,20
Sector Intervals,36
Edge,0,Number,0
0,0,0,0,0,0,0,0,0,0,0,0,0,0,0,0,0,0,0,0,0,0,0,0,0,0,0,0,0,0,0,0,0,0,0,0,0,0,0,0,0,0,0,0,0,0,0,0,0,0,0,0,0,0,0,0,0,0,0,0
Edge,1,Number,0
-0.186397,-0.157208,1.72607,-0.165257,-0.139015,1.70511,-0.140656,-0.121641,1.68722,-0.114252,-0.104849,1.67131,-0.0864416,-0.0885317,1.65702,-0.0576351,-0.0727737,1.64433,-0.0278823,-0.0575249,1.6331,0.00274813,-0.0427898,1.62332,0.0340595,-0.0286513,1.61499,0.066045,-0.0151118,1.60809,0.0985918,-0.00223658,1.60265,0.131536,0.00988611,1.59866,0.164984,0.021252,1.59612,0.198725,0.0317296,1.59504,0.232814,0.0412377,1.59544,0.267135,0.0496043,1.59731,0.301662,0.0565999,1.6006,0.336375,0.0618383,1.60513,0.371373,0.0645774,1.61023,0.406833,0.0629437,1.61287
Edge,2,Number,0
-0.160669,-0.104774,1.72635,-0.151816,-0.0846077,1.72814,-0.142962,-0.064441,1.72992,-0.134108,-0.0442743,1.73171,-0.125254,-0.0241075,1.7335,-0.1164,-0.00394081,1.73529,-0.107546,0.0162259,1.73708,-0.0986918,0.0363927,1.73887,-0.0898378,0.0565594,1.74066,-0.0809839,0.0767261,1.74245,-0.0721299,0.0968929,1.74423,-0.063276,0.11706,1.74602,-0.054422,0.137226,1.74781,-0.0455681,0.157393,1.7496,-0.0367141,0.17756,1.75139,-0.0278601,0.197727,1.75318,-0.0190062,0.217893,1.75497,-0.0101522,0.23806,1.75676,-0.00129827,0.258227,1.75854,0.00755569,0.278393,1.76033
Edge,3,Number,0
-0.123026,-0.208929,1.64471,-0.10972,-0.209223,1.63302,-0.0964151,-0.209517,1.62133,-0.0831098,-0.209811,1.60964,-0.0698045,-0.210105,1.59795,-0.0564993,-0.210399,1.58626,-0.043194,-0.210693,1.57457,-0.0298887,-0.210987,1.56287,-0.0165834,-0.211281,1.55118,-0.00327814,-0.211575,1.53949,0.0100271,-0.21187,1.5278,0.0233324,-0.212164,1.51611,0.0366377,-0.212458,1.50442,0.049943,-0.212752,1.49272,0.0632483,-0.213046,1.48103,0.0765535,-0.21334,1.46934,0.0898588,-0.213634,1.45765,0.103164,-0.213928,1.44596,0.116469,-0.214222,1.43427,0.129775,-0.214516,1.42258
Edge,4,Number,0
-0.103449,-0.206309,1.7345,-0.0984857,-0.20627,1.73534,-0.0935222,-0.206232,1.73618,-0.0885587,-0.206193,1.73702,-0.0835953,-0.206154,1.73785,-0.0786318,-0.206116,1.73869,-0.0736684,-0.206077,1.73953,-0.0687049,-0.206039,1.74037,-0.0637415,-0.206,1.7412,-0.058778,-0.205961,1.74204,-0.0538146,-0.205923,1.74288,-0.0488511,-0.205884,1.74372,-0.0438877,-0.205845,1.74455,-0.0389242,-0.205807,1.74539,-0.0339608,-0.205768,1.74623,-0.0289973,-0.20573,1.74707,-0.0240339,-0.205691,1.7479,-0.0190704,-0.205652,1.74874,-0.0141069,-0.205614,1.74958,-0.0091435,-0.205575,1.75042
Edge,5,Number,0
-0.273941,-0.226872,1.64193,-0.277298,-0.227843,1.63823,-0.280654,-0.228814,1.63453,-0.284011,-0.229785,1.63083,-0.287367,-0.230755,1.62713,-0.290724,-0.231726,1.62343,-0.29408,-0.232697,1.61973,-0.297437,-0.233668,1.61603,-0.300793,-0.234639,1.61233,-0.30415,-0.23561,1.60863,-0.307506,-0.23658,1.60494,-0.310863,-0.237551,1.60124,-0.314219,-0.238522,1.59754,-0.317576,-0.239493,1.59384,-0.320932,-0.240464,1.59014,-0.324289,-0.241435,1.58644,-0.327645,-0.242405,1.58274,-0.331002,-0.243376,1.57904,-0.334358,-0.244347,1.57534,-0.337715,-0.245318,1.57164
Edge,6,Number,0
0.346288,0.00572083,1.63389,0.322775,-0.00334649,1.63744,0.299262,-0.0124138,1.64099,0.275749,-0.0214811,1.64454,0.252236,-0.0305485,1.6481,0.228724,-0.0396158,1.65165,0.205211,-0.0486831,1.6552,0.181698,-0.0577504,1.65875,0.158185,-0.0668178,1.66231,0.134672,-0.0758851,1.66586,0.11116,-0.0849524,1.66941,0.0876468,-0.0940197,1.67296,0.064134,-0.103087,1.67652,0.0406212,-0.112154,1.68007,0.0171084,-0.121222,1.68362,-0.0064044,-0.130289,1.68717,-0.0299172,-0.139356,1.69073,-0.05343,-0.148424,1.69428,-0.0769428,-0.157491,1.69783,-0.100456,-0.166558,1.70138
Edge,7,Number,0
0,0,0,0,0,0,0,0,0,0,0,0,0,0,0,0,0,0,0,0,0,0,0,0,0,0,0,0,0,0,0,0,0,0,0,0,0,0,0,0,0,0,0,0,0,0,0,0,0,0,0,0,0,0,0,0,0,0,0,0
Edge,8,Number,0
0.430757,0.0727551,1.61424,0.411704,0.0891405,1.61202,0.391327,0.104137,1.61166,0.370488,0.118616,1.61242,0.349567,0.13275,1.61409,0.328543,0.146755,1.61659,0.307588,0.16064,1.61986,0.286697,0.174494,1.62394,0.265981,0.188315,1.62881,0.245462,0.202147,1.63452,0.225204,0.216007,1.6411,0.205285,0.229911,1.64862,0.185779,0.243879,1.65714,0.166867,0.257875,1.66671,0.14861,0.271965,1.67744,0.13122,0.286128,1.68937,0.11488,0.300413,1.70257,0.099859,0.314862,1.71696,0.0863298,0.329713,1.73229,0.0741693,0.345847,1.74748
Edge,9,Number,0
0.39385,-0.0169773,1.55346,0.387327,-0.0241415,1.54615,0.380805,-0.0313057,1.53884,0.374282,-0.0384699,1.53153,0.36776,-0.0456341,1.52422,0.361237,-0.0527983,1.51691,0.354715,-0.0599625,1.5096,0.348193,-0.0671267,1.50229,0.34167,-0.0742909,1.49498,0.335148,-0.0814551,1.48767,0.328625,-0.0886194,1.48035,0.322103,-0.0957836,1.47304,0.31558,-0.102948,1.46573,0.309058,-0.110112,1.45842,0.302536,-0.117276,1.45111,0.296013,-0.12444,1.4438,0.289491,-0.131605,1.43649,0.282968,-0.138769,1.42918,0.276446,-0.145933,1.42187,0.269923,-0.153097,1.41456
Edge,10,Number,0
0.368049,-0.0121335,1.65281,0.357961,-0.0191991,1.65702,0.347874,-0.0262647,1.66124,0.337786,-0.0333303,1.66545,0.327698,-0.0403959,1.66966,0.31761,-0.0474615,1.67387,0.307523,-0.0545271,1.67808,0.297435,-0.0615927,1.6823,0.287347,-0.0686583,1.68651,0.27726,-0.0757239,1.69072,0.267172,-0.0827896,1.69493,0.257084,-0.0898552,1.69914,0.246996,-0.0969208,1.70335,0.236909,-0.103986,1.70757,0.226821,-0.111052,1.71178,0.216733,-0.118118,1.71599,0.206646,-0.125183,1.7202,0.196558,-0.132249,1.72441,0.18647,-0.139314,1.72863,0.176382,-0.14638,1.73284
Edge,11,Number,0
0.340526,0.00599819,1.60226,0.307069,-0.00615001,1.59751,0.273612,-0.0182982,1.59276,0.240155,-0.0304464,1.58801,0.206698,-0.0425946,1.58327,0.173241,-0.0547428,1.57852,0.139784,-0.066891,1.57377,0.106327,-0.0790392,1.56902,0.0728696,-0.0911874,1.56427,0.0394125,-0.103336,1.55952,0.00595547,-0.115484,1.55478,-0.0275016,-0.127632,1.55003,-0.0609587,-0.13978,1.54528,-0.0944157,-0.151928,1.54053,-0.127873,-0.164077,1.53578,-0.16133,-0.176225,1.53103,-0.194787,-0.188373,1.52629,-0.228244,-0.200521,1.52154,-0.261701,-0.212669,1.51679,-0.295158,-0.224818,1.51204
Edge,12,Number,0
0.00755569,0.278393,1.76033,-0.00129827,0.258227,1.75854,-0.0101522,0.23806,1.75676,-0.0190062,0.217893,1.75497,-0.0278601,0.197727,1.75318,-0.0367141,0.17756,1.75139,-0.0455681,0.157393,1.7496,-0.054422,0.137226,1.74781,-0.063276,0.11706,1.74602,-0.0721299,0.0968929,1.74423,-0.0809839,0.0767261,1.74245,-0.0898378,0.0565594,1.74066,-0.0986918,0.0363927,1.73887,-0.107546,0.0162259,1.73708,-0.1164,-0.00394081,1.73529,-0.125254,-0.0241075,1.7335,-0.134108,-0.0442743,1.73171,-0.142962,-0.064441,1.72992,-0.151816,-0.0846077,1.72814,-0.160669,-0.104774,1.72635
Edge,13,Number,0
0.133113,0.313126,1.73881,0.145623,0.302639,1.73406,0.158132,0.292151,1.72931,0.170642,0.281664,1.72457,0.183152,0.271176,1.71982,0.195662,0.260689,1.71507,0.208171,0.250201,1.71032,0.220681,0.239714,1.70557,0.233191,0.229226,1.70083,0.2457,0.218739,1.69608,0.25821,0.208251,1.69133,0.27072,0.197763,1.68658,0.283229,0.187276,1.68184,0.295739,0.176788,1.67709,0.308249,0.166301,1.67234,0.320758,0.155813,1.66759,0.333268,0.145326,1.66284,0.345778,0.134838,1.6581,0.358287,0.124351,1.65335,0.370797,0.113863,1.6486
Edge,14,Number,0
0,0,0,0,0,0,0,0,0,0,0,0,0,0,0,0,0,0,0,0,0,0,0,0,0,0,0,0,0,0,0,0,0,0,0,0,0,0,0,0,0,0,0,0,0,0,0,0,0,0,0,0,0,0,0,0,0,0,0,0
Edge,15,Number,0
0.0527112,0.367975,1.72867,0.0584519,0.350101,1.69694,0.0652424,0.330141,1.6666,0.0724645,0.308918,1.6373,0.0799728,0.28659,1.60883,0.0876628,0.263325,1.58124,0.0955047,0.23913,1.55447,0.103466,0.214033,1.52856,0.111501,0.188126,1.50361,0.119626,0.16129,1.47959,0.127794,0.13363,1.45665,0.136007,0.10507,1.43481,0.144255,0.0755941,1.4142,0.152503,0.0452566,1.39496,0.160746,0.0140082,1.37721,0.168961,-0.0181382,1.36112,0.177112,-0.0510943,1.3469,0.185204,-0.0848815,1.3347,0.193227,-0.119336,1.32465,0.201406,-0.154255,1.31611
Edge,16,Number,0
0.0501543,0.348021,1.74894,0.0521947,0.3238,1.73756,0.0548096,0.298573,1.72887,0.0574733,0.272714,1.72206,0.060031,0.246543,1.71684,0.0624419,0.220057,1.71299,0.0646753,0.193475,1.71042,0.0667324,0.16669,1.70901,0.068599,0.139917,1.70874,0.070271,0.113126,1.70957,0.0717449,0.0863998,1.71148,0.073017,0.059699,1.71448,0.0740759,0.0331798,1.71856,0.0749096,0.00685607,1.72373,0.075509,-0.0192369,1.73002,0.0758518,-0.0450227,1.73745,0.0759113,-0.0704356,1.74604,0.0756484,-0.0953755,1.7558,0.0749846,-0.119822,1.76674,0.073711,-0.143885,1.77861
Edge,17,Number,0
-0.0115359,0.29056,1.73128,-0.028931,0.266061,1.72092,-0.046326,0.241562,1.71056,-0.0637211,0.217063,1.7002,-0.0811161,0.192564,1.68984,-0.0985112,0.168065,1.67948,-0.115906,0.143565,1.66912,-0.133301,0.119066,1.65876,-0.150696,0.0945672,1.6484,-0.168091,0.0700681,1.63804,-0.185486,0.0455689,1.62767,-0.202881,0.0210698,1.61731,-0.220277,-0.00342929,1.60695,-0.237672,-0.0279284,1.59659,-0.255067,-0.0524275,1.58623,-0.272462,-0.0769266,1.57587,-0.289857,-0.101426,1.56551,-0.307252,-0.125925,1.55515,-0.324647,-0.150424,1.54479,-0.342042,-0.174923,1.53443
Edge,18,Number,0
0.129775,-0.214516,1.42258,0.116469,-0.214222,1.43427,0.103164,-0.213928,1.44596,0.0898588,-0.213634,1.45765,0.0765535,-0.21334,1.46934,0.0632483,-0.213046,1.48103,0.049943,-0.212752,1.49272,0.0366377,-0.212458,1.50442,0.0233324,-0.212164,1.51611,0.0100271,-0.21187,1.5278,-0.00327814,-0.211575,1.53949,-0.0165834,-0.211281,1.55118,-0.0298887,-0.210987,1.56287,-0.043194,-0.210693,1.57457,-0.0564993,-0.210399,1.58626,-0.0698045,-0.210105,1.59795,-0.0831098,-0.209811,1.60964,-0.0964151,-0.209517,1.62133,-0.10972,-0.209223,1.63302,-0.123026,-0.208929,1.64471
Edge,19,Number,0
0.269923,-0.153097,1.41456,0.276446,-0.145933,1.42187,0.282968,-0.138769,1.42918,0.289491,-0.131605,1.43649,0.296013,-0.12444,1.4438,0.302536,-0.117276,1.45111,0.309058,-0.110112,1.45842,0.31558,-0.102948,1.46573,0.322103,-0.0957836,1.47304,0.328625,-0.0886194,1.48035,0.335148,-0.0814551,1.48767,0.34167,-0.0742909,1.49498,0.348193,-0.0671267,1.50229,0.354715,-0.0599625,1.5096,0.361237,-0.0527983,1.51691,0.36776,-0.0456341,1.52422,0.374282,-0.0384699,1.53153,0.380805,-0.0313057,1.53884,0.387327,-0.0241415,1.54615,0.39385,-0.0169773,1.55346
Edge,20,Number,0
0.187797,-0.124659,1.41442,0.181968,-0.102886,1.42971,0.176138,-0.081112,1.44501,0.170308,-0.0593383,1.4603,0.164478,-0.0375645,1.4756,0.158648,-0.0157908,1.49089,0.152818,0.00598292,1.50618,0.146988,0.0277567,1.52148,0.141158,0.0495304,1.53677,0.135329,0.0713041,1.55207,0.129499,0.0930779,1.56736,0.123669,0.114852,1.58266,0.117839,0.136625,1.59795,0.112009,0.158399,1.61325,0.106179,0.180173,1.62854,0.100349,0.201947,1.64383,0.0945194,0.22372,1.65913,0.0886895,0.245494,1.67442,0.0828596,0.267268,1.68972,0.0770298,0.289041,1.70501
Edge,21,Number,0
0,0,0,0,0,0,0,0,0,0,0,0,0,0,0,0,0,0,0,0,0,0,0,0,0,0,0,0,0,0,0,0,0,0,0,0,0,0,0,0,0,0,0,0,0,0,0,0,0,0,0,0,0,0,0,0,0,0,0,0
Edge,22,Number,0
0.182987,-0.213497,1.45276,0.179797,-0.213188,1.46392,0.176606,-0.212879,1.47509,0.173415,-0.21257,1.48625,0.170224,-0.212261,1.49742,0.167033,-0.211951,1.50859,0.163842,-0.211642,1.51975,0.160651,-0.211333,1.53092,0.157461,-0.211024,1.54209,0.15427,-0.210715,1.55325,0.151079,-0.210406,1.56442,0.147888,-0.210097,1.57558,0.144697,-0.209788,1.58675,0.141506,-0.209479,1.59792,0.138315,-0.20917,1.60908,0.135124,-0.20886,1.62025,0.131934,-0.208551,1.63142,0.128743,-0.208242,1.64258,0.125552,-0.207933,1.65375,0.122361,-0.207624,1.66491
Edge,23,Number,0
0.103714,-0.224904,1.37572,0.0826015,-0.226568,1.38071,0.0614887,-0.228232,1.3857,0.0403758,-0.229896,1.3907,0.019263,-0.23156,1.39569,-0.0018498,-0.233225,1.40069,-0.0229626,-0.234889,1.40568,-0.0440754,-0.236553,1.41067,-0.0651883,-0.238217,1.41567,-0.0863011,-0.239881,1.42066,-0.107414,-0.241546,1.42566,-0.128527,-0.24321,1.43065,-0.14964,-0.244874,1.43565,-0.170752,-0.246538,1.44064,-0.191865,-0.248202,1.44563,-0.212978,-0.249867,1.45063,-0.234091,-0.251531,1.45562,-0.255204,-0.253195,1.46062,-0.276316,-0.254859,1.46561,-0.297429,-0.256523,1.4706
Edge,24,Number,0
-0.0091435,-0.205575,1.75042,-0.0141069,-0.205614,1.74958,-0.0190704,-0.205652,1.74874,-0.0240339,-0.205691,1.7479,-0.0289973,-0.20573,1.74707,-0.0339608,-0.205768,1.74623,-0.0389242,-0.205807,1.74539,-0.0438877,-0.205845,1.74455,-0.0488511,-0.205884,1.74372,-0.0538146,-0.205923,1.74288,-0.058778,-0.205961,1.74204,-0.0637415,-0.206,1.7412,-0.0687049,-0.206039,1.74037,-0.0736684,-0.206077,1.73953,-0.0786318,-0.206116,1.73869,-0.0835953,-0.206154,1.73785,-0.0885587,-0.206193,1.73702,-0.0935222,-0.206232,1.73618,-0.0984857,-0.20627,1.73534,-0.103449,-0.206309,1.7345
Edge,25,Number,0
0.176382,-0.14638,1.73284,0.18647,-0.139314,1.72863,0.196558,-0.132249,1.72441,0.206646,-0.125183,1.7202,0.216733,-0.118118,1.71599,0.226821,-0.111052,1.71178,0.236909,-0.103986,1.70757,0.246996,-0.0969208,1.70335,0.257084,-0.0898552,1.69914,0.267172,-0.0827896,1.69493,0.27726,-0.0757239,1.69072,0.287347,-0.0686583,1.68651,0.297435,-0.0615927,1.6823,0.307523,-0.0545271,1.67808,0.31761,-0.0474615,1.67387,0.327698,-0.0403959,1.66966,0.337786,-0.0333303,1.66545,0.347874,-0.0262647,1.66124,0.357961,-0.0191991,1.65702,0.368049,-0.0121335,1.65281
Edge,26,Number,0
0.0696445,-0.163924,1.78793,0.0694651,-0.138451,1.7772,0.0688744,-0.112181,1.76847,0.0681244,-0.0856043,1.76086,0.0672908,-0.0587906,1.75409,0.0664034,-0.0318018,1.74807,0.0654837,-0.00471208,1.74275,0.0645412,0.0225557,1.7381,0.0635866,0.0498696,1.73415,0.0626239,0.0773106,1.73091,0.0616578,0.104842,1.72843,0.0606952,0.132391,1.72676,0.0597381,0.159975,1.72599,0.058789,0.18761,1.72621,0.0578493,0.215271,1.72755,0.0569268,0.242686,1.73017,0.0560132,0.269971,1.73429,0.0550982,0.296903,1.74015,0.0541324,0.323332,1.74791,0.0528756,0.349325,1.7568
Edge,27,Number,0
0.122361,-0.207624,1.66491,0.125552,-0.207933,1.65375,0.128743,-0.208242,1.64258,0.131934,-0.208551,1.63142,0.135124,-0.20886,1.62025,0.138315,-0.20917,1.60908,0.141506,-0.209479,1.59792,0.144697,-0.209788,1.58675,0.147888,-0.210097,1.57558,0.151079,-0.210406,1.56442,0.15427,-0.210715,1.55325,0.157461,-0.211024,1.54209,0.160651,-0.211333,1.53092,0.163842,-0.211642,1.51975,0.167033,-0.211951,1.50859,0.170224,-0.212261,1.49742,0.173415,-0.21257,1.48625,0.176606,-0.212879,1.47509,0.179797,-0.213188,1.46392,0.182987,-0.213497,1.45276
Edge,28,Number,0
0,0,0,0,0,0,0,0,0,0,0,0,0,0,0,0,0,0,0,0,0,0,0,0,0,0,0,0,0,0,0,0,0,0,0,0,0,0,0,0,0,0,0,0,0,0,0,0,0,0,0,0,0,0,0,0,0,0,0,0
Edge,29,Number,0
-0.00336139,-0.216425,1.71525,-0.0194842,-0.218373,1.70649,-0.0356071,-0.220321,1.69772,-0.0517299,-0.222269,1.68896,-0.0678527,-0.224218,1.68019,-0.0839756,-0.226166,1.67142,-0.100098,-0.228114,1.66266,-0.116221,-0.230062,1.65389,-0.132344,-0.232011,1.64512,-0.148467,-0.233959,1.63636,-0.16459,-0.235907,1.62759,-0.180713,-0.237855,1.61883,-0.196835,-0.239804,1.61006,-0.212958,-0.241752,1.60129,-0.229081,-0.2437,1.59253,-0.245204,-0.245648,1.58376,-0.261327,-0.247597,1.57499,-0.27745,-0.249545,1.56623,-0.293572,-0.251493,1.55746,-0.309695,-0.253441,1.5487
Edge,30,Number,0
-0.337715,-0.245318,1.57164,-0.334358,-0.244347,1.57534,-0.331002,-0.243376,1.57904,-0.327645,-0.242405,1.58274,-0.324289,-0.241435,1.58644,-0.320932,-0.240464,1.59014,-0.317576,-0.239493,1.59384,-0.314219,-0.238522,1.59754,-0.310863,-0.237551,1.60124,-0.307506,-0.23658,1.60494,-0.30415,-0.23561,1.60863,-0.300793,-0.234639,1.61233,-0.297437,-0.233668,1.61603,-0.29408,-0.232697,1.61973,-0.290724,-0.231726,1.62343,-0.287367,-0.230755,1.62713,-0.284011,-0.229785,1.63083,-0.280654,-0.228814,1.63453,-0.277298,-0.227843,1.63823,-0.273941,-0.226872,1.64193
Edge,31,Number,0
-0.295158,-0.224818,1.51204,-0.261701,-0.212669,1.51679,-0.228244,-0.200521,1.52154,-0.194787,-0.188373,1.52629,-0.16133,-0.176225,1.53103,-0.127873,-0.164077,1.53578,-0.0944157,-0.151928,1.54053,-0.0609587,-0.13978,1.54528,-0.0275016,-0.127632,1.55003,0.00595547,-0.115484,1.55478,0.0394125,-0.103336,1.55952,0.0728696,-0.0911874,1.56427,0.106327,-0.0790392,1.56902,0.139784,-0.066891,1.57377,0.173241,-0.0547428,1.57852,0.206698,-0.0425946,1.58327,0.240155,-0.0304464,1.58801,0.273612,-0.0182982,1.59276,0.307069,-0.00615001,1.59751,0.340526,0.00599819,1.60226
Edge,32,Number,0
-0.342042,-0.174923,1.53443,-0.324647,-0.150424,1.54479,-0.307252,-0.125925,1.55515,-0.289857,-0.101426,1.56551,-0.272462,-0.0769266,1.57587,-0.255067,-0.0524275,1.58623,-0.237672,-0.0279284,1.59659,-0.220277,-0.00342929,1.60695,-0.202881,0.0210698,1.61731,-0.185486,0.0455689,1.62767,-0.168091,0.0700681,1.63804,-0.150696,0.0945672,1.6484,-0.133301,0.119066,1.65876,-0.115906,0.143565,1.66912,-0.0985112,0.168065,1.67948,-0.0811161,0.192564,1.68984,-0.0637211,0.217063,1.7002,-0.046326,0.241562,1.71056,-0.028931,0.266061,1.72092,-0.0115359,0.29056,1.73128
Edge,33,Number,0
-0.297429,-0.256523,1.4706,-0.276316,-0.254859,1.46561,-0.255204,-0.253195,1.46062,-0.234091,-0.251531,1.45562,-0.212978,-0.249867,1.45063,-0.191865,-0.248202,1.44563,-0.170752,-0.246538,1.44064,-0.14964,-0.244874,1.43565,-0.128527,-0.24321,1.43065,-0.107414,-0.241546,1.42566,-0.0863011,-0.239881,1.42066,-0.0651883,-0.238217,1.41567,-0.0440754,-0.236553,1.41067,-0.0229626,-0.234889,1.40568,-0.0018498,-0.233225,1.40069,0.019263,-0.23156,1.39569,0.0403758,-0.229896,1.3907,0.0614887,-0.228232,1.3857,0.0826015,-0.226568,1.38071,0.103714,-0.224904,1.37572
Edge,34,Number,0
-0.309695,-0.253441,1.5487,-0.293572,-0.251493,1.55746,-0.27745,-0.249545,1.56623,-0.261327,-0.247597,1.57499,-0.245204,-0.245648,1.58376,-0.229081,-0.2437,1.59253,-0.212958,-0.241752,1.60129,-0.196835,-0.239804,1.61006,-0.180713,-0.237855,1.61883,-0.16459,-0.235907,1.62759,-0.148467,-0.233959,1.63636,-0.132344,-0.232011,1.64512,-0.116221,-0.230062,1.65389,-0.100098,-0.228114,1.66266,-0.0839756,-0.226166,1.67142,-0.0678527,-0.224218,1.68019,-0.0517299,-0.222269,1.68896,-0.0356071,-0.220321,1.69772,-0.0194842,-0.218373,1.70649,-0.00336139,-0.216425,1.71525
Edge,35,Number,0
0,0,0,0,0,0,0,0,0,0,0,0,0,0,0,0,0,0,0,0,0,0,0,0,0,0,0,0,0,0,0,0,0,0,0,0,0,0,0,0,0,0,0,0,0,0,0,0,0,0,0,0,0,0,0,0,0,0,0,0
