-0.22366 0.139628 1.7879 0.603736 0.796468 0.0337967 0.221843 -0.127138 -0.966758 -0.765695 0.591164 -0.253449 97.492 12.8173 51.7449 0.55298 0.70433 0.361447 -0.259785 0
-0.22877 0.141042 1.78993 0.593707 0.803932 0.0347111 0.213655 -0.115903 -0.970009 -0.775799 0.583317 -0.240577 96.8138 12.3366 52.5737 0.556154 0.698245 0.364337 -0.265339 0
-0.232856 0.145277 1.78836 0.588501 0.807278 0.0443748 0.177947 -0.075792 -0.981117 -0.788671 0.585284 -0.188257 94.4174 10.2502 53.27 0.575424 0.680542 0.361927 -0.27342 0
-0.238841 0.147519 1.7848 0.58291 0.811642 0.0381166 0.129267 -0.0463201 -0.990527 -0.802188 0.582316 -0.131919 92.6774 7.42722 53.996 0.592594 0.663541 0.354503 -0.287876 0
-0.238655 0.149313 1.7868 0.560461 0.827801 0.0250915 0.0383551 0.00432018 -0.999255 -0.827292 0.561005 -0.0293291 89.7523 2.19812 55.8838 0.619567 0.629577 0.343944 -0.318548 0
-0.239517 0.151377 1.78706 0.5321 0.846393 0.0220976 0.0195037 0.0138392 -0.999714 -0.846457 0.532379 -0.00914397 89.2069 1.11755 57.8457 0.619838 0.617941 0.350315 -0.33351 0
-0.239439 0.150945 1.7855 0.531493 0.847063 0.000176825 0.0380752 -0.0236819 -0.998994 -0.846207 0.530965 -0.0448389 91.358 2.18208 57.8675 0.604767 0.632458 0.34988 -0.334421 0
-0.23886 0.149523 1.7853 0.522484 0.852649 -0.00100415 0.0486282 -0.030974 -0.998337 -0.851262 0.521566 -0.0576462 91.7771 2.78729 58.4594 0.59872 0.634646 0.355031 -0.335725 0
-0.238586 0.149219 1.78447 0.502625 0.864353 0.0161637 0.0758891 -0.0254895 -0.99679 -0.861167 0.502238 -0.0784066 91.4648 4.35231 59.7298 0.591339 0.633743 0.370908 -0.333338 0
-0.238015 0.149297 1.78497 0.482319 0.875508 0.0292224 0.0728313 -0.00683464 -0.997321 -0.872963 0.483155 -0.0670609 90.3926 4.17662 61.079 0.593385 0.623742 0.380101 -0.338177 0
-0.237613 0.149617 1.78431 0.469674 0.882258 0.0320447 0.079211 -0.0059618 -0.99684 -0.879279 0.470728 -0.0726846 90.3427 4.54321 61.8907 0.589709 0.622158 0.386345 -0.340442 0
-0.23755 0.150013 1.78342 0.45666 0.888012 0.0538179 0.0669407 0.0260242 -0.997418 -0.887119 0.459083 -0.04756 88.5054 3.83829 62.7621 0.598983 0.607905 0.392723 -0.342694 0
-0.237651 0.150696 1.78335 0.471292 0.878523 0.0779783 0.0689197 0.0514591 -0.996294 -0.87928 0.47492 -0.0362953 87.0433 3.95194 61.8088 0.609602 0.603351 0.392575 -0.332022 0
-0.238002 0.151031 1.78389 0.473438 0.879764 0.0432556 0.0403062 0.0274183 -0.998811 -0.879905 0.474619 -0.0224791 88.4276 2.31 61.7173 0.607943 0.605908 0.379625 -0.345205 0
-0.238829 0.151572 1.78457 0.48776 0.87112 0.0569184 0.0403033 0.0426599 -0.998276 -0.872047 0.489213 -0.0143012 87.553 2.30984 60.7805 0.615654 0.604028 0.377227 -0.337372 0
-0.236437 0.152916 1.78647 0.49724 0.864057 0.0784716 0.0421892 0.0662584 -0.99691 -0.866587 0.499014 -0.00350752 86.1975 2.41798 60.1532 0.624498 0.598851 0.378327 -0.329011 0
-0.237771 0.152281 1.78519 0.492182 0.868681 0.0561292 0.0157617 0.055576 -0.99833 -0.87035 0.492244 0.0136616 86.8137 0.903118 60.5119 0.624784 0.596436 0.37072 -0.341286 0
-0.238113 0.15251 1.78679 0.502392 0.864193 0.0277953 0.0167778 0.022397 -0.999608 -0.864477 0.502662 -0.00324719 88.7165 0.961343 59.8369 0.616754 0.608942 0.361681 -0.343498 0
-0.236939 0.151167 1.78773 0.51531 0.855825 0.0449275 0.00845888 0.0473421 -0.998843 -0.856962 0.515094 0.0171565 87.2864 0.484664 58.9806 0.628452 0.602248 0.358774 -0.337085 1
-0.239595 0.150602 1.78905 0.536044 0.843353 0.0375749 0.0436776 0.0167435 -0.998905 -0.843059 0.537098 -0.0278604 89.0397 2.50334 57.5505 0.61744 0.621925 0.356567 -0.323787 0
-0.239232 0.150264 1.79105 0.54003 0.840298 0.0476169 0.0621617 0.0166001 -0.997928 -0.839347 0.541871 -0.0432698 89.047 3.5639 57.243 0.615094 0.625839 0.3605 -0.316267 0
-0.238947 0.151767 1.78809 0.545192 0.837248 0.0422017 0.0505527 0.0174146 -0.99857 -0.836785 0.546546 -0.0328308 89.0009 2.89769 56.9145 0.618421 0.624622 0.355335 -0.318026 0
-0.238268 0.150473 1.78723 0.545237 0.83789 0.0256105 0.0536492 -0.00438987 -0.99855 -0.836563 0.545821 -0.0473457 90.2519 3.07535 56.9053 0.611045 0.631857 0.352746 -0.320861 0
-0.237957 0.149329 1.78887 0.584252 0.811558 0.00480946 0.0291115 -0.0150348 -0.999463 -0.81105 0.584079 -0.0324098 90.8618 1.6682 54.2323 0.61984 0.638689 0.32906 -0.315584 0
-0.238845 0.151067 1.78985 0.534066 0.843833 0.0521441 0.0751104 0.0140759 -0.997076 -0.8421 0.536421 -0.0558632 89.1912 4.30757 57.6168 0.610794 0.627665 0.366017 -0.314641 0
-0.237152 0.151709 1.80291 0.536815 0.842714 0.0407821 0.0313541 0.0283776 -0.999105 -0.843117 0.537613 -0.011189 88.3731 1.79675 57.515 0.623298 0.616366 0.354525 -0.32543 0
-0.240596 0.153876 1.80826 0.518941 0.854629 0.0176046 -0.0099244 0.0266171 -0.999596 -0.854752 0.518557 0.0222944 88.4747 -0.568635 58.737 0.62607 0.606224 0.348347 -0.34523 0
-0.240814 0.154084 1.80729 0.503189 0.864131 0.00884561 -0.0275186 0.0262532 -0.999276 -0.863738 0.502581 0.03699 88.4951 -1.5769 59.7762 0.625786 0.599989 0.348595 -0.356212 0
-0.240333 0.154664 1.80453 0.487682 0.872892 0.0150379 -0.0162626 0.0263053 -0.999522 -0.87287 0.487204 0.0270241 88.4924 -0.931817 60.8074 0.620687 0.598822 0.357631 -0.358133 0
-0.240579 0.15351 1.80375 0.472935 0.881086 0.0045851 0.00889915 0.000426972 -0.99996 -0.881053 0.472957 -0.00763899 89.9755 0.509891 61.7738 0.605335 0.608306 0.365763 -0.360208 0
-0.240044 0.151192 1.80454 0.466078 0.884741 0.00216644 0.0594966 -0.0288992 -0.99781 -0.882741 0.465186 -0.0661084 91.659 3.41092 62.1664 0.585463 0.624717 0.377866 -0.352389 0
-0.239934 0.151804 1.80266 0.470961 0.881856 0.0229184 0.0597126 -0.00594795 -0.998198 -0.880131 0.471481 -0.0554592 90.3414 3.42332 61.8486 0.593623 0.618944 0.380313 -0.34624 0
-0.239653 0.15043 1.80265 0.451215 0.892368 0.00921752 0.0678425 -0.0240013 -0.997407 -0.889833 0.45067 -0.0713702 91.3785 3.89008 63.1114 0.582203 0.621809 0.386055 -0.354054 0
-0.240173 0.150888 1.80308 0.431557 0.902055 -0.00741955 0.0514326 -0.032816 -0.998137 -0.900618 0.430371 -0.060557 91.883 2.94817 64.3973 0.5784 0.61744 0.386065 -0.367662 0
-0.239178 0.151412 1.80269 0.431543 0.90209 -0.00204323 0.0497327 -0.0260526 -0.998423 -0.900721 0.43076 -0.0561061 91.4947 2.85065 64.4005 0.580815 0.615163 0.386817 -0.36688 1
-0.239026 0.150686 1.80305 0.436665 0.899597 0.00705089 0.0603917 -0.0214925 -0.997943 -0.897595 0.436193 -0.0637131 91.2338 3.46229 64.0578 0.581261 0.616821 0.389087 -0.360941 0
-0.239058 0.151899 1.8024 0.442668 0.89668 0.00305978 0.0290451 -0.0109281 -0.999518 -0.896215 0.442543 -0.0308817 90.6264 1.6644 63.7138 0.591789 0.609196 0.379897 -0.366531 0
-0.241398 0.152877 1.80629 0.489325 0.87199 0.0139281 0.0390136 -0.00593248 -0.999221 -0.871228 0.489488 -0.0369224 90.3402 2.23588 60.6792 0.601347 0.618906 0.367989 -0.346296 0
-0.241368 0.152086 1.80529 0.51378 0.857843 0.0116078 0.0289884 -0.00383621 -0.999572 -0.857432 0.513897 -0.0268385 90.2199 1.66114 59.0696 0.608914 0.621381 0.356799 -0.3403 0
-0.241797 0.151173 1.80508 0.568808 0.822362 0.0133696 0.0543045 -0.0213312 -0.998297 -0.820676 0.568565 -0.0567913 91.2241 3.11295 55.2743 0.610468 0.641664 0.34156 -0.314536 0
-0.241669 0.151491 1.80708 0.573763 0.818951 0.0107433 0.044282 -0.0179209 -0.998858 -0.817823 0.573584 -0.0465471 91.0279 2.538 54.9475 0.614267 0.639967 0.337218 -0.315282 0
-0.242165 0.153346 1.8083 0.606836 0.794811 -0.00512346 0.000507323 -0.00683333 -0.999977 -0.794827 0.606819 -0.00454994 90.3915 0.0290675 52.6389 0.631556 0.636046 0.312602 -0.314423 0
-0.244873 0.152422 1.81051 0.726943 0.686695 -0.00204389 0.0191126 -0.0232079 -0.999548 -0.686432 0.726575 -0.0299954 91.3301 1.09514 43.3582 0.646865 0.667111 0.264502 -0.258007 0
-0.244833 0.152554 1.8107 0.746803 0.665046 -0.000536441 0.0114254 -0.0136365 -0.999842 -0.664948 0.746678 -0.0177822 90.7814 0.654643 41.6816 0.654863 0.66675 0.253645 -0.249525 0
-0.245044 0.152728 1.81037 0.761444 0.648219 -0.00395784 0.0120345 -0.0202405 -0.999723 -0.648119 0.761185 -0.023213 91.1599 0.689541 40.4035 0.655361 0.671732 0.245728 -0.242685 0
-0.246003 0.152133 1.81124 0.785446 0.618523 -0.022444 -0.00598483 -0.0286709 -0.999571 -0.618901 0.785244 -0.0188177 91.643 -0.342907 38.2367 0.659158 0.67693 0.226219 -0.236858 0
-0.247468 0.151241 1.81247 0.842834 0.538138 -0.00621561 0.0174586 -0.0388834 -0.999091 -0.537891 0.841959 -0.0421674 92.2288 1.00035 32.5457 0.663661 0.693521 0.200281 -0.196139 1
-0.245614 0.151753 1.81046 0.782956 0.621977 -0.0111716 0.0179192 -0.0405008 -0.999019 -0.621819 0.781987 -0.0428557 92.3215 1.02675 38.4564 0.651843 0.683065 0.2342 -0.231673 0
-0.243654 0.152471 1.80933 0.708541 0.705315 -0.0223728 -0.00294169 -0.0287518 -0.999582 -0.705664 0.708311 -0.018297 91.6476 -0.168547 44.8834 0.644494 0.662493 0.265049 -0.274734 0
-0.242949 0.152898 1.80803 0.687411 0.726095 -0.0158678 -0.0101042 -0.012285 -0.999873 -0.726198 0.687485 -0.00110821 90.7039 -0.57894 46.5717 0.646919 0.652075 0.274505 -0.284502 0
-0.24223 0.152625 1.80754 0.67009 0.742239 -0.00778553 -0.0013273 -0.0092905 -0.999956 -0.742278 0.670071 -0.0052403 90.5323 -0.076049 47.9259 0.643343 0.648965 0.285421 -0.288946 0
-0.244067 0.152872 1.80886 0.713019 0.701144 0.000290151 0.00364136 -0.00328921 -0.999988 -0.701135 0.713012 -0.00489839 90.1885 0.208635 44.5185 0.652846 0.655974 0.268603 -0.267101 0
-0.24375 0.151771 1.8085 0.707882 0.705974 0.0224524 0.00256262 0.0292203 -0.99957 -0.706326 0.707635 0.0188754 88.3256 0.146827 44.937 0.662566 0.644163 0.274983 -0.265412 0
-0.244021 0.152885 1.81066 0.707831 0.70608 0.0206415 0.0114708 0.0177282 -0.999777 -0.706289 0.70791 0.00444931 88.9841 0.657241 44.9375 0.657649 0.649164 0.276337 -0.26405 1
-0.243757 0.151973 1.8104 0.703759 0.709652 0.0334403 0.0355328 0.0118514 -0.999298 -0.70955 0.704453 -0.0168754 89.3205 2.03631 45.2348 0.651678 0.653602 0.28503 -0.258609 0
-0.244993 0.152042 1.81171 0.732296 0.680983 0.00201913 0.0298219 -0.0291066 -0.999131 -0.680333 0.73172 -0.0416228 91.6687 1.70892 42.8933 0.644509 0.671384 0.264679 -0.25258 0
-0.243325 0.151374 1.80999 0.685922 0.727636 0.00760454 0.0492187 -0.0359655 -0.99814 -0.726009 0.68502 -0.0604828 92.0636 2.82116 46.6263 0.630372 0.667527 0.290945 -0.269054 0
-0.243376 0.15174 1.81021 0.659914 0.751197 0.0147277 0.0555861 -0.0292646 -0.998025 -0.749282 0.65943 -0.0610682 91.6796 3.18649 48.6287 0.626415 0.661485 0.304914 -0.277616 0
-0.242708 0.151186 1.81001 0.651251 0.758671 0.017037 0.0547431 -0.024576 -0.998198 -0.756886 0.65101 -0.0575372 91.4104 3.13812 49.2902 0.626326 0.658286 0.308914 -0.280975 0
-0.242495 0.151104 1.80958 0.641288 0.767298 0.00181308 0.0492659 -0.0388169 -0.998031 -0.765717 0.640115 -0.0626945 92.2273 2.82387 50.0538 0.620439 0.660076 0.309269 -0.289324 0
-0.24266 0.150731 1.80935 0.637703 0.769796 0.0273528 0.0771603 -0.0285079 -0.996611 -0.766408 0.637652 -0.0775773 91.6385 4.42536 50.2373 0.618793 0.660263 0.320689 -0.279834 0
-0.242671 0.151478 1.80939 0.64283 0.764855 0.0420269 0.0752037 -0.00841579 -0.997133 -0.762308 0.644148 -0.0629299 90.4836 4.31293 49.8601 0.626794 0.654633 0.320813 -0.275071 0
-0.243122 0.150986 1.80959 0.672699 0.73821 0.0502176 0.0654726 0.00821551 -0.997821 -0.737014 0.674521 -0.042806 89.5283 3.75399 47.6122 0.639943 0.653316 0.30754 -0.262811 0
-0.242884 0.151401 1.81066 0.65345 0.756737 0.0187978 0.0524166 -0.020461 -0.998416 -0.755153 0.6534 -0.0530358 91.174 3.00463 49.1297 0.628481 0.657067 0.307866 -0.280168 0
-0.243999 0.152502 1.81067 0.681469 0.731811 0.00729316 0.0349166 -0.0225574 -0.999136 -0.731014 0.681135 -0.0409246 91.2933 2.00098 47.0089 0.636001 0.660483 0.290215 -0.273936 0
-0.243281 0.151332 1.80948 0.63176 0.775034 0.0142112 0.0598423 -0.0304849 -0.997742 -0.772851 0.631184 -0.0656389 91.7501 3.43076 50.736 0.619604 0.657245 0.317567 -0.288568 0
-0.243578 0.152378 1.80927 0.638994 0.769156 0.00922936 0.0392541 -0.0206237 -0.999016 -0.768209 0.638728 -0.0433709 91.1826 2.24967 50.2464 0.627495 0.652493 0.309739 -0.2908 0
-0.24311 0.152115 1.80938 0.628424 0.777851 0.0055213 0.0348032 -0.0210252 -0.999173 -0.777092 0.628097 -0.0402845 91.2055 1.99448 51.038 0.625922 0.649949 0.312584 -0.296781 0
-0.242954 0.151983 1.80934 0.629946 0.776608 0.00695334 0.0311959 -0.0163566 -0.999379 -0.776012 0.629772 -0.0345308 90.9377 1.78768 50.9312 0.628303 0.648235 0.31154 -0.296597 0
-0.241968 0.152102 1.80781 0.575249 0.817897 0.011551 0.0422094 -0.0155785 -0.998987 -0.816889 0.575154 -0.0434844 90.8934 2.41914 54.847 0.615668 0.639201 0.336399 -0.314978 0
-0.242823 0.151514 1.80795 0.617377 0.786665 0.00181404 0.044751 -0.0328183 -0.998459 -0.785393 0.616507 -0.0554653 91.8826 2.5649 51.83 0.618283 0.653005 0.318304 -0.29999 0
-0.242998 0.151996 1.80897 0.641087 0.767467 0.00113855 0.0425746 -0.0340824 -0.998512 -0.766286 0.640182 -0.0545244 91.9549 2.44008 50.0836 0.622993 0.657589 0.307959 -0.290891 0
-0.244304 0.151901 1.80989 0.677311 0.735696 -0.00137825 0.0359902 -0.035005 -0.998739 -0.734816 0.676407 -0.0501871 92.0073 2.06253 47.3319 0.630896 0.663796 0.290633 -0.277267 0
-0.244576 0.151906 1.81095 0.708289 0.705906 -0.00480253 0.0252832 -0.0321662 -0.999163 -0.70547 0.707575 -0.0406306 91.8439 1.44878 44.8857 0.639432 0.667287 0.273941 -0.266105 0
-0.24412 0.151244 1.81018 0.705841 0.708338 0.00678611 0.0460592 -0.036333 -0.998278 -0.706872 0.704937 -0.0582708 92.0844 2.63993 45.0418 0.634673 0.670903 0.281113 -0.260874 0
-0.245283 0.151608 1.81132 0.738768 0.673917 -0.00760118 0.02809 -0.0420578 -0.99872 -0.673374 0.737609 -0.0500013 92.4114 1.60965 42.3486 0.641621 0.67654 0.25941 -0.251639 0
-0.24556 0.150823 1.81173 0.753483 0.657447 -0.0052081 0.0356268 -0.0487382 -0.998176 -0.656501 0.751923 -0.0601461 92.7954 2.04169 41.0653 0.64121 0.682343 0.253931 -0.24244 1
-0.245339 0.150914 1.8065 0.763803 0.645379 0.00949842 0.0359623 -0.0278589 -0.998965 -0.644446 0.763354 -0.044488 91.5974 2.06093 40.1554 0.65028 0.677523 0.251409 -0.23429 0
-0.246763 0.151444 1.80427 0.796887 0.604116 -0.00382742 0.0166006 -0.0282299 -0.999464 -0.6039 0.796396 -0.0325247 91.6179 0.951186 37.1557 0.658812 0.681477 0.22771 -0.222945 0
-0.245977 0.150927 1.80611 0.804258 0.594222 0.00836825 0.0339482 -0.0318803 -0.998915 -0.59331 0.803669 -0.0458128 91.828 1.94547 36.4166 0.656994 0.685921 0.228951 -0.213196 0
-0.245811 0.151245 1.80384 0.771542 0.635946 -0.0171995 0.00650663 -0.0349224 -0.999369 -0.636146 0.770943 -0.0310819 92.0014 0.372805 39.506 0.652981 0.677781 0.236969 -0.240987 0
-0.245089 0.151053 1.80366 0.74671 0.665016 -0.0133259 0.0153411 -0.0372478 -0.999188 -0.664973 0.7459 -0.0380154 92.1349 0.879015 41.6862 0.646422 0.674902 0.252021 -0.251258 0
-0.244697 0.151439 1.80429 0.722775 0.691074 0.00352209 0.0348643 -0.0313726 -0.9989 -0.690203 0.722103 -0.0467692 91.7989 1.99798 43.6794 0.641216 0.670991 0.270472 -0.255846 0
-0.243838 0.151452 1.80347 0.716476 0.69761 0.00126169 0.0263204 -0.0252248 -0.999335 -0.697115 0.716033 -0.0364343 91.4459 1.50822 44.2153 0.643198 0.666734 0.271447 -0.260919 0
-0.244239 0.152785 1.80262 0.692389 0.721492 -0.00688344 0.00199605 -0.0114555 -0.999932 -0.721522 0.692328 -0.00937176 90.6564 0.114365 46.1804 0.646444 0.654449 0.276373 -0.278251 0
-0.244233 0.15245 1.80321 0.664415 0.747136 -0.0184546 -0.000367388 -0.0243663 -0.999703 -0.747364 0.664224 -0.0159149 91.3962 -0.0210498 48.3626 0.637207 0.65282 0.285978 -0.293273 0
-0.242706 0.152114 1.80299 0.647835 0.761549 0.0187962 0.0391312 -0.00862645 -0.999197 -0.760775 0.64805 -0.0353889 90.4946 2.24263 49.5841 0.63321 0.650356 0.307785 -0.28522 0
-0.242317 0.151059 1.80269 0.644317 0.764714 0.00830388 0.0488905 -0.0303523 -0.998343 -0.763195 0.643655 -0.0569437 91.7414 2.80233 49.8277 0.623903 0.657954 0.309142 -0.286833 0
-0.24189 0.150439 1.80045 0.618607 0.785444 -0.0200876 0.0291365 -0.0484815 -0.998399 -0.78516 0.617032 -0.0528761 92.7801 1.66964 51.7663 0.615883 0.655737 0.310559 -0.307001 0
-0.240372 0.150787 1.80024 0.578637 0.815585 -0.000846331 0.0548757 -0.0399683 -0.997693 -0.813737 0.577256 -0.0678829 92.2941 3.14573 54.5839 0.60638 0.649324 0.335141 -0.313627 1
-0.239916 0.15023 1.79637 0.512992 0.857946 0.0277099 0.0838785 -0.0179747 -0.996314 -0.854285 0.513426 -0.0811841 91.0336 4.81154 59.0155 0.594524 0.634853 0.370883 -0.325499 0
-0.239712 0.1505 1.79604 0.507318 0.861657 0.0132403 0.054273 -0.016613 -0.998388 -0.860048 0.507219 -0.0551928 90.9533 3.11114 59.4649 0.599064 0.628316 0.364439 -0.336936 0
-0.239903 0.15084 1.79752 0.520481 0.853364 0.029491 0.04147 0.0092341 -0.999097 -0.852866 0.521234 -0.0305829 89.4705 2.37674 58.6054 0.612195 0.620852 0.360325 -0.33155 0
-0.240451 0.150856 1.79816 0.544952 0.838403 0.010374 0.0390139 -0.0129955 -0.999154 -0.837559 0.544896 -0.0397912 90.7452 2.2359 56.9502 0.610771 0.632008 0.347075 -0.327205 0
-0.240588 0.15178 1.7985 0.524038 0.851631 0.0104244 0.0340697 -0.00873132 -0.999381 -0.851013 0.524069 -0.0335903 90.5006 1.95243 58.376 0.608629 0.625772 0.353843 -0.335821 0
-0.240118 0.15137 1.7981 0.52619 0.850366 -0.00152554 0.0387598 -0.0257759 -0.998916 -0.849483 0.52556 -0.046523 91.4781 2.22133 58.225 0.602887 0.632157 0.351624 -0.33655 0
-0.240388 0.151124 1.79964 0.558678 0.829383 0.00146776 0.0434623 -0.0275091 -0.998676 -0.828245 0.558002 -0.0514157 91.5778 2.49099 55.9991 0.608225 0.639844 0.341038 -0.323039 0
-0.241416 0.150853 1.80048 0.630807 0.775705 0.0191167 0.0581827 -0.0227182 -0.998047 -0.773756 0.630687 -0.0594634 91.304 3.33551 50.8113 0.622219 0.654406 0.318567 -0.288292 0
-0.241207 0.150663 1.8006 0.644001 0.764992 0.00703952 0.0544767 -0.0366785 -0.997841 -0.763083 0.642994 -0.0652952 92.1051 3.12283 49.8374 0.620892 0.660677 0.310087 -0.286087 0
-0.241234 0.149905 1.80055 0.657082 0.753806 -0.00442962 0.0554969 -0.0542344 -0.996985 -0.751774 0.654855 -0.0774703 93.1137 3.18137 48.8452 0.617531 0.668728 0.302553 -0.282702 0
-0.241604 0.149338 1.80057 0.665319 0.746442 -0.0132541 0.0409823 -0.0542438 -0.997686 -0.745433 0.663237 -0.0666803 93.1121 2.34877 48.2502 0.621368 0.668252 0.294583 -0.283833 0
-0.242443 0.151286 1.80102 0.681193 0.732045 -0.00928371 0.0109636 -0.0228798 -0.999678 -0.732021 0.680872 -0.0236114 91.3111 0.628179 47.0598 0.639277 0.657207 0.282639 -0.281991 0
-0.240825 0.149641 1.80009 0.645332 0.763891 0.00415015 0.0366346 -0.0255212 -0.999003 -0.763024 0.64484 -0.0444545 91.4634 2.09948 49.7769 0.627566 0.654849 0.305615 -0.289713 0
-0.242809 0.153063 1.80106 0.67623 0.73583 0.0355832 0.0459119 0.00611276 -0.998927 -0.735258 0.677138 -0.0296497 89.6494 2.63148 47.3947 0.642786 0.651876 0.299805 -0.268331 0
-0.243122 0.151914 1.80059 0.695413 0.717491 0.0400907 0.0542872 0.00317682 -0.99852 -0.716556 0.696561 -0.0367414 89.8177 3.11196 45.8579 0.644564 0.657453 0.293473 -0.25723 0
-0.242932 0.150357 1.80134 0.698921 0.714366 0.0345026 0.0588245 -0.00934021 -0.998225 -0.712776 0.69971 -0.0485503 90.5361 3.37234 45.5623 0.640514 0.662724 0.291672 -0.255866 1
-0.243195 0.150349 1.79987 0.693535 0.720228 0.0167792 0.0600451 -0.0345786 -0.997597 -0.717916 0.692876 -0.0672276 91.9852 3.4424 45.9896 0.630819 0.669952 0.291168 -0.261637 0
-0.243384 0.14981 1.79962 0.704421 0.709657 0.0133555 0.0633 -0.0440695 -0.997021 -0.706954 0.703168 -0.0759648 92.5309 3.62925 45.1028 0.629362 0.675362 0.286127 -0.256751 0
-0.244353 0.149996 1.80069 0.711135 0.703018 0.00723948 0.0587695 -0.0491806 -0.997059 -0.700595 0.709469 -0.0762901 92.8239 3.36919 44.5722 0.629616 0.677607 0.281058 -0.25581 0
-0.243739 0.149467 1.80091 0.716386 0.697685 0.00522005 0.0634169 -0.0576624 -0.99632 -0.694816 0.714081 -0.0855536 93.3123 3.63596 44.1243 0.62713 0.681836 0.279063 -0.252845 0
-0.244392 0.149984 1.80074 0.723437 0.68951 0.0348516 0.0807999 -0.0344255 -0.996136 -0.685646 0.723457 -0.0806171 91.9793 4.63455 43.4637 0.634112 0.677953 0.284058 -0.239985 0
-0.242156 0.150961 1.80159 0.727636 0.685919 0.00781106 0.0447826 -0.0361374 -0.998343 -0.6845 0.72678 -0.0570121 92.0731 2.56671 43.2504 0.639235 0.674682 0.270758 -0.250744 0
-0.243242 0.151564 1.8024 0.723956 0.689789 0.00891844 0.0378642 -0.0268244 -0.998923 -0.688807 0.723513 -0.045538 91.5382 2.16998 43.5748 0.642572 0.670134 0.271458 -0.253639 0
-0.244062 0.151122 1.80206 0.724094 0.689518 0.0159018 0.0426275 -0.0217293 -0.998855 -0.688383 0.723943 -0.0451265 91.2462 2.44312 43.5517 0.643669 0.669132 0.273543 -0.251251 0
-0.244032 0.151254 1.80234 0.711795 0.702066 0.0212543 0.048101 -0.0185339 -0.998671 -0.700739 0.711871 -0.0469624 91.0632 2.75705 44.5515 0.641541 0.666575 0.281351 -0.254841 0
-0.243748 0.150126 1.80121 0.704093 0.710104 0.00234166 0.0500572 -0.0463435 -0.997671 -0.708341 0.70257 -0.068176 92.6596 2.86927 45.1723 0.630391 0.67428 0.281842 -0.261761 0
-0.24287 0.150287 1.79994 0.697258 0.716638 0.0161539 0.0549663 -0.0309835 -0.998007 -0.71471 0.696757 -0.0609944 91.7782 3.15093 45.7081 0.633498 0.668812 0.288424 -0.261118 0
-0.244552 0.151501 1.80113 0.729666 0.683698 0.0120157 0.031226 -0.0157617 -0.999388 -0.68309 0.729595 -0.0328499 90.9036 1.78941 43.1117 0.648277 0.66676 0.268059 -0.251617 1
-0.244225 0.151662 1.80234 0.738226 0.673901 0.0296522 0.0313531 0.00963132 -0.999462 -0.673824 0.738759 -0.0140188 89.4479 1.79669 42.3886 0.658377 0.66004 0.267125 -0.24399 0
-0.244917 0.151081 1.80142 0.755405 0.655135 0.0126965 0.0297955 -0.0149866 -0.999444 -0.654581 0.755363 -0.030841 90.8591 1.70741 40.9099 0.653754 0.67105 0.255171 -0.239134 0
-0.244562 0.151005 1.80131 0.753722 0.65666 0.0264819 0.0432594 -0.00936508 -0.99902 -0.655768 0.754129 -0.0354654 90.5371 2.47936 41.0246 0.653623 0.670551 0.26095 -0.234616 0
-0.244185 0.150887 1.79983 0.737539 0.674853 0.0247015 0.0393078 -0.00638534 -0.999207 -0.67416 0.737924 -0.0312364 90.3661 2.25275 42.4294 0.651904 0.666176 0.268008 -0.243726 0
-0.244068 0.152324 1.79975 0.729704 0.683385 0.0227202 0.0341818 -0.00327177 -0.99941 -0.682908 0.73005 -0.0257468 90.1876 1.95886 43.1026 0.652052 0.663084 0.270542 -0.248908 0
-0.243778 0.152547 1.80104 0.717452 0.696595 0.00417207 0.00509577 0.000740816 -0.999987 -0.696589 0.717464 -0.00301819 89.9576 0.291967 44.1547 0.654823 0.655692 0.267538 -0.264002 1
-0.244224 0.152833 1.80036 0.717582 0.696432 -0.00765168 -0.0128467 0.00225083 -0.999915 -0.696355 0.71762 0.010562 89.871 -0.736083 44.1399 0.657722 0.652834 0.261776 -0.269596 0
-0.244173 0.152127 1.8006 0.712254 0.70189 -0.00662626 -0.00613235 -0.00321746 -0.999976 -0.701895 0.712278 0.00201259 90.1844 -0.35136 44.5803 0.654035 0.654496 0.265761 -0.270636 0
-0.244053 0.151747 1.80008 0.703345 0.710849 -0.00085974 0.01285 -0.0139236 -0.99982 -0.710733 0.703207 -0.0189275 90.7979 0.736271 45.2994 0.646238 0.658824 0.274618 -0.270024 0
-0.24419 0.151721 1.80146 0.714033 0.700019 0.0113995 0.0248582 -0.00907695 -0.99965 -0.699671 0.714066 -0.0238825 90.5202 1.42442 44.4179 0.648281 0.660869 0.274214 -0.260366 0
-0.243625 0.151402 1.79879 0.719928 0.693888 -0.0149022 0.00282462 -0.0244005 -0.999698 -0.694043 0.719669 -0.0195266 91.3982 0.161839 43.9512 0.647302 0.664051 0.262296 -0.266901 0
-0.242508 0.150727 1.79738 0.699526 0.714491 0.0128768 0.0328424 -0.0141437 -0.99936 -0.713852 0.699501 -0.0333595 90.8108 1.88207 45.5807 0.642655 0.660876 0.282706 -0.265169 0
-0.243125 0.150523 1.7985 0.713022 0.701043 -0.0117632 0.0168443 -0.0338996 -0.999283 -0.700939 0.712313 -0.0359797 91.943 0.965151 44.5104 0.640926 0.667627 0.26882 -0.266879 0
-0.242963 0.15098 1.79968 0.736221 0.676733 -0.00327286 0.0247546 -0.031763 -0.999189 -0.676288 0.735543 -0.0401368 91.8207 1.41848 42.5704 0.645043 0.672332 0.260841 -0.252688 0
-0.245087 0.150539 1.80005 0.776004 0.630713 -0.00429892 0.0275182 -0.040665 -0.998794 -0.630127 0.77495 -0.0489122 92.3315 1.57687 39.0771 0.649312 0.682931 0.240958 -0.232244 0
-0.24423 0.150402 1.79998 0.764208 0.644834 -0.0132143 0.0231013 -0.0478416 -0.998588 -0.644556 0.762824 -0.0514575 92.7429 1.32373 40.1453 0.645157 0.682552 0.244646 -0.240923 0
-0.2438 0.149474 1.79985 0.766934 0.641639 -0.0106293 0.0378681 -0.0617851 -0.997371 -0.640608 0.764515 -0.0716827 93.5448 2.1702 39.8715 0.639036 0.689275 0.246457 -0.236204 0
-0.244317 0.149855 1.79954 0.773931 0.633193 -0.00982819 0.0311566 -0.0535735 -0.998078 -0.632503 0.772137 -0.0611904 93.0725 1.78543 39.2577 0.644043 0.687149 0.241705 -0.233694 0
-0.243035 0.1503 1.79914 0.724769 0.688974 0.00501541 0.0460298 -0.0411556 -0.998092 -0.687453 0.723617 -0.0615417 92.3612 2.63825 43.4864 0.636803 0.675919 0.271854 -0.252411 0
-0.242199 0.150022 1.79945 0.718515 0.69549 0.00544676 0.0402961 -0.0338095 -0.998616 -0.694343 0.71774 -0.0523182 91.9391 2.30942 44.0198 0.638825 0.671685 0.273858 -0.256406 0
-0.24369 0.151221 1.79711 0.77096 0.634218 0.0582078 0.0755241 -0.000290826 -0.997144 -0.63239 0.773154 -0.048123 90.0167 4.33133 39.3608 0.656229 0.674421 0.263093 -0.212843 0
-0.241898 0.151193 1.79817 0.706331 0.707476 0.0239693 0.0531141 -0.0192023 -0.998404 -0.705886 0.706477 -0.0511401 91.1018 3.04465 44.9819 0.639529 0.66646 0.28531 -0.255798 0
-0.242053 0.150624 1.79758 0.673378 0.738153 0.0411315 0.0495921 0.0104104 -0.998715 -0.737633 0.674553 -0.0295964 89.4028 2.84258 47.6074 0.643077 0.650493 0.302749 -0.267682 0
-0.242931 0.150428 1.79966 0.718444 0.69553 0.00871543 0.0333374 -0.021915 -0.999204 -0.694786 0.718162 -0.0389318 91.2564 1.91044 44.0409 0.643738 0.66695 0.273209 -0.257167 0
-0.243581 0.150904 1.79955 0.748362 0.663193 0.011373 0.0253437 -0.0114562 -0.999613 -0.662806 0.748361 -0.0253812 90.6566 1.45224 41.5305 0.654126 0.668057 0.257664 -0.243779 1
-0.242851 0.15046 1.79867 0.707006 0.70714 0.00979027 0.0407081 -0.026872 -0.99881 -0.706035 0.706563 -0.047785 91.5411 2.33305 44.9607 0.638817 0.667395 0.280137 -0.260807 0
-0.242608 0.151042 1.79841 0.695135 0.718645 0.0183245 0.047633 -0.0206105 -0.998652 -0.717299 0.695071 -0.0485583 91.1823 2.7302 45.899 0.637567 0.664136 0.288449 -0.263114 0
-0.241616 0.150279 1.79742 0.693366 0.719966 0.0298712 0.0569138 -0.0133923 -0.998289 -0.718335 0.69388 -0.0502618 90.7686 3.26268 46.0133 0.638301 0.662763 0.293046 -0.259694 0
-0.241162 0.150899 1.79922 0.678195 0.734362 -0.0276603 0.0170321 -0.0533362 -0.998431 -0.734685 0.67666 -0.0486801 93.0578 0.975917 47.2896 0.62773 0.667123 0.28158 -0.285684 0
-0.241631 0.150656 1.79807 0.675492 0.735393 -0.0539214 -0.0145462 -0.0598228 -0.998103 -0.737224 0.674995 -0.0297126 93.43 -0.833464 47.5021 0.629674 0.664272 0.271292 -0.297749 0
-0.24132 0.150377 1.79748 0.641894 0.766738 -0.00927529 0.0345153 -0.040975 -0.998564 -0.766017 0.640652 -0.0527658 92.3498 1.97797 50.0382 0.622124 0.658717 0.304096 -0.294243 0
-0.241486 0.150363 1.79761 0.656906 0.753942 0.0067406 0.0427143 -0.0282881 -0.998687 -0.752761 0.656332 -0.0507867 91.6225 2.44809 48.89 0.628059 0.658783 0.302321 -0.283105 0
-0.242565 0.149463 1.79938 0.667076 0.74476 -0.0184983 0.0464362 -0.066349 -0.996715 -0.743541 0.664026 -0.0788436 93.8084 2.66155 48.1028 0.616823 0.673103 0.293861 -0.283032 0
-0.241599 0.149094 1.79859 0.674929 0.737863 0.00533016 0.059206 -0.0469531 -0.997141 -0.735503 0.673315 -0.0753759 92.6959 3.39424 47.4592 0.623017 0.670309 0.297277 -0.272327 0
-0.241963 0.149533 1.79826 0.676303 0.736614 0.00377485 0.0576395 -0.0478101 -0.997192 -0.734365 0.674622 -0.0747922 92.7449 3.30433 47.3569 0.623238 0.670616 0.296091 -0.272358 0
-0.243324 0.149672 1.79812 0.715082 0.69903 0.00381004 0.0543439 -0.0501563 -0.997262 -0.696925 0.713331 -0.0738539 92.8792 3.11521 44.2632 0.630689 0.678066 0.277766 -0.255548 0
-0.243286 0.149813 1.79942 0.733358 0.67979 0.00848471 0.0490923 -0.0405047 -0.997973 -0.678068 0.732287 -0.0630769 92.3242 2.81391 42.7567 0.638313 0.677669 0.268893 -0.247017 0
-0.242289 0.149835 1.8009 0.726001 0.687385 -0.020598 0.0253721 -0.0567053 -0.998069 -0.687225 0.724076 -0.0586086 93.2518 1.45387 43.4283 0.634564 0.678475 0.262632 -0.260814 0
-0.243933 0.150927 1.80106 0.738166 0.67421 -0.0234967 0.0111186 -0.0469834 -0.998834 -0.674528 0.737044 -0.0421778 92.6931 0.637062 42.4207 0.642068 0.675893 0.25349 -0.258186 0
-0.243503 0.150594 1.80193 0.752852 0.65784 -0.021473 0.00915183 -0.0430836 -0.99903 -0.658127 0.751924 -0.038456 92.4694 0.524369 41.1593 0.646396 0.677198 0.246232 -0.250886 0
-0.243836 0.150794 1.80108 0.776111 0.630547 -0.00783107 0.0169836 -0.0333152 -0.999301 -0.630367 0.775435 -0.0365652 91.9094 0.973137 39.0839 0.653114 0.679336 0.238295 -0.234861 1
-0.243948 0.151077 1.80088 0.768675 0.639638 -0.000842727 0.017676 -0.0225588 -0.999589 -0.639395 0.768345 -0.0286466 91.2928 1.01281 39.7541 0.655261 0.674515 0.243625 -0.237296 0
-0.244291 0.150869 1.80159 0.795048 0.606515 -0.00610634 0.0111977 -0.0247426 -0.999631 -0.606443 0.794687 -0.0264632 91.4179 0.641594 37.3355 0.660273 0.679385 0.227306 -0.225406 0
-0.24344 0.151249 1.80024 0.744676 0.667419 -0.00320345 0.0127309 -0.019003 -0.999738 -0.667305 0.74444 -0.0226479 91.0889 0.729444 41.8636 0.6525 0.668268 0.254445 -0.250838 0
-0.242462 0.149552 1.80145 0.745522 0.666298 -0.0156185 0.0223562 -0.0484218 -0.998577 -0.666106 0.744112 -0.0509954 92.7761 1.28102 41.78 0.641503 0.679143 0.253501 -0.25095 0
-0.243675 0.150307 1.80282 0.7448 0.666965 -0.0207549 0.0226274 -0.056329 -0.998156 -0.666904 0.742957 -0.0570455 93.2299 1.29656 41.8417 0.638636 0.681574 0.252941 -0.252232 0
-0.242608 0.150056 1.80187 0.692143 0.7203 -0.0458832 0.0111083 -0.0741946 -0.997182 -0.721675 0.689683 -0.0593546 94.2552 0.63647 46.1966 0.624218 0.675591 0.270655 -0.284032 0
-0.243 0.149057 1.80164 0.735086 0.677298 -0.0302621 0.0172386 -0.0632938 -0.997846 -0.677754 0.732981 -0.058202 93.6294 0.987747 42.6763 0.635136 0.681282 0.254864 -0.25981 0
-0.243884 0.149336 1.80193 0.738289 0.673316 -0.0396866 0.00707038 -0.0665624 -0.997757 -0.674448 0.736352 -0.0539028 93.8167 0.405107 42.4126 0.635968 0.681681 0.249525 -0.261902 0
-0.243401 0.149244 1.80026 0.735832 0.675789 -0.0431345 -0.000434751 -0.0632274 -0.997999 -0.677164 0.734379 -0.0462309 93.6251 -0.0249094 42.6224 0.637647 0.679207 0.248582 -0.265125 0
-0.244372 0.149891 1.80285 0.761234 0.647558 -0.0345229 0.0138177 -0.0694221 -0.997492 -0.64833 0.758847 -0.0617942 93.9812 0.791722 40.4205 0.638361 0.687832 0.240384 -0.24819 0
-0.24483 0.150259 1.80387 0.767441 0.639962 -0.0385095 0.00682817 -0.0682214 -0.997647 -0.641084 0.765372 -0.0567257 93.9119 0.391228 39.8738 0.640799 0.68782 0.235087 -0.24701 0
-0.24467 0.149835 1.80318 0.75754 0.652763 -0.00578376 0.0416944 -0.0572251 -0.99749 -0.651456 0.755398 -0.0705669 93.2834 2.38961 40.6943 0.638308 0.686537 0.252884 -0.239331 0
-0.244575 0.149543 1.80304 0.771834 0.635772 -0.00814345 0.0434756 -0.065549 -0.996902 -0.634336 0.769089 -0.0782335 93.7619 2.49175 39.4152 0.637976 0.692029 0.245382 -0.2321 0
-0.244059 0.149783 1.80389 0.752776 0.658234 -0.00747833 0.0451649 -0.0629789 -0.996992 -0.656725 0.750174 -0.0771381 93.6145 2.58864 41.1016 0.634953 0.687912 0.255628 -0.241384 1
-0.244155 0.149812 1.80416 0.760967 0.648477 -0.0201884 0.0263075 -0.0619324 -0.997734 -0.648258 0.758711 -0.0641883 93.552 1.50748 40.4272 0.639305 0.686856 0.245606 -0.243299 0
-0.244337 0.149827 1.80544 0.76152 0.648137 0.00228115 0.0523702 -0.0580229 -0.996941 -0.646022 0.75931 -0.0781287 93.3309 3.00196 40.309 0.63745 0.68878 0.254257 -0.233653 0
-0.244131 0.149905 1.80404 0.734532 0.678433 0.013851 0.0658201 -0.0509174 -0.996532 -0.675375 0.732896 -0.082055 92.925 3.77394 42.5974 0.632764 0.683283 0.272308 -0.242039 0
-0.244158 0.1496 1.80482 0.725692 0.688015 -0.00234742 0.052992 -0.059295 -0.996833 -0.685976 0.72327 -0.0794892 93.4041 3.03764 43.3884 0.629863 0.682729 0.27134 -0.252048 0
-0.243215 0.149545 1.80312 0.713878 0.700262 -0.00343808 0.0477838 -0.05361 -0.997418 -0.698638 0.71187 -0.0717322 93.0766 2.73886 44.3819 0.630186 0.678089 0.275792 -0.258844 0
-0.243049 0.149441 1.80271 0.702002 0.712111 0.00950119 0.0635375 -0.0493365 -0.996759 -0.709335 0.700331 -0.0798801 92.8337 3.64289 45.2977 0.627054 0.676613 0.286593 -0.25858 0
-0.243145 0.14967 1.80163 0.697293 0.716785 0.00169011 0.0560854 -0.0522092 -0.99706 -0.714589 0.695337 -0.0766062 92.9975 3.21514 45.7019 0.626194 0.675668 0.285965 -0.263776 0
-0.2429 0.149829 1.80155 0.673621 0.739008 0.0100889 0.0643688 -0.0450638 -0.996908 -0.736269 0.672188 -0.077925 92.5882 3.69061 47.5442 0.622622 0.670188 0.299683 -0.270886 0
-0.243083 0.149242 1.80015 0.694203 0.719767 0.00419257 0.0704924 -0.0621897 -0.995572 -0.716319 0.691425 -0.0939103 93.5744 4.04227 45.8982 0.620102 0.680129 0.290481 -0.261761 0
-0.241795 0.149955 1.80084 0.653694 0.756343 -0.025083 0.0381726 -0.0660588 -0.997085 -0.755796 0.650831 -0.0720539 93.7904 2.18766 49.1432 0.615545 0.669292 0.296775 -0.291681 0
-0.243141 0.151205 1.80062 0.637425 0.770481 0.00701677 0.0497687 -0.032083 -0.998245 -0.768904 0.636655 -0.0587963 91.8408 2.85271 50.3411 0.621801 0.657325 0.311965 -0.289768 0
-0.24217 0.150354 1.79919 0.622015 0.782693 0.0221039 0.0657905 -0.024113 -0.997542 -0.780236 0.621941 -0.0664924 91.3847 3.77224 51.4376 0.618751 0.654336 0.324177 -0.289657 0
-0.242435 0.150106 1.79875 0.61699 0.786509 0.0269568 0.0757639 -0.0252697 -0.996806 -0.783316 0.617061 -0.0751801 91.4522 4.34511 51.7738 0.615739 0.655256 0.328983 -0.288574 0
-0.242341 0.149712 1.79874 0.610839 0.79175 0.00276076 0.0687675 -0.0495802 -0.9964 -0.788763 0.60883 -0.0847322 92.8486 3.9432 52.2448 0.607562 0.660521 0.325696 -0.297493 0
-0.24216 0.14971 1.79873 0.607258 0.794494 -0.00427771 0.0616462 -0.0524847 -0.996717 -0.79211 0.605 -0.0808493 93.0143 3.53431 52.525 0.607026 0.659657 0.324464 -0.301819 1
-0.241864 0.150514 1.79937 0.597964 0.80149 0.00728864 0.0640975 -0.0387526 -0.997191 -0.798956 0.596751 -0.0745461 92.2255 3.67503 53.1877 0.609234 0.654076 0.330844 -0.30259 0
-0.242051 0.149959 1.80068 0.642428 0.765989 0.0234008 0.0789646 -0.0357922 -0.996235 -0.762267 0.641857 -0.0834799 92.0576 4.52905 49.8763 0.617081 0.663645 0.3183 -0.278336 0
-0.241847 0.150423 1.79903 0.601756 0.797603 0.0414584 0.0832799 -0.011036 -0.996465 -0.794326 0.603082 -0.0730653 90.6345 4.77712 52.8536 0.615966 0.649203 0.339217 -0.28992 0
-0.241197 0.151051 1.79971 0.587078 0.808582 0.0391801 0.0782573 -0.00851451 -0.996897 -0.805739 0.588323 -0.0682761 90.4894 4.4884 53.9221 0.614469 0.644955 0.34376 -0.297136 0
-0.242679 0.149462 1.80399 0.737182 0.675617 -0.0102595 0.0506022 -0.0703415 -0.996239 -0.673797 0.73389 -0.0860421 94.0388 2.90053 42.4279 0.628649 0.688034 0.263875 -0.248555 0
-0.245528 0.148619 1.80357 0.794696 0.606787 -0.0163463 0.0381371 -0.0767871 -0.996318 -0.605808 0.791147 -0.0841635 94.4071 2.18562 37.3188 0.63909 0.699222 0.230586 -0.222445 0
-0.246383 0.14888 1.80543 0.831444 0.555505 -0.0107308 0.0376786 -0.075643 -0.996423 -0.55433 0.828065 -0.0838236 94.3413 2.15934 33.6917 0.646525 0.705498 0.2102 -0.200235 1
-0.246349 0.14893 1.80425 0.849262 0.527883 0.00973407 0.0582306 -0.0753257 -0.995457 -0.524751 0.84597 -0.0947102 94.3273 3.33825 31.7116 0.647925 0.71051 0.20623 -0.181214 0
-0.247377 0.14917 1.80328 0.857727 0.513876 0.0153422 0.0560969 -0.0638853 -0.996379 -0.511036 0.855482 -0.0836231 93.6686 3.21581 30.7866 0.653877 0.708032 0.201253 -0.175025 0
-0.248156 0.149277 1.80502 0.864007 0.503099 0.0195866 0.0595052 -0.0634079 -0.996212 -0.499952 0.861899 -0.0847219 93.6419 3.41141 30.0555 0.654957 0.709249 0.19831 -0.169322 0
-0.247794 0.149535 1.80342 0.872854 0.486984 0.0311912 0.0661967 -0.054836 -0.996299 -0.483471 0.871688 -0.0801005 93.1504 3.79557 28.9819 0.65915 0.708483 0.195199 -0.159594 0
-0.24815 0.149983 1.80434 0.875418 0.48315 0.0144885 0.04157 -0.0453899 -0.998104 -0.481576 0.87436 -0.0598197 92.6038 2.38247 28.8156 0.665246 0.703674 0.186422 -0.165946 0
-0.248018 0.149658 1.80403 0.867055 0.497615 0.0243874 0.0558845 -0.0485001 -0.997259 -0.495068 0.866041 -0.0698612 92.7843 3.20361 29.7253 0.661191 0.704524 0.196409 -0.167021 0
-0.248097 0.149041 1.80369 0.851208 0.524774 0.0075683 0.0527435 -0.0711872 -0.996068 -0.522171 0.84826 -0.0882735 94.0879 3.02338 31.5269 0.650336 0.70899 0.203641 -0.181456 0
-0.247053 0.148894 1.80413 0.850486 0.525994 0.00205591 0.0504896 -0.0777455 -0.995694 -0.523569 0.846927 -0.0926786 94.4647 2.89407 31.6169 0.648086 0.710794 0.202761 -0.183426 0
-0.24734 0.148726 1.80543 0.855054 0.518505 -0.00589519 0.0435393 -0.0831191 -0.995588 -0.516707 0.851025 -0.0936466 94.7724 2.49541 31.1445 0.647744 0.71271 0.19715 -0.183315 0
-0.247908 0.149657 1.80593 0.852005 0.523533 -0.000684874 0.0401438 -0.0666348 -0.99697 -0.521992 0.849396 -0.0777897 93.8238 2.30069 31.4943 0.653372 0.706475 0.199468 -0.184959 0
-0.247044 0.149866 1.80423 0.848604 0.529028 -0.000394236 0.0365257 -0.0593335 -0.99757 -0.527766 0.846528 -0.0696738 93.4038 2.09323 31.8784 0.655667 0.703138 0.201082 -0.187787 0
-0.246695 0.149336 1.8033 0.840008 0.542483 0.00996663 0.0518053 -0.0619056 -0.996737 -0.540096 0.837783 -0.0801047 93.554 2.96955 32.7396 0.651536 0.703921 0.211064 -0.188277 0
-0.246423 0.149257 1.80279 0.834511 0.550918 0.00895871 0.0541758 -0.0658615 -0.996357 -0.548321 0.831957 -0.0848086 93.7819 3.10557 33.3072 0.648815 0.704482 0.21473 -0.191404 0
-0.247045 0.149776 1.80453 0.854616 0.519215 0.00695649 0.0442328 -0.059445 -0.997251 -0.517374 0.852574 -0.0737689 93.4113 2.53518 31.1902 0.656011 0.704952 0.199818 -0.181011 0
-0.248688 0.149196 1.80562 0.883388 0.468632 -0.00316311 0.0353868 -0.0734326 -0.996672 -0.467305 0.880336 -0.0814529 94.2138 2.02794 27.8785 0.657363 0.713841 0.176517 -0.164766 0
-0.246624 0.150684 1.80479 0.843837 0.533303 0.0593834 0.0756693 -0.00870363 -0.997095 -0.531237 0.845879 -0.0476991 90.5001 4.33968 32.1924 0.668475 0.689246 0.220884 -0.171149 0
-0.246481 0.15037 1.80389 0.838976 0.541695 0.0518206 0.0789781 -0.0269911 -0.996511 -0.538407 0.840141 -0.065427 91.5515 4.52983 32.69 0.660787 0.694873 0.223305 -0.175063 0
-0.246453 0.150037 1.80153 0.824067 0.565862 0.0267297 0.0616749 -0.0427134 -0.997182 -0.563125 0.823393 -0.0700981 92.4527 3.53595 34.3467 0.654075 0.695859 0.225454 -0.19271 0
-0.245474 0.149486 1.80065 0.804904 0.592985 -0.0223384 0.0219117 -0.0673191 -0.997491 -0.593001 0.802395 -0.0671787 93.861 1.25555 36.3804 0.646221 0.696312 0.220769 -0.220928 1
-0.244149 0.149202 1.80015 0.767656 0.640672 -0.0156188 0.0385085 -0.0704413 -0.996772 -0.639704 0.764577 -0.078746 94.0423 2.20692 39.8052 0.636095 0.692251 0.24528 -0.236664 0
-0.244183 0.149011 1.79874 0.768821 0.63946 0.00215861 0.056373 -0.0644139 -0.99633 -0.636974 0.766121 -0.0855711 93.6991 3.23165 39.642 0.636168 0.692605 0.251165 -0.229141 0
-0.243559 0.149324 1.7984 0.751281 0.65997 0.00411705 0.0581279 -0.0599538 -0.996507 -0.657418 0.748896 -0.0834049 93.443 3.33236 41.188 0.634019 0.68823 0.26085 -0.237312 0
-0.242609 0.149207 1.80047 0.708252 0.70596 2.3272e-05 0.0630384 -0.0632103 -0.996007 -0.703139 0.705426 -0.0892713 93.6313 3.61423 44.7924 0.623653 0.682044 0.281873 -0.257724 0
-0.242847 0.150141 1.79857 0.697742 0.716348 -0.0015554 0.0361818 -0.0374104 -0.998645 -0.715435 0.69674 -0.0520216 92.1454 2.07352 45.7173 0.634096 0.668426 0.281456 -0.268164 0
-0.242755 0.150914 1.79897 0.698069 0.715853 0.0159496 0.0383991 -0.0151836 -0.999147 -0.715 0.698086 -0.0380873 90.8706 2.20065 45.6865 0.641248 0.661691 0.284971 -0.264115 0
-0.241926 0.150493 1.79967 0.694149 0.719652 0.0160916 0.0408343 -0.0170488 -0.99902 -0.718672 0.694126 -0.0412209 90.9777 2.34029 45.9944 0.639507 0.661895 0.287238 -0.265367 0
-0.241969 0.150123 1.79798 0.666629 0.745095 0.020968 0.0606122 -0.0261491 -0.997819 -0.742921 0.666446 -0.0625936 91.5012 3.47495 48.0981 0.62807 0.662452 0.304062 -0.272455 0
-0.241281 0.149884 1.79587 0.649552 0.760119 0.0173715 0.0620364 -0.0302134 -0.997616 -0.757782 0.649081 -0.0667802 91.7347 3.55671 49.3977 0.623008 0.660785 0.311053 -0.280126 0
-0.241007 0.150287 1.79537 0.60867 0.792384 0.0406072 0.0826976 -0.0124568 -0.996497 -0.789102 0.609896 -0.0731104 90.7162 4.74364 52.3554 0.61707 0.650814 0.336149 -0.287523 0
-0.240979 0.150308 1.7952 0.613712 0.788517 0.0399912 0.0837671 -0.0146637 -0.996377 -0.785074 0.614839 -0.075051 90.8432 4.80513 51.9844 0.617251 0.652577 0.334169 -0.285439 1
-0.241175 0.150295 1.79344 0.594428 0.803362 0.0355701 0.0712896 -0.00858675 -0.997419 -0.800983 0.595429 -0.0623756 90.4932 4.08806 53.42 0.617144 0.64525 0.338881 -0.296557 0
-0.241084 0.15122 1.79471 0.564827 0.824766 0.0270296 0.061582 -0.00946462 -0.998057 -0.822908 0.565395 -0.0561367 90.5433 3.53062 55.5351 0.612214 0.638441 0.347075 -0.311649 0
-0.241526 0.151134 1.79499 0.564212 0.825545 0.0118763 0.0455527 -0.0167635 -0.998821 -0.824372 0.564088 -0.047064 90.9615 2.61088 55.6117 0.612451 0.637973 0.341353 -0.31839 0
-0.241387 0.151216 1.7952 0.572633 0.819811 -0.00107778 0.0322526 -0.0238419 -0.999195 -0.819177 0.572138 -0.0400937 91.3669 1.84826 55.0451 0.614145 0.639642 0.333024 -0.320591 1
-0.242138 0.151229 1.79358 0.587587 0.809161 0.000317704 0.031356 -0.0223774 -0.999258 -0.808553 0.58716 -0.0385207 91.2829 1.79686 53.9936 0.617796 0.641967 0.327321 -0.31475 1
-0.244304 0.150693 1.7945 0.63983 0.76839 -0.0139112 0.0198083 -0.0345841 -0.999205 -0.768261 0.639046 -0.0373484 91.9823 1.135 50.2115 0.626079 0.654172 0.30122 -0.298917 1
-0.244717 0.151732 1.7928 0.67019 0.741621 -0.0290644 -0.0126338 -0.0277553 -0.999535 -0.742082 0.670245 -0.00923182 91.5906 -0.723881 47.9142 0.638984 0.653295 0.278965 -0.295099 1
-0.240256 0.150036 1.79092 0.586395 0.809031 0.0401244 0.0846493 -0.0119407 -0.996339 -0.80559 0.587645 -0.0754858 90.6866 4.85586 53.9489 0.612162 0.646881 0.34538 -0.295829 1
-0.240186 0.149521 1.79128 0.605827 0.795109 0.0278389 0.0810178 -0.0268459 -0.996351 -0.79146 0.605872 -0.080682 91.5434 4.64707 52.5676 0.612025 0.654476 0.334667 -0.291692 1
-0.241163 0.150556 1.79373 0.655298 0.755102 0.0201323 0.0545164 -0.0206944 -0.998298 -0.753401 0.65528 -0.0547264 91.1876 3.12511 48.9837 0.628466 0.657784 0.307707 -0.278689 1
-0.241458 0.149894 1.79564 0.687496 0.726058 0.013738 0.0496081 -0.0280827 -0.998374 -0.724492 0.687059 -0.0553252 91.6112 2.8435 46.5009 0.633263 0.665377 0.291439 -0.26705 1
-0.241878 0.148808 1.79478 0.69844 0.715517 0.0147275 0.0569324 -0.0350367 -0.997763 -0.7134 0.697716 -0.0652071 92.0111 3.26375 45.6071 0.632099 0.670575 0.28798 -0.260475 1
-0.242545 0.149542 1.79427 0.720959 0.692726 0.0186683 0.0536572 -0.0289451 -0.99814 -0.690897 0.72062 -0.058038 91.6611 3.07581 43.7802 0.639135 0.672299 0.277549 -0.249974 1
-0.241381 0.150951 1.79499 0.709283 0.704629 0.0203919 0.0407112 -0.0120662 -0.999098 -0.703747 0.709473 -0.0372446 90.6919 2.33322 44.7755 0.6442 0.66306 0.281023 -0.257652 1
-0.241048 0.149051 1.79383 0.694011 0.719427 0.0278203 0.0253772 0.014173 -0.999577 -0.719517 0.694424 -0.00842079 89.1877 1.45416 46.0337 0.651875 0.649665 0.286611 -0.266174 1
-0.241027 0.15197 1.79331 0.699251 0.714337 0.0277522 0.00695933 0.0320171 -0.999463 -0.714842 0.699069 0.0174167 88.1652 0.398743 45.6317 0.661189 0.642226 0.28078 -0.267464 1
-0.242206 0.153328 1.79519 0.704552 0.70942 0.0181591 -0.0160208 0.0414826 -0.999011 -0.709472 0.703564 0.0405921 87.6222 -0.917962 45.1994 0.668324 0.636882 0.272185 -0.271366 1
-0.242083 0.152961 1.79529 0.6889 0.724851 -0.00287612 -0.058239 0.0513945 -0.996979 -0.722513 0.686986 0.0776203 87.049 -3.33874 46.3643 0.67415 0.624477 0.266868 -0.290399 1
-0.240833 0.153488 1.79392 0.660298 0.75071 -0.0209956 -0.113407 0.0720351 -0.990934 -0.742392 0.656693 0.132701 85.8422 -6.51178 48.3495 0.682831 0.603233 0.264119 -0.316373 1
-0.240113 0.153686 1.79086 0.643273 0.764937 -0.0327162 -0.161382 0.0936961 -0.982434 -0.748435 0.637254 0.18372 84.5521 -9.28715 49.3212 0.692945 0.58435 0.258216 -0.334197 1
-0.240626 0.153047 1.78872 0.638465 0.769251 -0.0248109 -0.140452 0.0847562 -0.986453 -0.756727 0.6333 0.162157 85.0892 -8.07399 49.845 0.686545 0.58982 0.266521 -0.331261 1
-0.240917 0.152848 1.78789 0.632482 0.774001 -0.0298201 -0.14898 0.0837803 -0.985285 -0.760113 0.627617 0.1683 85.1397 -8.56783 50.2365 0.686397 0.587452 0.265988 -0.336169 1
-0.240562 0.15286 1.79052 0.667664 0.744359 -0.0124456 -0.117959 0.0892691 -0.988998 -0.735059 0.661786 0.147406 84.8423 -6.77433 47.7507 0.689989 0.59812 0.261821 -0.312439 1
-0.240726 0.15274 1.78983 0.633929 0.773048 -0.0230381 -0.134235 0.0806441 -0.987663 -0.761652 0.629201 0.154893 85.3321 -7.71439 50.2291 0.683642 0.591268 0.270103 -0.331783 1
-0.240064 0.152181 1.78777 0.614695 0.788435 -0.0228152 -0.12699 0.0703755 -0.989404 -0.778475 0.611079 0.143383 85.9315 -7.29568 51.7049 0.676101 0.591806 0.279418 -0.338494 1
-0.240535 0.152138 1.7874 0.624347 0.780814 -0.0228122 -0.12207 0.0686806 -0.990142 -0.77155 0.620977 0.138194 86.0321 -7.01158 51.0198 0.676613 0.595288 0.276649 -0.333604 1
-0.239858 0.151944 1.78523 0.614526 0.788798 -0.0124357 -0.121673 0.0791926 -0.989406 -0.779457 0.609529 0.144641 85.4238 -6.98864 51.7476 0.677931 0.589638 0.282854 -0.335754 1
-0.238896 0.151541 1.78396 0.608491 0.793419 -0.0149803 -0.117204 0.0711842 -0.990553 -0.784858 0.604499 0.136307 85.8896 -6.73077 52.214 0.673792 0.591819 0.285651 -0.337873 1
-0.240037 0.151697 1.78471 0.604274 0.79636 -0.0257573 -0.129331 0.0661353 -0.989394 -0.78621 0.601196 0.142958 86.1758 -7.43095 52.4544 0.673307 0.590589 0.282357 -0.343711 1
-0.240382 0.152351 1.78318 0.619379 0.784726 -0.0239806 -0.139678 0.0800861 -0.986953 -0.772567 0.614648 0.159212 85.3609 -8.02919 51.2803 0.681667 0.587384 0.274543 -0.339023 1
-0.243912 0.152811 1.78369 0.605278 0.795267 -0.0344684 -0.160226 0.0793042 -0.98389 -0.779722 0.60105 0.175423 85.3918 -9.22 52.1787 0.68191 0.581066 0.273223 -0.3503 1
-0.244784 0.153058 1.78299 0.617591 0.785511 -0.0394111 -0.147377 0.0663588 -0.986852 -0.772568 0.615279 0.156749 86.1531 -8.47493 51.3612 0.678362 0.590441 0.270194 -0.343802 1
-0.247916 0.151878 1.78432 0.633854 0.773304 -0.0151711 -0.117287 0.0767119 -0.990131 -0.764508 0.629378 0.139323 85.5698 -6.73556 50.3378 0.680053 0.595361 0.27547 -0.327397 1
-0.24741 0.152215 1.78376 0.662877 0.748712 -0.00505197 -0.0941736 0.0766796 -0.992598 -0.742783 0.658446 0.121338 85.5826 -5.40376 48.2535 0.682073 0.605157 0.2704 -0.308942 1
-0.24709 0.146402 1.78293 0.703046 0.71112 -0.00583178 -0.0962055 0.0869816 -0.991554 -0.704606 0.697669 0.129566 84.9867 -5.52071 45.0635 0.692747 0.60961 0.252175 -0.291349 1
-0.24842 0.140663 1.78189 0.762597 0.646872 -0.00137022 -0.0889342 0.102746 -0.990724 -0.640731 0.755645 0.135883 84.0791 -5.1023 40.0368 0.707324 0.617246 0.225979 -0.260067 1
-0.24536 0.132711 1.77653 0.752087 0.658245 -0.0328383 -0.0869471 0.0497058 -0.994972 -0.653303 0.751161 0.0946156 87.1401 -4.988 40.9793 0.688551 0.633988 0.225279 -0.270566 1
-0.24377 0.128506 1.77288 0.746511 0.665005 -0.0221136 -0.050441 0.0234215 -0.998452 -0.663458 0.746471 0.0510279 88.6562 -2.89128 41.6289 0.674715 0.646541 0.237635 -0.265092 1
-0.24251 0.116426 1.76395 0.782023 0.62102 0.052674 0.031071 0.0455631 -0.998478 -0.622475 0.782469 0.0163356 87.3873 1.78053 38.5191 0.678955 0.655767 0.248599 -0.217227 1
-0.245966 0.104061 1.75529 0.780393 0.619259 0.0866317 0.0355161 0.0944245 -0.994898 -0.62428 0.779489 0.0516946 84.5784 2.03535 38.6583 0.693994 0.639194 0.256094 -0.210284 1
-0.245889 0.0922698 1.74686 0.784186 0.611135 0.107545 0.042052 0.120576 -0.991813 -0.619099 0.782288 0.0688545 83.0685 2.41011 38.2904 0.702427 0.631418 0.258619 -0.202542 1
-0.240209 0.08321 1.73536 0.825729 0.5565 0.0920862 0.0230187 0.129873 -0.991263 -0.563598 0.820634 0.0944302 82.5357 1.31899 34.3153 0.715897 0.632737 0.228973 -0.186298 1
-0.23546 0.0757623 1.72068 0.858479 0.50108 0.109242 0.0571645 0.118189 -0.991344 -0.509654 0.857293 0.0728188 83.2012 3.27707 30.6964 0.715801 0.645653 0.216155 -0.155041 1
-0.233891 0.0675818 1.70651 0.871103 0.476785 0.117714 0.0744596 0.108698 -0.991282 -0.485424 0.872273 0.0591858 83.7423 4.27017 29.1288 0.713965 0.652537 0.211193 -0.140877 1
-0.23147 0.0616916 1.68587 0.870375 0.486131 0.0782638 0.0693413 0.0363496 -0.996931 -0.487483 0.87313 -0.00207117 87.9118 3.97616 29.2525 0.690046 0.677513 0.204967 -0.151001 1
-0.230578 0.0517025 1.67029 0.882607 0.46345 0.0788632 0.0649313 0.0459692 -0.99683 -0.465606 0.88493 0.0104803 87.3597 3.72291 27.8132 0.69625 0.675677 0.195501 -0.143095 1
-0.227938 0.042421 1.65115 0.880134 0.474241 0.0214521 0.0331019 -0.0162293 -0.99932 -0.47357 0.880246 -0.0299823 90.9304 1.89695 28.2832 0.677112 0.693964 0.18277 -0.162875 1
-0.224685 0.0298562 1.63048 0.883053 0.469056 0.0142524 0.0367997 -0.0389382 -0.998564 -0.467827 0.88231 -0.0516456 92.2331 2.10894 27.9139 0.669416 0.702431 0.180037 -0.16143 1
-0.222908 0.0244211 1.61115 0.898522 0.438038 0.0279436 0.05502 -0.0492409 -0.99727 -0.435466 0.897607 -0.0683449 92.8267 3.15401 25.857 0.667259 0.709949 0.173625 -0.143504 1
-0.221871 0.0266654 1.58829 0.910563 0.409807 0.0541644 0.0928711 -0.0751292 -0.99284 -0.402803 0.909073 -0.106469 94.3274 5.3288 23.863 0.65745 0.723215 0.173765 -0.120517 1
-0.221066 0.0235395 1.56275 0.94033 0.338 0.039198 0.0766607 -0.0982062 -0.992209 -0.331517 0.936008 -0.118258 95.6526 4.39665 19.4203 0.65648 0.734301 0.141175 -0.0995228 1
-0.220546 0.0221797 1.54118 0.953527 0.296061 0.0559882 0.0876581 -0.0947939 -0.99163 -0.288276 0.950454 -0.116341 95.4605 5.02889 16.8214 0.659999 0.735639 0.130403 -0.0789407 1
-0.220248 0.0228982 1.51786 0.971532 0.218447 0.0916862 0.107071 -0.0596401 -0.992461 -0.211332 0.974025 -0.0813317 93.4389 6.14651 12.2721 0.676491 0.726723 0.111982 -0.0411594 1
-0.215961 0.0246091 1.49371 0.978907 0.180922 0.0949073 0.0994893 -0.0164005 -0.994903 -0.178443 0.983361 -0.0340543 90.9444 5.70976 10.3309 0.694344 0.712278 0.0984205 -0.02932 1
-0.215163 0.0332308 1.47505 0.97853 0.175214 0.108529 0.108875 0.00766511 -0.994026 -0.174999 0.984501 -0.0115758 89.5582 6.25045 10.1395 0.702606 0.703996 0.100884 -0.0236047 1
-0.21471 0.040849 1.45077 0.981279 0.15703 0.1115 0.0926372 0.12272 -0.988108 -0.168846 0.979939 0.105876 82.9203 5.31534 9.76313 0.743283 0.661945 0.0942931 -0.0216583 1
-0.2162 0.0505288 1.43111 0.980937 0.174294 0.08593 0.0645032 0.125083 -0.990047 -0.183307 0.976717 0.111456 82.7994 3.69833 10.5848 0.74456 0.660378 0.0904015 -0.0368642 1
-0.214442 0.060035 1.40924 0.981158 0.186209 0.0515214 0.0293131 0.120109 -0.992328 -0.190968 0.975141 0.112388 83.0986 1.67976 11.0141 0.743918 0.661185 0.0814908 -0.0527262 1
-0.213255 0.0683465 1.38446 0.98367 0.177456 0.0300312 0.00889972 0.118696 -0.992891 -0.179759 0.976944 0.115178 83.1829 0.509923 10.3562 0.744571 0.661399 0.0704401 -0.0565953 1
-0.210469 0.0801494 1.35491 0.985562 0.159751 0.0561061 0.0348911 0.132635 -0.990551 -0.165683 0.978206 0.125146 82.3734 1.99952 9.54279 0.74889 0.657225 0.0740394 -0.0416817 1
-0.210869 0.0930812 1.32957 0.981628 0.184858 0.0472562 0.0274129 0.108463 -0.993722 -0.188823 0.976762 0.101403 83.7709 1.57084 10.8883 0.740185 0.665538 0.0797367 -0.0531778 1
-0.215189 0.10892 1.30707 0.978418 0.20506 0.0254671 0.00706204 0.0899904 -0.995918 -0.206515 0.974603 0.0866001 84.8368 0.404629 11.9185 0.733997 0.671161 0.0790133 -0.0674384 1
-0.21671 0.126576 1.28499 0.960214 0.269174 -0.0743899 -0.100985 0.0863258 -0.991136 -0.260366 0.959215 0.110074 85.0222 -5.79589 15.1712 0.734271 0.664043 0.06332 -0.126029 1
-0.218829 0.143609 1.26094 0.940437 0.299351 -0.161141 -0.189201 0.0670467 -0.979647 -0.282454 0.951784 0.119691 86.0848 -10.9061 16.7173 0.729242 0.662137 0.0415889 -0.167486 1
-0.22333 0.156081 1.2463 0.913904 0.320807 -0.24872 -0.277112 0.0453247 -0.959768 -0.296627 0.946059 0.130322 87.2962 -16.0879 17.9819 0.722764 0.659215 0.0165707 -0.206817 1
-0.224733 0.174846 1.23226 0.898603 0.30966 -0.310841 -0.329086 0.00710033 -0.944273 -0.290197 0.950821 0.108285 89.5692 -19.2133 17.8974 0.709575 0.667686 -0.0072736 -0.225045 1
-0.226716 0.179495 1.22292 0.853624 0.28309 -0.437247 -0.44591 -0.0367405 -0.894323 -0.269239 0.958389 0.0948702 92.3525 -26.4816 17.5056 0.691331 0.66998 -0.0607554 -0.263622 1
-0.228814 0.193663 1.20958 0.81961 0.255159 -0.512965 -0.510459 -0.0813053 -0.85605 -0.260135 0.963475 0.0636094 95.4255 -30.6944 17.6089 0.671177 0.677736 -0.0941741 -0.285177 1
-0.231815 0.206901 1.19744 0.775949 0.232876 -0.586236 -0.573392 -0.126964 -0.809383 -0.262916 0.964183 0.0350118 98.915 -34.9871 18.718 0.648845 0.683356 -0.124575 -0.310655 1
-0.238292 0.222392 1.18391 0.729115 0.206049 -0.652637 -0.627172 -0.180545 -0.757667 -0.273947 0.961742 -0.00241029 103.403 -38.8417 20.5925 0.621723 0.691388 -0.152274 -0.335045 1
-0.249165 0.239488 1.16784 0.695523 0.186221 -0.693953 -0.663308 -0.204821 -0.719772 -0.276173 0.960921 -0.0189363 105.884 -41.5526 21.6567 0.606582 0.69269 -0.172186 -0.350129 1
-0.257233 0.252014 1.15375 0.668876 0.131859 -0.731586 -0.69392 -0.242209 -0.678093 -0.266609 0.961222 -0.0705085 109.656 -43.9412 21.7319 0.582271 0.703845 -0.199639 -0.354551 1
-0.261746 0.258818 1.14155 0.662529 0.116787 -0.739876 -0.703929 -0.240524 -0.668306 -0.256008 0.963592 -0.0771442 109.794 -44.743 21.127 0.579841 0.703597 -0.208621 -0.353854 1
-0.264741 0.26147 1.13551 0.664932 0.0979519 -0.740453 -0.71079 -0.221548 -0.667603 -0.229439 0.970217 -0.0776912 108.359 -45.2993 19.0373 0.584314 0.700745 -0.218638 -0.346022 1
-0.264685 0.268311 1.1297 0.65631 0.0710149 -0.751142 -0.73504 -0.16442 -0.657785 -0.170216 0.983831 -0.0557119 104.034 -47.3106 14.5395 0.599203 0.684916 -0.242375 -0.336303 1
-0.262318 0.270136 1.12559 0.664728 0.072212 -0.743587 -0.735592 -0.110649 -0.668327 -0.130539 0.991233 -0.0204332 99.4007 -47.3573 11.1103 0.619202 0.670039 -0.247515 -0.326147 1
-0.261124 0.272251 1.11821 0.703803 0.0461641 -0.708894 -0.703899 -0.0893273 -0.704661 -0.0958537 0.994932 -0.0303739 97.2246 -44.7407 7.75562 0.629305 0.675186 -0.243539 -0.297973 1
-0.261888 0.273098 1.11415 0.71779 0.00393347 -0.696249 -0.695575 -0.0402914 -0.717323 -0.0308744 0.99918 -0.0261847 93.2149 -44.0731 2.46295 0.642517 0.667882 -0.258894 -0.272175 1
-0.261894 0.275548 1.10485 0.68676 -0.0494479 -0.7252 -0.726522 -0.0152063 -0.686975 0.0229419 0.998661 -0.0463681 91.268 -46.5956 -1.91331 0.637414 0.661123 -0.293429 -0.265555 1
-0.259129 0.279345 1.10028 0.71243 -0.0765107 -0.69756 -0.70008 -0.00909041 -0.714007 0.0482881 0.997027 -0.0600399 90.7294 -44.4334 -3.87754 0.640956 0.667375 -0.290912 -0.243218 1
-0.254075 0.281483 1.09233 0.735726 -0.0776577 -0.672812 -0.675264 -0.00753544 -0.737538 0.0522056 0.996952 -0.0579835 90.5854 -42.4746 -4.05878 0.646183 0.671052 -0.2805 -0.231206 1
-0.250228 0.284994 1.08717 0.73286 -0.0644102 -0.677324 -0.679028 -0.00651455 -0.734084 0.0428701 0.997902 -0.0485106 90.5085 -42.7677 -3.34781 0.647656 0.668559 -0.278 -0.237247 1
-0.24429 0.286727 1.07991 0.729089 -0.0728013 -0.680536 -0.681966 0.00683258 -0.731352 0.0578932 0.997323 -0.0446664 89.4647 -42.9974 -4.54004 0.650241 0.664628 -0.283906 -0.234207 1
-0.245987 0.286345 1.0713 0.746527 -0.0496035 -0.663503 -0.665315 -0.0447924 -0.745218 0.00724549 0.997764 -0.0664408 93.4397 -41.7065 -0.556072 0.639393 0.681498 -0.26226 -0.240741 1
-0.24448 0.284415 1.06589 0.756031 -0.0427174 -0.65314 -0.654533 -0.0466471 -0.754593 0.00176714 0.997998 -0.0632267 93.5374 -40.8843 -0.133923 0.641513 0.682991 -0.25522 -0.238427 1
-0.237324 0.288137 1.06336 0.72983 0.00951396 -0.683563 -0.683305 -0.0206017 -0.729842 -0.0210262 0.999742 -0.00853478 91.6169 -43.1025 1.65022 0.652053 0.66313 -0.254019 -0.26563 1
-0.229838 0.288051 1.0579 0.731059 0.0226121 -0.68194 -0.681741 -0.0167716 -0.731401 -0.0279758 0.999604 0.00315462 91.3136 -42.9798 2.1915 0.655256 0.660431 -0.249507 -0.268732 1
-0.218957 0.293383 1.05046 0.727103 0.0979958 -0.679498 -0.680755 -0.025176 -0.732079 -0.0888477 0.994868 0.0484056 91.9696 -42.9026 6.96667 0.661501 0.652663 -0.223224 -0.294312 1
-0.208507 0.298116 1.04135 0.715608 0.138977 -0.684537 -0.688092 -0.0283032 -0.725071 -0.120142 0.989891 0.0753747 92.2354 -43.4793 9.53043 0.66383 0.645859 -0.212553 -0.311476 1
-0.199881 0.299985 1.03921 0.700716 0.189185 -0.6879 -0.699104 -0.0102472 -0.714947 -0.142306 0.981888 0.12508 90.8212 -44.3552 11.4799 0.673711 0.629659 -0.202458 -0.329625 1
-0.187618 0.302033 1.04076 0.666026 0.222147 -0.712081 -0.723351 -0.0407449 -0.689278 -0.182135 0.974161 0.133553 93.383 -46.3318 15.2944 0.663105 0.62714 -0.199797 -0.356466 1
-0.179247 0.302441 1.04306 0.625244 0.254447 -0.737785 -0.746496 -0.0807414 -0.660473 -0.227625 0.96371 0.139461 96.9697 -48.2878 20.0044 0.648838 0.625804 -0.196566 -0.385668 1
-0.171548 0.306571 1.04273 0.583202 0.272974 -0.765089 -0.777386 -0.0857112 -0.623157 -0.235682 0.958196 0.162219 97.8315 -51.0219 22.0045 0.644149 0.613737 -0.205468 -0.407654 1
-0.169955 0.300777 1.04608 0.572612 0.276894 -0.771651 -0.750744 -0.201071 -0.629248 -0.329391 0.939628 0.0927409 107.721 -48.6549 29.9094 0.605038 0.648256 -0.182741 -0.424617 1
-0.164654 0.300345 1.04717 0.575546 0.248997 -0.77894 -0.734273 -0.26195 -0.626278 -0.359985 0.932407 0.0320674 112.698 -47.2458 32.0246 0.580014 0.671831 -0.18058 -0.423814 1
-0.161609 0.297294 1.04903 0.549218 0.257932 -0.794877 -0.726655 -0.322351 -0.606681 -0.412712 0.910802 0.010387 117.983 -46.6067 36.9232 0.55616 0.682126 -0.171788 -0.442583 1
-0.161302 0.295288 1.05307 0.537085 0.301892 -0.787655 -0.692317 -0.3757 -0.616074 -0.48191 0.876191 0.00722183 121.376 -43.8138 41.9007 0.540511 0.690211 -0.141415 -0.459847 1
-0.163997 0.29204 1.0553 0.507326 0.344228 -0.790017 -0.6716 -0.416503 -0.612763 -0.539975 0.841446 0.0198809 124.204 -42.1907 46.7856 0.52695 0.689918 -0.118627 -0.481938 1
-0.166687 0.289651 1.05699 0.465738 0.392972 -0.792881 -0.649136 -0.45723 -0.607917 -0.601424 0.797818 0.0421433 126.948 -40.4765 52.2461 0.512506 0.685716 -0.0933928 -0.508339 1
-0.169997 0.287323 1.05937 0.440252 0.420563 -0.793288 -0.621351 -0.495084 -0.607301 -0.648152 0.760276 0.0433558 129.188 -38.4149 55.814 0.497123 0.687746 -0.0729877 -0.523972 1
-0.177492 0.282936 1.0601 0.380662 0.44073 -0.812929 -0.599908 -0.551306 -0.579804 -0.703709 0.708392 0.0545361 133.557 -36.8633 61.5894 0.470078 0.685097 -0.0580859 -0.553439 1
-0.192524 0.278648 1.06199 0.325745 0.422679 -0.845714 -0.576829 -0.619884 -0.531989 -0.749105 0.661125 0.041889 139.364 -35.2278 66.4984 0.432363 0.68988 -0.0558611 -0.577933 1
-0.213518 0.278588 1.06258 0.250342 0.392695 -0.88494 -0.570931 -0.678319 -0.462517 -0.7819 0.621027 0.05439 145.712 -34.8151 72.2464 0.395731 0.68452 -0.0650951 -0.608762 1
-0.230688 0.276237 1.0638 0.16368 0.380761 -0.910071 -0.568276 -0.717687 -0.402477 -0.806394 0.583049 0.0989058 150.716 -34.6301 78.5261 0.369086 0.667544 -0.0702258 -0.642828 1
-0.244819 0.277241 1.06455 0.096613 0.38324 -0.918582 -0.588332 -0.722422 -0.363279 -0.802827 0.575529 0.155677 153.304 -36.0387 83.138 0.36396 0.644856 -0.0795108 -0.667362 1
-0.2643 0.276433 1.06501 0.0250937 0.374854 -0.926744 -0.585862 -0.745642 -0.317465 -0.810022 0.550911 0.200902 156.938 -35.8639 88.2256 0.346538 0.626465 -0.0842059 -0.693082 1
-0.275937 0.27626 1.0644 -0.0500373 0.354562 -0.933693 -0.587333 -0.766574 -0.259624 -0.807797 0.535398 0.246603 161.29 -35.968 93.5445 0.327869 0.606204 -0.0959954 -0.718195 1
-0.289833 0.280914 1.06422 -0.14274 0.337511 -0.930436 -0.623374 -0.760839 -0.180357 -0.768785 0.554266 0.318997 166.664 -38.563 100.518 0.322265 0.569891 -0.125403 -0.745415 1
-0.297141 0.281873 1.06381 -0.203296 0.350426 -0.914261 -0.668807 -0.731673 -0.131725 -0.7151 0.584685 0.383113 169.794 -41.9751 105.87 0.334718 0.535085 -0.148753 -0.761262 1
-0.295012 0.28102 1.06321 -0.262632 0.375893 -0.888667 -0.707035 -0.7017 -0.0878554 -0.656602 0.605245 0.450058 172.863 -44.9942 111.801 0.34847 0.497245 -0.166488 -0.776915 1
-0.287782 0.283148 1.05978 -0.29631 0.387112 -0.873123 -0.726117 -0.685175 -0.0573613 -0.620447 0.616993 0.484113 175.214 -46.5618 115.528 0.354481 0.475592 -0.178201 -0.785111 1
-0.276909 0.286595 1.05254 -0.318628 0.383077 -0.867023 -0.722133 -0.690611 -0.0397507 -0.614003 0.61344 0.49668 176.706 -46.2309 117.426 0.349085 0.467788 -0.181202 -0.791505 1
-0.270672 0.286893 1.04929 -0.276129 0.349228 -0.895429 -0.721831 -0.690492 -0.0467047 -0.634597 0.633452 0.442749 176.13 -46.2059 113.515 0.34501 0.492852 -0.189003 -0.776107 1
-0.260041 0.286226 1.04962 -0.304025 0.277225 -0.911436 -0.73407 -0.677973 0.0386471 -0.607215 0.680807 0.409624 -176.737 -47.2287 116.597 0.326965 0.491 -0.232609 -0.773244 1
-0.254099 0.285913 1.04887 -0.287293 0.269301 -0.919206 -0.747245 -0.663392 0.039193 -0.599239 0.698132 0.391822 -176.619 -48.3523 115.614 0.332091 0.496054 -0.240873 -0.765263 1
-0.245395 0.284016 1.05051 -0.267363 0.285331 -0.920382 -0.756992 -0.653193 0.0174011 -0.596222 0.701374 0.390633 -178.474 -49.1997 114.153 0.342811 0.498798 -0.236399 -0.76013 1
-0.239423 0.284808 1.05181 -0.26111 0.320246 -0.910639 -0.77657 -0.63003 0.00110368 -0.573377 0.707463 0.413201 -179.9 -50.9476 114.484 0.361269 0.488805 -0.233387 -0.759003 1
-0.236985 0.285146 1.05228 -0.259047 0.345432 -0.901982 -0.781851 -0.623305 -0.0141618 -0.567101 0.701547 0.431541 178.698 -51.4304 114.55 0.370537 0.482886 -0.225943 -0.760574 1
-0.236513 0.287148 1.05365 -0.277044 0.348035 -0.89561 -0.798642 -0.60166 0.013243 -0.534244 0.718941 0.444642 -178.739 -53.0006 117.41 0.376144 0.469035 -0.240178 -0.762126 1
-0.234232 0.288083 1.05375 -0.273529 0.345355 -0.897726 -0.802974 -0.595813 0.0154497 -0.529541 0.725077 0.440283 -178.515 -53.4151 117.318 0.377803 0.469575 -0.243635 -0.759873 1
-0.234319 0.289114 1.05459 -0.279077 0.354235 -0.892544 -0.817248 -0.575651 0.0270678 -0.504205 0.736983 0.450148 -177.308 -54.8102 118.964 0.385818 0.460007 -0.251634 -0.759091 1
-0.232364 0.287384 1.05564 -0.304651 0.363448 -0.880394 -0.787767 -0.615698 0.018423 -0.535361 0.699157 0.473886 -178.286 -51.9773 119.642 0.372 0.457483 -0.231877 -0.773666 1
-0.231898 0.286951 1.05716 -0.290291 0.40511 -0.866959 -0.788076 -0.615128 -0.0235567 -0.542833 0.676391 0.497823 177.807 -52.006 118.137 0.384839 0.454701 -0.210559 -0.77512 1
-0.229986 0.284636 1.05607 -0.25772 0.476438 -0.840587 -0.796427 -0.597325 -0.0943783 -0.547069 0.645143 0.533391 171.021 -52.7903 115.225 0.411809 0.448947 -0.178188 -0.772728 1
-0.2295 0.28284 1.05787 -0.224862 0.510567 -0.829915 -0.804569 -0.577738 -0.137432 -0.549642 0.63682 0.540697 166.619 -53.5686 112.25 0.429563 0.450605 -0.163115 -0.765392 1
-0.228633 0.283392 1.05901 -0.219901 0.537473 -0.814105 -0.818479 -0.555726 -0.145809 -0.530787 0.634264 0.562115 165.298 -54.9329 112.504 0.443421 0.439804 -0.159734 -0.764484 1
-0.228642 0.284055 1.06062 -0.218316 0.521307 -0.824971 -0.812095 -0.565823 -0.14264 -0.541146 0.638814 0.546879 165.851 -54.3011 111.971 0.436675 0.447389 -0.162492 -0.763384 1
-0.229363 0.28236 1.06646 -0.18711 0.534815 -0.823992 -0.810646 -0.55783 -0.177983 -0.554835 0.634664 0.537922 162.304 -54.1591 108.636 0.445248 0.456289 -0.151127 -0.755457 1
-0.2298 0.281753 1.06845 -0.185026 0.529726 -0.827742 -0.786074 -0.585276 -0.198845 -0.58979 0.613875 0.524695 161.235 -51.8202 107.417 0.434279 0.467856 -0.136981 -0.757462 1
-0.234381 0.27831 1.07406 -0.195235 0.519156 -0.832082 -0.770285 -0.606324 -0.197565 -0.607078 0.602369 0.518274 161.952 -50.3795 107.828 0.423295 0.472444 -0.132888 -0.76155 1
-0.236331 0.275631 1.07883 -0.214865 0.5353 -0.816876 -0.754595 -0.621983 -0.209103 -0.620016 0.571482 0.537577 161.418 -48.99 109.114 0.418548 0.466246 -0.117585 -0.770459 1
-0.241094 0.266603 1.08425 -0.253754 0.529346 -0.809569 -0.718954 -0.663129 -0.208243 -0.647081 0.5292 0.548848 162.566 -45.9682 111.413 0.397481 0.463823 -0.102198 -0.785132 1
-0.241644 0.261086 1.08682 -0.311853 0.53829 -0.782938 -0.682017 -0.700541 -0.209986 -0.661513 0.468492 0.585589 163.314 -43.0015 115.24 0.378548 0.448079 -0.0801907 -0.805913 1
-0.247356 0.25332 1.09241 -0.365256 0.538058 -0.759659 -0.662505 -0.723521 -0.193919 -0.653969 0.432447 0.620736 164.996 -41.4912 119.184 0.364678 0.429398 -0.0724542 -0.82303 1
-0.249795 0.245459 1.09608 -0.388874 0.535307 -0.749815 -0.647492 -0.737773 -0.190904 -0.655386 0.411262 0.633509 165.493 -40.3528 120.683 0.355971 0.422904 -0.0663182 -0.830686 1
-0.251193 0.233118 1.10258 -0.400593 0.558173 -0.726614 -0.619269 -0.749414 -0.234275 -0.675301 0.356121 0.645869 162.64 -38.2628 120.677 0.352087 0.419211 -0.0364354 -0.836044 1
-0.253485 0.224271 1.10966 -0.395827 0.577707 -0.713846 -0.597911 -0.752126 -0.277146 -0.697011 0.317114 0.643129 159.772 -36.7204 119.592 0.351844 0.422247 -0.0119618 -0.835326 1
-0.256732 0.208956 1.11867 -0.392599 0.583241 -0.711123 -0.560126 -0.764896 -0.318108 -0.729469 0.27343 0.626986 157.418 -34.0645 118.289 0.342597 0.431657 0.0133872 -0.834338 1
-0.256173 0.198518 1.12948 -0.403827 0.572172 -0.713823 -0.540014 -0.778921 -0.318854 -0.73845 0.256712 0.62353 157.738 -32.6846 118.672 0.331957 0.433464 0.0185475 -0.837597 1
-0.256584 0.179209 1.13821 -0.425361 0.566064 -0.706144 -0.42731 -0.813419 -0.394659 -0.797793 0.13387 0.587882 154.118 -25.297 118.065 0.295424 0.447263 0.0775571 -0.840634 1
-0.259388 0.163056 1.15281 -0.429921 0.563038 -0.705802 -0.35809 -0.823954 -0.439171 -0.828818 0.0639318 0.555854 151.942 -20.9829 117.416 0.274763 0.457761 0.11193 -0.838112 1
-0.260913 0.145134 1.17036 -0.45117 0.537257 -0.712601 -0.312107 -0.843054 -0.438006 -0.836083 0.0247928 0.548042 152.546 -18.1862 118.352 0.251902 0.459304 0.122549 -0.842951 1
-0.26376 0.126341 1.1897 -0.476525 0.513967 -0.713275 -0.264195 -0.85753 -0.44141 -0.838525 -0.0218995 0.544422 152.763 -15.3191 119.609 0.229329 0.457324 0.13654 -0.848304 1
-0.261948 0.112052 1.20497 -0.478522 0.503725 -0.71922 -0.281873 -0.863859 -0.417487 -0.831604 0.00295161 0.555362 154.206 -16.372 119.917 0.230749 0.455515 0.121759 -0.851138 1
-0.260329 0.0989214 1.22519 -0.425899 0.511246 -0.746483 -0.314925 -0.857226 -0.407413 -0.848193 0.0615697 0.526096 154.58 -18.3563 116.662 0.24646 0.475718 0.103171 -0.838037 1
-0.262402 0.0874908 1.24381 -0.41687 0.529344 -0.738928 -0.33361 -0.8453 -0.417339 -0.845532 0.0725373 0.528975 153.724 -19.488 116.245 0.258266 0.474198 0.103192 -0.835336 1
-0.263365 0.0791203 1.26634 -0.401167 0.582334 -0.707073 -0.34445 -0.811158 -0.472628 -0.848775 0.0539491 0.525995 149.772 -20.1483 115.297 0.280031 0.470105 0.126505 -0.827393 1
-0.264994 0.0705545 1.28316 -0.492571 0.607741 -0.622916 -0.360874 -0.79397 -0.489266 -0.791924 -0.0162047 0.610405 148.357 -21.1539 121.881 0.284545 0.41563 0.14849 -0.851021 1
-0.264807 0.0634941 1.30722 -0.522135 0.63046 -0.574365 -0.372836 -0.774428 -0.511131 -0.767052 -0.052735 0.639414 146.575 -21.8906 124.243 0.292768 0.391433 0.164539 -0.856735 1
-0.264342 0.05486 1.33246 -0.549623 0.67096 -0.497722 -0.373457 -0.730268 -0.572048 -0.747292 -0.128533 0.651946 141.927 -21.9289 126.334 0.304982 0.363558 0.204578 -0.85613 1
-0.267104 0.0477133 1.35557 -0.570393 0.699625 -0.430321 -0.392861 -0.692472 -0.605097 -0.721327 -0.176087 0.669837 138.852 -23.1326 128.335 0.318971 0.336245 0.228081 -0.856257 1
-0.267024 0.0390785 1.38088 -0.606533 0.712328 -0.353137 -0.427548 -0.666703 -0.610499 -0.670314 -0.219305 0.708932 137.52 -25.312 132.14 0.330036 0.296327 0.240259 -0.863448 1
-0.265717 0.030345 1.40814 -0.620243 0.721997 -0.306625 -0.470593 -0.655236 -0.590939 -0.627567 -0.22223 0.746172 137.954 -28.0728 134.664 0.343035 0.26871 0.233899 -0.869145 1
-0.260895 0.0248769 1.43811 -0.625534 0.734979 -0.26175 -0.483745 -0.62859 -0.608987 -0.612127 -0.254322 0.748747 135.907 -28.9302 135.621 0.351647 0.252146 0.249097 -0.86644 1
-0.261732 0.0200934 1.46423 -0.637465 0.733301 -0.236449 -0.494799 -0.624864 -0.60392 -0.590604 -0.267983 0.761165 135.976 -29.6565 137.185 0.353142 0.23782 0.250717 -0.86941 1
-0.262792 0.0132597 1.4928 -0.678659 0.705904 -0.202782 -0.486689 -0.639013 -0.595648 -0.550051 -0.30555 0.777228 137.012 -29.1232 140.975 0.338953 0.213966 0.256134 -0.879616 1
-0.261606 0.0107682 1.52355 -0.723186 0.668352 -0.174092 -0.474368 -0.66388 -0.578134 -0.501973 -0.335514 0.797153 138.949 -28.3182 145.235 0.32019 0.189434 0.256004 -0.892219 1
-0.261548 0.0120291 1.55622 -0.766236 0.624796 -0.150041 -0.463239 -0.698951 -0.544863 -0.4453 -0.347989 0.824992 142.062 -27.5963 149.837 0.299919 0.164107 0.246116 -0.906943 1
-0.260691 0.0115 1.59135 -0.78216 0.608941 -0.13197 -0.460292 -0.707458 -0.536316 -0.419948 -0.358741 0.833636 142.835 -27.4059 151.768 0.293265 0.151378 0.245493 -0.91149 1
-0.2601 0.0157438 1.62423 -0.786471 0.609324 -0.100934 -0.483144 -0.708756 -0.514039 -0.384754 -0.355511 0.851808 144.048 -28.8909 153.931 0.298572 0.132739 0.237648 -0.914745 1
-0.258075 0.0213381 1.6566 -0.800904 0.592466 -0.0868178 -0.468121 -0.709918 -0.526193 -0.373385 -0.380788 0.845922 143.454 -27.9124 155.005 0.289439 0.125591 0.247519 -0.916071 1
-0.249961 0.0324245 1.6764 -0.779056 0.623485 -0.065864 -0.510612 -0.691936 -0.510393 -0.363796 -0.363994 0.857415 143.586 -30.7046 154.969 0.310815 0.117754 0.239638 -0.912196 1
-0.24313 0.0392657 1.69938 -0.77309 0.634158 -0.0132947 -0.54338 -0.672945 -0.50188 -0.327217 -0.380774 0.864835 143.285 -32.914 157.059 0.323574 0.0935689 0.242543 -0.90979 1
-0.239816 0.048994 1.72597 -0.775938 0.630744 0.00911033 -0.562498 -0.685301 -0.462557 -0.285511 -0.36404 0.886543 145.982 -34.2287 159.799 0.326077 0.075532 0.225884 -0.914847 1
-0.240585 0.0624036 1.73589 -0.76447 0.633663 0.118561 -0.600446 -0.632957 -0.488703 -0.234629 -0.444788 0.864357 142.328 -36.9018 162.938 0.341661 0.0321334 0.258436 -0.90302 1
-0.238181 0.066149 1.74633 -0.767623 0.619531 0.164124 -0.607469 -0.621689 -0.494452 -0.204294 -0.479253 0.853569 141.503 -37.4068 165.097 0.340682 0.0111534 0.270354 -0.9004 1
-0.233101 0.0713072 1.75074 -0.716907 0.672433 0.184062 -0.657573 -0.564489 -0.498949 -0.231608 -0.478735 0.846859 138.527 -41.115 162.096 0.375987 0.013441 0.276387 -0.884344 1
-0.22944 0.0781323 1.75659 -0.67143 0.719618 0.177004 -0.69608 -0.530463 -0.483821 -0.254272 -0.448061 0.857081 137.633 -44.1133 159.258 0.404718 0.0220894 0.266405 -0.874496 1
-0.228647 0.091019 1.76523 -0.650262 0.736998 0.184374 -0.717222 -0.515519 -0.468863 -0.250503 -0.437121 0.863813 137.714 -45.8256 158.932 0.417742 0.0189965 0.260255 -0.870286 1
-0.230889 0.106301 1.77196 -0.588255 0.784393 0.196683 -0.763714 -0.458899 -0.454041 -0.265889 -0.417301 0.869001 135.305 -49.7927 155.677 0.453279 0.0202632 0.255125 -0.853838 1
-0.232589 0.121602 1.77957 -0.546911 0.81423 0.194725 -0.784086 -0.41665 -0.460012 -0.293424 -0.404267 0.866297 132.168 -51.6362 151.786 0.475062 0.0293357 0.256887 -0.841109 1
-0.232639 0.128266 1.78213 -0.509312 0.846866 0.153034 -0.81628 -0.419072 -0.397575 -0.27256 -0.327408 0.904718 136.508 -54.7141 151.846 0.494048 0.0355059 0.215361 -0.841591 1
-0.234272 0.133561 1.78445 -0.484149 0.866593 0.120899 -0.815308 -0.396647 -0.421834 -0.317605 -0.3028 0.898576 133.237 -54.6178 146.735 0.504425 0.0589949 0.217328 -0.833573 1
-0.23769 0.132946 1.78301 -0.437991 0.897539 0.0508749 -0.812212 -0.370826 -0.450333 -0.385326 -0.238563 0.89141 129.47 -54.3126 138.66 0.520239 0.101766 0.209616 -0.821618 1
-0.237096 0.130856 1.78444 -0.398607 0.916912 0.0196222 -0.829534 -0.351331 -0.434097 -0.391134 -0.189311 0.900653 128.985 -56.0509 135.542 0.536357 0.114096 0.191457 -0.814032 1
-0.237221 0.133034 1.78562 -0.331545 0.943237 0.0195632 -0.837038 -0.284523 -0.467347 -0.435253 -0.171322 0.883857 121.333 -56.8287 127.298 0.562981 0.131455 0.201968 -0.790558 1
-0.237359 0.135341 1.78264 -0.299139 0.954208 0.0019928 -0.813091 -0.253805 -0.523895 -0.499399 -0.158338 0.85178 115.848 -54.399 120.921 0.569833 0.160379 0.219973 -0.775359 1
-0.237796 0.137169 1.78165 -0.30012 0.953374 0.0317105 -0.796143 -0.232036 -0.558852 -0.525437 -0.192968 0.828661 112.548 -52.7634 119.734 0.569321 0.160666 0.244654 -0.768247 1
-0.238996 0.143392 1.78129 -0.35138 0.935705 -0.0314213 -0.689262 -0.281256 -0.667692 -0.6336 -0.212956 0.743774 112.843 -43.5717 119.012 0.527053 0.215697 0.285635 -0.770781 1
-0.239318 0.138532 1.78116 -0.459854 0.872797 -0.163587 -0.535327 -0.419459 -0.73313 -0.708491 -0.24956 0.660121 119.776 -32.3661 122.986 0.441817 0.273626 0.308332 -0.79678 1
-0.238697 0.137451 1.7774 -0.466249 0.873181 -0.142009 -0.523548 -0.401749 -0.751329 -0.713098 -0.275958 0.644467 118.134 -31.5705 123.178 0.440587 0.269737 0.32405 -0.792538 1
-0.237506 0.134646 1.77778 -0.473183 0.873791 -0.112196 -0.545832 -0.390755 -0.741201 -0.691495 -0.289483 0.661841 117.798 -33.0815 124.383 0.446627 0.252849 0.324263 -0.794635 1
-0.234973 0.130437 1.78111 -0.386334 0.920769 -0.0541444 -0.56699 -0.283378 -0.773446 -0.727508 -0.268109 0.631545 110.122 -34.5406 117.97 0.490366 0.257633 0.343297 -0.758495 1
-0.237245 0.125995 1.78194 -0.415972 0.897753 -0.144936 -0.62434 -0.397819 -0.672265 -0.661186 -0.189154 0.725984 120.615 -38.6337 122.175 0.477544 0.252914 0.270263 -0.796834 1
-0.244299 0.129748 1.78158 -0.444715 0.881725 -0.157449 -0.615693 -0.428611 -0.661222 -0.6505 -0.197115 0.733482 122.952 -38.0023 124.359 0.463723 0.250207 0.265811 -0.807281 1
-0.245356 0.137337 1.78163 -0.473911 0.860709 -0.18598 -0.607273 -0.472397 -0.638796 -0.637674 -0.189792 0.74656 126.483 -37.3926 126.619 0.447284 0.250961 0.252465 -0.820498 1
-0.245787 0.140717 1.78201 -0.491159 0.838455 -0.236128 -0.601816 -0.52261 -0.603901 -0.629746 -0.154506 0.76128 130.873 -37.0001 127.952 0.432294 0.25989 0.227634 -0.832924 1
-0.246343 0.140865 1.78461 -0.515936 0.823941 -0.234375 -0.584116 -0.538512 -0.6073 -0.626593 -0.176426 0.759115 131.564 -35.7406 129.468 0.419722 0.256642 0.233618 -0.838684 1
-0.246333 0.142086 1.78209 -0.514788 0.817651 -0.257761 -0.559361 -0.548184 -0.62178 -0.649699 -0.175903 0.73956 131.401 -34.0116 128.391 0.411275 0.271033 0.238246 -0.837038 0
-0.247984 0.140201 1.78261 -0.548969 0.791624 -0.268261 -0.541101 -0.581204 -0.607793 -0.637058 -0.188504 0.747411 133.719 -32.7586 130.752 0.392823 0.266844 0.23471 -0.848172 0
-0.249316 0.138569 1.78236 -0.57353 0.772743 -0.271904 -0.516916 -0.598882 -0.611668 -0.635501 -0.210259 0.74292 134.395 -31.1256 132.066 0.37766 0.265722 0.240691 -0.853717 0
-0.249645 0.138595 1.78262 -0.592241 0.75932 -0.269601 -0.525569 -0.61765 -0.585052 -0.61076 -0.204797 0.764872 136.553 -31.7066 134.118 0.372485 0.255214 0.228975 -0.862375 0
-0.247746 0.138515 1.78332 -0.618437 0.746629 -0.245113 -0.493032 -0.611537 -0.618823 -0.611928 -0.261854 0.746309 134.661 -29.5401 135.303 0.359282 0.24839 0.255241 -0.862595 0
-0.245387 0.137751 1.78606 -0.633316 0.753905 -0.174754 -0.555086 -0.599868 -0.576228 -0.53925 -0.26793 0.798388 136.152 -33.7167 139.587 0.3759 0.205039 0.242415 -0.87057 0
-0.245376 0.141316 1.78209 -0.674139 0.721603 -0.15756 -0.446534 -0.568102 -0.69128 -0.58834 -0.395663 0.7052 129.414 -26.5215 138.888 0.340205 0.217234 0.316559 -0.858406 0
-0.245115 0.141899 1.78086 -0.682838 0.717371 -0.138246 -0.456399 -0.566634 -0.686022 -0.570467 -0.405346 0.714327 129.556 -27.155 140.123 0.340901 0.205833 0.316969 -0.860784 0
-0.244685 0.14134 1.77938 -0.683519 0.715892 -0.14248 -0.449453 -0.566582 -0.690635 -0.575147 -0.408024 0.70903 129.365 -26.7086 139.921 0.338721 0.208587 0.319338 -0.860106 0
-0.245009 0.140051 1.77895 -0.67219 0.728124 -0.13415 -0.462695 -0.554577 -0.691634 -0.577992 -0.402839 0.709681 128.724 -27.5612 139.309 0.34746 0.20779 0.319348 -0.856803 0
-0.244579 0.140558 1.77906 -0.665959 0.734848 -0.128445 -0.490179 -0.560849 -0.667213 -0.562338 -0.381376 0.733709 130.05 -29.3523 139.822 0.355985 0.200737 0.304713 -0.860308 0
-0.242651 0.145247 1.77835 -0.671894 0.733031 -0.105942 -0.489552 -0.546879 -0.679163 -0.555785 -0.404461 0.726301 128.842 -29.3111 140.403 0.356205 0.192797 0.315719 -0.858061 0
-0.242956 0.144325 1.7814 -0.719314 0.691942 -0.0616796 -0.482296 -0.561325 -0.672536 -0.499978 -0.454016 0.73749 129.85 -28.8355 145.198 0.337954 0.161649 0.324229 -0.868638 0
-0.243004 0.143526 1.78024 -0.722601 0.687179 -0.07505 -0.482231 -0.578899 -0.657518 -0.495279 -0.438932 0.749692 131.362 -28.8312 145.573 0.334736 0.163253 0.313851 -0.873383 0
-0.243271 0.143802 1.78167 -0.710589 0.700909 -0.061563 -0.501797 -0.566165 -0.653955 -0.493218 -0.433801 0.754024 130.885 -30.1189 145.236 0.345424 0.159336 0.31241 -0.870456 0
-0.241917 0.145879 1.7804 -0.71147 0.702591 -0.0132592 -0.470811 -0.490599 -0.733246 -0.521677 -0.51544 0.679834 123.786 -28.087 143.75 0.345603 0.157555 0.367776 -0.848808 0
-0.242931 0.146424 1.7792 -0.72916 0.684212 0.0134053 -0.476633 -0.493693 -0.727385 -0.491067 -0.536769 0.686099 124.166 -28.4657 146.041 0.340311 0.14003 0.370597 -0.852782 0
-0.242201 0.146686 1.77779 -0.70675 0.707422 -0.00771573 -0.474742 -0.482321 -0.736197 -0.524523 -0.516644 0.676723 123.231 -28.3426 143.419 0.349161 0.157201 0.370036 -0.846433 1
-0.242897 0.146376 1.77533 -0.684121 0.728847 -0.0275633 -0.461603 -0.461917 -0.757334 -0.564713 -0.505385 0.652445 121.38 -27.4906 140.462 0.355812 0.177024 0.377412 -0.836433 0
-0.243435 0.145516 1.77555 -0.669731 0.738975 -0.0733203 -0.389328 -0.433484 -0.812721 -0.632364 -0.515759 0.578021 118.074 -22.9127 136.644 0.344531 0.215483 0.405656 -0.818724 0
-0.244971 0.144378 1.77793 -0.676544 0.727711 -0.112806 -0.34709 -0.450216 -0.822699 -0.649474 -0.517439 0.557172 118.689 -20.3094 136.169 0.328029 0.232648 0.40901 -0.819136 0
-0.24633 0.144604 1.77806 -0.652193 0.729575 -0.205826 -0.254403 -0.466426 -0.847187 -0.71409 -0.500167 0.489805 118.835 -14.7382 132.406 0.304625 0.284793 0.417121 -0.807531 0
-0.247542 0.147089 1.77573 -0.614397 0.728304 -0.303464 -0.182722 -0.505504 -0.843254 -0.767548 -0.462643 0.443657 120.941 -10.5283 128.676 0.284498 0.334459 0.40781 -0.800556 0
-0.249752 0.147558 1.77778 -0.555104 0.763497 -0.33005 -0.106623 -0.458841 -0.882098 -0.824919 -0.454465 0.33611 117.482 -6.12068 123.937 0.283798 0.376705 0.435934 -0.766494 0
-0.2507 0.147146 1.77609 -0.495113 0.788552 -0.364759 -0.0480168 -0.444022 -0.894729 -0.867501 -0.425477 0.257704 116.394 -2.75222 119.715 0.28221 0.415694 0.445361 -0.741087 0
-0.248094 0.145989 1.77676 -0.474541 0.830452 -0.291823 -0.056607 -0.359634 -0.931375 -0.878411 -0.425456 0.21767 111.113 -3.24508 118.379 0.309635 0.40848 0.473613 -0.716213 0
-0.245664 0.145156 1.77633 -0.439556 0.870232 -0.222455 -0.0744166 -0.282095 -0.956496 -0.895127 -0.403879 0.188756 106.432 -4.2677 116.154 0.341726 0.404284 0.492114 -0.691087 0
-0.245693 0.144549 1.77476 -0.394161 0.891021 -0.225208 -0.0728705 -0.274575 -0.9588 -0.916148 -0.361511 0.173156 105.98 -4.17888 113.279 0.355113 0.420493 0.486423 -0.678582 0
-0.245648 0.144997 1.77772 -0.362093 0.905313 -0.222029 -0.0645918 -0.261988 -0.962907 -0.929902 -0.33432 0.15334 105.221 -3.70342 111.275 0.363751 0.432017 0.486509 -0.6666 0
-0.244666 0.14573 1.77796 -0.380985 0.893469 -0.237833 -0.0634214 -0.281882 -0.957351 -0.922404 -0.349652 0.164058 106.407 -3.63622 112.442 0.353974 0.429197 0.483489 -0.675819 0
-0.245015 0.144591 1.77836 -0.387863 0.886625 -0.251909 -0.0126343 -0.278393 -0.960384 -0.92163 -0.369315 0.11918 106.166 -0.72391 112.824 0.336498 0.439132 0.497567 -0.668101 0
-0.247474 0.143084 1.78052 -0.395521 0.895634 -0.203477 -0.0132344 -0.227077 -0.973787 -0.918362 -0.38246 0.101667 103.126 -0.758298 113.301 0.346074 0.427168 0.516425 -0.656556 0
-0.246639 0.143886 1.77741 -0.397984 0.886586 -0.235742 0.0280544 -0.245088 -0.969095 -0.916963 -0.392298 0.0726684 104.193 1.60761 113.462 0.327718 0.44001 0.51967 -0.654931 0
-0.245134 0.144904 1.77811 -0.390342 0.879522 -0.272166 0.0594807 -0.270909 -0.960766 -0.918747 -0.391216 0.0534324 105.747 3.41 113.019 0.313122 0.454735 0.516237 -0.65473 0
-0.245144 0.143737 1.77749 -0.347594 0.904305 -0.247814 0.0541284 -0.244501 -0.968137 -0.936082 -0.349932 0.0360383 104.174 3.10285 110.371 0.333146 0.463915 0.516492 -0.637992 0
-0.245661 0.142932 1.77482 -0.319232 0.921405 -0.221592 0.0340493 -0.222524 -0.974333 -0.947065 -0.318583 0.0396635 102.865 1.95126 108.628 0.352813 0.464658 0.514063 -0.628772 0
-0.24565 0.143612 1.77799 -0.312606 0.929669 -0.19492 0.0294125 -0.195632 -0.980236 -0.949427 -0.312161 0.0338119 101.287 1.68546 108.225 0.362482 0.460764 0.520375 -0.620897 0
-0.246094 0.14364 1.77647 -0.286934 0.936704 -0.200636 0.0297234 -0.200636 -0.979215 -0.957489 -0.286933 0.0297272 101.579 1.70328 106.682 0.368157 0.4701 0.513948 -0.615893 0
-0.245981 0.143493 1.77848 -0.277386 0.934165 -0.224486 0.00608329 -0.231942 -0.972711 -0.960739 -0.271181 0.0586546 103.412 0.348549 106.105 0.370583 0.473261 0.496686 -0.626096 0
-0.24629 0.142922 1.77978 -0.328968 0.921188 -0.207826 -0.0102589 -0.223548 -0.974639 -0.944285 -0.318493 0.0829907 102.918 -0.587802 109.207 0.364168 0.450441 0.505576 -0.639435 0
-0.245588 0.144816 1.77994 -0.333347 0.922028 -0.196833 -0.00538206 -0.210631 -0.977551 -0.942789 -0.324805 0.0751759 102.16 -0.308371 109.472 0.364416 0.447802 0.511747 -0.63623 0
-0.2458 0.14398 1.77695 -0.339643 0.918373 -0.203059 0.0193315 -0.209031 -0.977718 -0.940356 -0.336001 0.0532423 102.068 1.10768 109.859 0.355165 0.451704 0.518982 -0.632834 0
-0.245744 0.142637 1.77905 -0.370326 0.904783 -0.210301 0.0189133 -0.219006 -0.97554 -0.928709 -0.365246 0.0639912 102.653 1.08371 111.74 0.344478 0.442913 0.521375 -0.642908 0
-0.244614 0.142329 1.77735 -0.355649 0.904229 -0.236399 0.0881704 -0.219347 -0.971655 -0.930452 -0.366411 -0.00171564 102.721 5.05836 110.918 0.325303 0.465138 0.533389 -0.627152 0
-0.245597 0.142363 1.77702 -0.36879 0.897667 -0.241223 0.148267 -0.199383 -0.96864 -0.917612 -0.39299 -0.0595638 101.631 8.52649 111.895 0.305067 0.471741 0.554295 -0.614127 0
-0.245601 0.142623 1.77716 -0.380479 0.890832 -0.248303 0.140735 -0.209594 -0.967607 -0.914018 -0.4031 -0.0456253 102.222 8.09041 112.601 0.301787 0.467638 0.551478 -0.621379 0
-0.24548 0.143301 1.77891 -0.345045 0.913154 -0.217009 0.12736 -0.183518 -0.974731 -0.929905 -0.363965 -0.0529776 100.663 7.31709 110.358 0.323442 0.472083 0.551023 -0.607368 0
-0.245997 0.142922 1.77918 -0.326754 0.917967 -0.224873 0.135724 -0.189891 -0.972379 -0.935313 -0.348249 -0.0625422 101.05 7.80046 109.257 0.324351 0.481061