101,0,0.312596,-0.190696,1.75736,-0.00232339,0.459047,1.81946
102,0,0.313106,-0.190084,1.75768,-0.00232339,0.459047,1.81946
103,0,0.313127,-0.19158,1.75835,-0.00232339,0.459047,1.81946
104,0,0.312692,-0.191169,1.75834,-0.00232339,0.459047,1.81946
105,0,0.313378,-0.190781,1.75853,-0.00232339,0.459047,1.81946
106,0,0.313149,-0.190437,1.75787,-0.00232339,0.459047,1.81946
107,0,0.313028,-0.190913,1.7586,-0.00232339,0.459047,1.81946
108,0,0.31315,-0.189551,1.75744,-0.00232339,0.459047,1.81946
109,0,0.313844,-0.190859,1.75692,-0.00232339,0.459047,1.81946
110,0,0.312436,-0.189293,1.75965,-0.00232339,0.459047,1.81946
111,0,0.312908,-0.189873,1.75646,-0.00232339,0.459047,1.81946
112,0,0.312982,-0.190811,1.75655,-0.00232339,0.459047,1.81946
113,0,0.312465,-0.190422,1.75692,-0.00232339,0.459047,1.81946
114,0,0.312849,-0.190322,1.75718,-0.00232339,0.459047,1.81946
115,0,0.313191,-0.190654,1.75722,-0.00232339,0.459047,1.81946
116,0,0.312657,-0.190057,1.75834,-0.00232339,0.459047,1.81946
117,0,0.313155,-0.190205,1.75744,-0.00232339,0.459047,1.81946
118,0,0.312389,-0.190824,1.75677,-0.00232339,0.459047,1.81946
119,0,0.312313,-0.190456,1.75742,-0.00232339,0.459047,1.81946
120,0,0.312305,-0.190189,1.75747,-0.00232339,0.459047,1.81946
121,0,0.312591,-0.190069,1.7571,-0.00232339,0.459047,1.81946
122,0,0.313504,-0.188364,1.75945,-0.00232339,0.459047,1.81946
123,1,0.311872,-0.190251,1.75748,-0.00232339,0.459047,1.81946
124,1,0.311895,-0.189269,1.75609,-0.00232339,0.459047,1.81946
125,1,0.312447,-0.189774,1.75689,-0.00232339,0.459047,1.81946
126,1,0.312127,-0.189665,1.7569,-0.00232339,0.459047,1.81946
127,1,0.312652,-0.190892,1.75724,-0.00232339,0.459047,1.81946
128,1,0.312327,-0.188953,1.75861,-0.00232339,0.459047,1.81946
129,1,0.312718,-0.188869,1.75617,-0.00232339,0.459047,1.81946
130,1,0.310978,-0.188933,1.75688,-0.00232339,0.459047,1.81946
131,1,0.31141,-0.18985,1.75649,-0.00232339,0.459047,1.81946
132,1,0.311779,-0.189385,1.7581,-0.00232339,0.459047,1.81946
133,1,0.312548,-0.188386,1.75826,-0.00232339,0.459047,1.81946
134,1,0.312084,-0.188896,1.75781,-0.00232339,0.459047,1.81946
135,1,0.311906,-0.188926,1.75742,-0.00232339,0.459047,1.81946
136,1,0.311791,-0.189591,1.75754,-0.00232339,0.459047,1.81946
137,1,0.311933,-0.187567,1.76,-0.00232339,0.459047,1.81946
138,1,0.312602,-0.188761,1.75864,-0.00232339,0.459047,1.81946
139,1,0.310739,-0.186943,1.76134,-0.00232339,0.459047,1.81946
140,1,0.311661,-0.188922,1.75732,-0.00232339,0.459047,1.81946
141,1,0.310876,-0.188994,1.75757,-0.00232339,0.459047,1.81946
142,1,0.310935,-0.18891,1.75675,-0.00232339,0.459047,1.81946
143,1,0.31153,-0.188603,1.75812,-0.00232339,0.459047,1.81946
144,1,0.311156,-0.188788,1.75757,-0.00232339,0.459047,1.81946
145,1,0.312121,-0.190358,1.75833,-0.00232339,0.459047,1.81946
146,1,0.31073,-0.189071,1.75675,-0.00232339,0.459047,1.81946
147,1,0.310545,-0.188297,1.75727,-0.00232339,0.459047,1.81946
148,1,0.31137,-0.188863,1.75789,-0.00232339,0.459047,1.81946
149,1,0.31107,-0.188509,1.75659,-0.00232339,0.459047,1.81946
150,1,0.312262,-0.189776,1.75749,-0.00232339,0.459047,1.81946
151,1,0.311295,-0.18914,1.75681,-0.00232339,0.459047,1.81946
152,1,0.312079,-0.189779,1.75803,-0.00232339,0.459047,1.81946
153,1,0.312176,-0.189765,1.75758,-0.00232339,0.459047,1.81946
154,1,0.311911,-0.189716,1.75691,-0.00232339,0.459047,1.81946
155,1,0.313023,-0.18531,1.75576,-0.00232339,0.459047,1.81946
156,1,0.3112,-0.182808,1.75445,-0.00232339,0.459047,1.81946
157,1,0.310351,-0.174559,1.74996,-0.00232339,0.459047,1.81946
158,1,0.310624,-0.168228,1.74431,-0.00232339,0.459047,1.81946
159,1,0.308828,-0.159254,1.74254,-0.00232339,0.459047,1.81946
160,1,0.308805,-0.150089,1.73687,-0.00232339,0.459047,1.81946
161,1,0.308824,-0.140822,1.72855,-0.00232339,0.459047,1.81946
162,1,0.307742,-0.133124,1.72288,-0.00232339,0.459047,1.81946
163,1,0.307825,-0.120946,1.71434,-0.00232339,0.459047,1.81946
164,1,0.309107,-0.110987,1.70447,-0.00232339,0.459047,1.81946
165,1,0.308742,-0.091561,1.69159,-0.00232339,0.459047,1.81946
166,1,0.309754,-0.0785873,1.67777,-0.00232339,0.459047,1.81946
167,1,0.317237,-0.0654743,1.66455,-0.00232339,0.459047,1.81946
168,1,0.323603,-0.0524534,1.64395,-0.00232339,0.459047,1.81946
169,1,0.327545,-0.0352572,1.62428,-0.00232339,0.459047,1.81946
170,1,0.335645,-0.0211942,1.60042,-0.00232339,0.459047,1.81946
171,1,0.349197,-0.0106689,1.57406,-0.00232339,0.459047,1.81946
172,1,0.352775,-2.10508e-05,1.55819,-0.00232339,0.459047,1.81946
173,1,0.363946,0.00812649,1.53697,-0.00232339,0.459047,1.81946
174,1,0.37536,0.0161944,1.51383,-0.00232339,0.459047,1.81946
175,1,0.389397,0.018632,1.49055,-0.00232339,0.459047,1.81946
176,1,0.398759,0.0239071,1.47229,-0.00232339,0.459047,1.81946
177,1,0.411511,0.0243768,1.45113,-0.00232339,0.459047,1.81946
178,1,0.425182,0.0240527,1.42874,-0.00232339,0.459047,1.81946
179,1,0.432947,0.0234841,1.41576,-0.00232339,0.459047,1.81946
180,1,0.44118,0.0221225,1.40021,-0.00232339,0.459047,1.81946
181,1,0.450801,0.0199975,1.38775,-0.00232339,0.459047,1.81946
182,1,0.454491,0.0183342,1.38182,-0.00232339,0.459047,1.81946
183,1,0.460381,0.0129579,1.374,-0.00232339,0.459047,1.81946
184,1,0.470149,0.0108478,1.36303,-0.00232339,0.459047,1.81946
185,1,0.471133,0.0080299,1.36369,-0.00232339,0.459047,1.81946
186,1,0.476066,0.00459098,1.35832,-0.00232339,0.459047,1.81946
187,1,0.476807,0.00227895,1.35919,-0.00232339,0.459047,1.81946
188,1,0.483419,0.000676117,1.35307,-0.00232339,0.459047,1.81946
189,1,0.481475,-0.00103061,1.35691,-0.00232339,0.459047,1.81946
190,1,0.482038,-0.0043771,1.357,-0.00232339,0.459047,1.81946
191,1,0.484059,-0.00627956,1.35615,-0.00232339,0.459047,1.81946
192,1,0.485344,-0.0080386,1.35529,-0.00232339,0.459047,1.81946
193,1,0.485556,-0.00980721,1.35309,-0.00232339,0.459047,1.81946
194,1,0.486377,-0.0117353,1.35155,-0.00232339,0.459047,1.81946
195,1,0.485958,-0.0136426,1.35213,-0.00232339,0.459047,1.81946
196,1,0.485486,-0.0150682,1.3539,-0.00232339,0.459047,1.81946
197,1,0.486114,-0.0156099,1.35363,-0.00232339,0.459047,1.81946
198,1,0.486655,-0.0155951,1.35413,-0.00232339,0.459047,1.81946
199,1,0.486019,-0.0146742,1.354,-0.00232339,0.459047,1.81946
200,1,0.486808,-0.0156428,1.3537,-0.00232339,0.459047,1.81946
201,1,0.486516,-0.0153747,1.35461,-0.00232339,0.459047,1.81946
202,1,0.486439,-0.0148912,1.35378,-0.00232339,0.459047,1.81946
203,1,0.486356,-0.0153171,1.35382,-0.00232339,0.459047,1.81946
204,1,0.486167,-0.015802,1.35323,-0.00232339,0.459047,1.81946
205,1,0.486511,-0.015994,1.35266,-0.00232339,0.459047,1.81946
206,1,0.48577,-0.0156934,1.35315,-0.00232339,0.459047,1.81946
207,1,0.485633,-0.0162463,1.35282,-0.00232339,0.459047,1.81946
208,1,0.486274,-0.0162738,1.35252,-0.00232339,0.459047,1.81946
209,1,0.486194,-0.0161197,1.35227,-0.00232339,0.459047,1.81946
210,1,0.486394,-0.0154092,1.35345,-0.00232339,0.459047,1.81946
211,1,0.486568,-0.0155164,1.35303,-0.00232339,0.459047,1.81946
212,1,0.48673,-0.016388,1.35281,-0.00232339,0.459047,1.81946
213,1,0.486491,-0.0161801,1.35315,-0.00232339,0.459047,1.81946
214,1,0.485971,-0.015532,1.35347,-0.00232339,0.459047,1.81946
215,1,0.486749,-0.0161955,1.35232,-0.00232339,0.459047,1.81946
216,1,0.486314,-0.0163877,1.35234,-0.00232339,0.459047,1.81946
217,1,0.486393,-0.015706,1.35304,-0.00232339,0.459047,1.81946
218,1,0.486528,-0.0163596,1.35261,-0.00232339,0.459047,1.81946
219,1,0.486354,-0.0168041,1.35274,-0.00232339,0.459047,1.81946
220,1,0.487105,-0.0161779,1.35315,-0.00232339,0.459047,1.81946
221,1,0.486875,-0.0164591,1.35329,-0.00232339,0.459047,1.81946
222,1,0.487594,-0.0164477,1.35357,-0.00232339,0.459047,1.81946
223,1,0.487182,-0.0160024,1.35399,-0.00232339,0.459047,1.81946
224,1,0.486645,-0.016378,1.3541,-0.00232339,0.459047,1.81946
225,1,0.486753,-0.0165702,1.35409,-0.00232339,0.459047,1.81946
226,1,0.486571,-0.0164861,1.35385,-0.00232339,0.459047,1.81946
227,1,0.486946,-0.0171495,1.35204,-0.00232339,0.459047,1.81946
228,1,0.48673,-0.0168274,1.35332,-0.00232339,0.459047,1.81946
229,1,0.48602,-0.0164359,1.35333,-0.00232339,0.459047,1.81946
230,1,0.486259,-0.0161962,1.35432,-0.00232339,0.459047,1.81946
231,1,0.486319,-0.0154651,1.35426,-0.00232339,0.459047,1.81946
232,1,0.486518,-0.0161048,1.35384,-0.00232339,0.459047,1.81946
233,1,0.485982,-0.0157563,1.35398,-0.00232339,0.459047,1.81946
234,1,0.486082,-0.0155879,1.3537,-0.00232339,0.459047,1.81946
235,1,0.486206,-0.0152954,1.35405,-0.00232339,0.459047,1.81946
236,1,0.485837,-0.0161776,1.35379,-0.00232339,0.459047,1.81946
237,1,0.486024,-0.0158787,1.35258,-0.00232339,0.459047,1.81946
238,1,0.485917,-0.0153801,1.3534,-0.00232339,0.459047,1.81946
239,1,0.485955,-0.0156903,1.35439,-0.00232339,0.459047,1.81946
240,1,0.486156,-0.0156841,1.35396,-0.00232339,0.459047,1.81946
241,1,0.486173,-0.0163676,1.35293,-0.00232339,0.459047,1.81946
242,1,0.488238,-0.015815,1.35927,-0.00232339,0.459047,1.81946
243,1,0.48869,-0.0163014,1.35981,-0.00232339,0.459047,1.81946
244,1,0.488105,-0.0162047,1.35901,-0.00232339,0.459047,1.81946
245,1,0.488581,-0.0158048,1.35937,-0.00232339,0.459047,1.81946
246,1,0.488527,-0.0156464,1.35845,-0.00232339,0.459047,1.81946
247,1,0.488182,-0.0160583,1.35902,-0.00232339,0.459047,1.81946
248,1,0.48828,-0.016382,1.35884,-0.00232339,0.459047,1.81946
249,1,0.488872,-0.0171497,1.35922,-0.00232339,0.459047,1.81946
250,1,0.488639,-0.0161841,1.35958,-0.00232339,0.459047,1.81946
251,1,0.488651,-0.0168188,1.35935,-0.00232339,0.459047,1.81946
252,1,0.488148,-0.0164742,1.35928,-0.00232339,0.459047,1.81946
253,1,0.489074,-0.0160307,1.35953,-0.00232339,0.459047,1.81946
254,1,0.488214,-0.0161022,1.35918,-0.00232339,0.459047,1.81946
255,1,0.488482,-0.0165215,1.35892,-0.00232339,0.459047,1.81946
256,1,0.488268,-0.0158934,1.35945,-0.00232339,0.459047,1.81946
257,1,0.489006,-0.0160261,1.35934,-0.00232339,0.459047,1.81946
258,1,0.489346,-0.0161556,1.35888,-0.00232339,0.459047,1.81946
259,1,0.488392,-0.0158614,1.3588,-0.00232339,0.459047,1.81946
260,1,0.488479,-0.0156863,1.3583,-0.00232339,0.459047,1.81946
261,1,0.488903,-0.0163787,1.35902,-0.00232339,0.459047,1.81946
262,1,0.48923,-0.0161408,1.35953,-0.00232339,0.459047,1.81946
263,1,0.488819,-0.0161374,1.35985,-0.00232339,0.459047,1.81946
264,1,0.489776,-0.0165642,1.35958,-0.00232339,0.459047,1.81946
265,1,0.489227,-0.0165423,1.35878,-0.00232339,0.459047,1.81946
266,1,0.488626,-0.0157396,1.35939,-0.00232339,0.459047,1.81946
267,1,0.488692,-0.0163752,1.35926,-0.00232339,0.459047,1.81946
268,1,0.4886,-0.0153968,1.3595,-0.00232339,0.459047,1.81946
269,1,0.488569,-0.0148221,1.35954,-0.00232339,0.459047,1.81946
270,1,0.488073,-0.0154527,1.35904,-0.00232339,0.459047,1.81946
271,1,0.488223,-0.0162155,1.35898,-0.00232339,0.459047,1.81946
272,1,0.488357,-0.0169113,1.35877,-0.00232339,0.459047,1.81946
273,1,0.488181,-0.0163618,1.35827,-0.00232339,0.459047,1.81946
274,1,0.488113,-0.0159396,1.35881,-0.00232339,0.459047,1.81946
275,1,0.488655,-0.0157399,1.3587,-0.00232339,0.459047,1.81946
276,1,0.488436,-0.0161536,1.35908,-0.00232339,0.459047,1.81946
277,1,0.488487,-0.0162409,1.35881,-0.00232339,0.459047,1.81946
278,1,0.488668,-0.0159288,1.35945,-0.00232339,0.459047,1.81946
279,1,0.489172,-0.0160399,1.3593,-0.00232339,0.459047,1.81946
280,1,0.489538,-0.0168907,1.35954,-0.00232339,0.459047,1.81946
281,1,0.489844,-0.0157074,1.35952,-0.00232339,0.459047,1.81946
282,1,0.490457,-0.0166738,1.35945,-0.00232339,0.459047,1.81946
283,1,0.490318,-0.0167261,1.3601,-0.00232339,0.459047,1.81946
284,1,0.490811,-0.0158935,1.36015,-0.00232339,0.459047,1.81946
285,1,0.490744,-0.0103223,1.36235,-0.00232339,0.459047,1.81946
286,1,0.490355,-0.00589523,1.36355,-0.00232339,0.459047,1.81946
287,1,0.487936,-0.000289434,1.3645,-0.00232339,0.459047,1.81946
288,1,0.484746,0.00651957,1.36992,-0.00232339,0.459047,1.81946
289,1,0.479449,0.0154732,1.37473,-0.00232339,0.459047,1.81946
290,1,0.471532,0.0254071,1.38005,-0.00232339,0.459047,1.81946
291,1,0.461455,0.0363856,1.38707,-0.00232339,0.459047,1.81946
292,1,0.450561,0.0465343,1.3969,-0.00232339,0.459047,1.81946
293,1,0.436188,0.056948,1.40667,-0.00232339,0.459047,1.81946
294,1,0.42121,0.0688723,1.41802,-0.00232339,0.459047,1.81946
295,1,0.403916,0.0801723,1.42737,-0.00232339,0.459047,1.81946
296,1,0.38573,0.0897255,1.43904,-0.00232339,0.459047,1.81946
297,1,0.366274,0.100616,1.44977,-0.00232339,0.459047,1.81946
298,1,0.347195,0.110914,1.46201,-0.00232339,0.459047,1.81946
299,1,0.326188,0.120914,1.47839,-0.00232339,0.459047,1.81946
300,1,0.307295,0.13118,1.49452,-0.00232339,0.459047,1.81946
301,1,0.285572,0.140193,1.50945,-0.00232339,0.459047,1.81946
302,1,0.266854,0.152844,1.52215,-0.00232339,0.459047,1.81946
303,1,0.245562,0.164104,1.53345,-0.00232339,0.459047,1.81946
304,1,0.225934,0.176278,1.54683,-0.00232339,0.459047,1.81946
305,1,0.207232,0.186771,1.56011,-0.00232339,0.459047,1.81946
306,1,0.189918,0.198627,1.57457,-0.00232339,0.459047,1.81946
307,1,0.171292,0.210773,1.58602,-0.00232339,0.459047,1.81946
308,1,0.15468,0.218457,1.59845,-0.00232339,0.459047,1.81946
309,1,0.137726,0.233087,1.60674,-0.00232339,0.459047,1.81946
310,1,0.119214,0.242794,1.62001,-0.00232339,0.459047,1.81946
311,1,0.105899,0.257799,1.63042,-0.00232339,0.459047,1.81946
312,1,0.0934675,0.269068,1.63801,-0.00232339,0.459047,1.81946
313,1,0.084146,0.273944,1.64929,-0.00232339,0.459047,1.81946
314,1,0.0760076,0.282906,1.66089,-0.00232339,0.459047,1.81946
315,1,0.0682546,0.289087,1.67187,-0.00232339,0.459047,1.81946
316,1,0.0595384,0.298231,1.68324,-0.00232339,0.459047,1.81946
317,1,0.0524071,0.308131,1.69436,-0.00232339,0.459047,1.81946
318,1,0.0426985,0.319841,1.70388,-0.00232339,0.459047,1.81946
319,1,0.0351974,0.326611,1.71344,-0.00232339,0.459047,1.81946
320,1,0.0307035,0.325785,1.72413,-0.00232339,0.459047,1.81946
321,1,0.0245478,0.333839,1.73073,-0.00232339,0.459047,1.81946
322,1,0.019832,0.34082,1.73889,-0.00232339,0.459047,1.81946
323,1,0.0166024,0.345433,1.74621,-0.00232339,0.459047,1.81946
324,1,0.0130885,0.349613,1.75148,-0.00232339,0.459047,1.81946
325,1,0.0090478,0.353976,1.75582,-0.00232339,0.459047,1.81946
326,1,0.00820833,0.356053,1.7604,-0.00232339,0.459047,1.81946
327,1,0.00432735,0.363113,1.76574,-0.00232339,0.459047,1.81946
328,1,0.00347961,0.363642,1.76493,-0.00232339,0.459047,1.81946
329,1,0.00166678,0.368757,1.76949,-0.00232339,0.459047,1.81946
330,1,0.000553245,0.367774,1.76839,-0.00232339,0.459047,1.81946
331,1,-0.00197211,0.372395,1.77206,-0.00232339,0.459047,1.81946
332,1,-0.00474438,0.373327,1.77156,-0.00232339,0.459047,1.81946
333,1,-0.00529112,0.375381,1.7724,-0.00232339,0.459047,1.81946
334,1,-0.00646334,0.376629,1.77272,-0.00232339,0.459047,1.81946
335,1,-0.00725911,0.37617,1.77395,-0.00232339,0.459047,1.81946
336,1,-0.00609196,0.378417,1.773,-0.00232339,0.459047,1.81946
337,1,-0.00791021,0.377953,1.77279,-0.00232339,0.459047,1.81946
338,1,-0.00843124,0.379555,1.77304,-0.00232339,0.459047,1.81946
339,1,-0.00870034,0.380774,1.77488,-0.00232339,0.459047,1.81946
340,1,-0.00867859,0.380051,1.77328,-0.00232339,0.459047,1.81946
341,1,-0.0093144,0.3824,1.77388,-0.00232339,0.459047,1.81946
342,1,-0.00982378,0.383469,1.77495,-0.00232339,0.459047,1.81946
343,1,-0.010976,0.383952,1.77539,-0.00232339,0.459047,1.81946
344,1,-0.0116065,0.383833,1.77485,-0.00232339,0.459047,1.81946
345,1,-0.0108574,0.384378,1.77371,-0.00232339,0.459047,1.81946
346,1,-0.0103371,0.383941,1.77313,-0.00232339,0.459047,1.81946
347,1,-0.010868,0.384276,1.77201,-0.00232339,0.459047,1.81946
348,1,-0.00948426,0.380507,1.76767,-0.00232339,0.459047,1.81946
349,1,-0.00978081,0.385535,1.77159,-0.00232339,0.459047,1.81946
350,1,-0.00854027,0.385379,1.77293,-0.00232339,0.459047,1.81946
351,1,-0.0070114,0.382032,1.76926,-0.00232339,0.459047,1.81946
352,1,-0.00738149,0.3823,1.7694,-0.00232339,0.459047,1.81946
353,1,-0.0072228,0.382821,1.76991,-0.00232339,0.459047,1.81946
354,1,-0.00694975,0.38389,1.77058,-0.00232339,0.459047,1.81946
355,1,-0.00837275,0.387008,1.77312,-0.00232339,0.459047,1.81946
356,1,-0.00778954,0.386564,1.77207,-0.00232339,0.459047,1.81946
357,1,-0.00592856,0.384261,1.76948,-0.00232339,0.459047,1.81946
358,1,-0.0076971,0.387973,1.77329,-0.00232339,0.459047,1.81946
359,1,-0.00899674,0.386572,1.77388,-0.00232339,0.459047,1.81946
360,1,-0.00855929,0.38666,1.77263,-0.00232339,0.459047,1.81946
361,1,-0.00866219,0.386607,1.77206,-0.00232339,0.459047,1.81946
362,1,-0.00886786,0.385516,1.77092,-0.00232339,0.459047,1.81946
363,1,-0.00819146,0.387421,1.77214,-0.00232339,0.459047,1.81946
364,1,-0.00933188,0.387584,1.77294,-0.00232339,0.459047,1.81946
365,1,-0.00763436,0.388738,1.77273,-0.00232339,0.459047,1.81946
366,1,-0.00882332,0.38924,1.77454,-0.00232339,0.459047,1.81946
367,1,-0.0093849,0.389723,1.77387,-0.00232339,0.459047,1.81946
368,1,-0.00966991,0.39029,1.77451,-0.00232339,0.459047,1.81946
369,1,-0.00784137,0.390951,1.77186,-0.00232339,0.459047,1.81946
370,1,-0.00907904,0.391488,1.77381,-0.00232339,0.459047,1.81946
371,1,-0.00814503,0.391721,1.77373,-0.00232339,0.459047,1.81946
372,1,-0.00869124,0.390764,1.77321,-0.00232339,0.459047,1.81946
373,1,-0.0112066,0.393179,1.77692,-0.00232339,0.459047,1.81946
374,1,-0.00988204,0.390429,1.77437,-0.00232339,0.459047,1.81946
375,1,-0.00985468,0.390903,1.77401,-0.00232339,0.459047,1.81946
376,1,-0.0094992,0.390681,1.77509,-0.00232339,0.459047,1.81946
377,1,-0.0089493,0.39382,1.77763,-0.00232339,0.459047,1.81946
378,1,-0.00915974,0.390832,1.77318,-0.00232339,0.459047,1.81946
379,1,-0.0100863,0.391769,1.77489,-0.00232339,0.459047,1.81946
380,1,-0.00813944,0.390977,1.77183,-0.00232339,0.459047,1.81946
381,1,-0.00905491,0.391246,1.77261,-0.00232339,0.459047,1.81946
382,1,-0.0037527,0.383605,1.76256,-0.00232339,0.459047,1.81946
383,1,-0.00861439,0.38878,1.76781,-0.00232339,0.459047,1.81946
384,1,-0.00794227,0.389004,1.76804,-0.00232339,0.459047,1.81946
385,1,-0.00855088,0.391059,1.76847,-0.00232339,0.459047,1.81946
386,1,-0.00678647,0.390514,1.7667,-0.00232339,0.459047,1.81946
387,1,-0.00895146,0.393877,1.77191,-0.00232339,0.459047,1.81946
388,1,-0.00914916,0.393328,1.77232,-0.00232339,0.459047,1.81946
389,1,-0.00956088,0.39363,1.77173,-0.00232339,0.459047,1.81946
390,1,-0.0083663,0.393885,1.77097,-0.00232339,0.459047,1.81946
391,1,-0.00935767,0.393311,1.77349,-0.00232339,0.459047,1.81946
392,1,-0.00971559,0.39421,1.77267,-0.00232339,0.459047,1.81946
393,1,-0.0100302,0.39755,1.77685,-0.00232339,0.459047,1.81946
394,1,-0.00987086,0.394455,1.7737,-0.00232339,0.459047,1.81946
395,1,-0.00977012,0.394499,1.77305,-0.00232339,0.459047,1.81946
396,1,-0.00832734,0.400078,1.77851,-0.00232339,0.459047,1.81946
397,1,-0.0102831,0.400393,1.7791,-0.00232339,0.459047,1.81946
398,1,-0.00941189,0.399309,1.77937,-0.00232339,0.459047,1.81946
399,1,-0.0105029,0.400367,1.78093,-0.00232339,0.459047,1.81946
400,1,-0.0095768,0.400257,1.78058,-0.00232339,0.459047,1.81946
401,1,-0.0113583,0.40021,1.78027,-0.00232339,0.459047,1.81946
402,1,-0.00978397,0.400146,1.77916,-0.00232339,0.459047,1.81946
403,1,-0.0100683,0.401546,1.77924,-0.00232339,0.459047,1.81946
404,1,-0.0108684,0.400862,1.7783,-0.00232339,0.459047,1.81946
405,1,-0.0111703,0.397007,1.77546,-0.00232339,0.459047,1.81946
406,1,-0.011224,0.397546,1.77488,-0.00232339,0.459047,1.81946
407,1,-0.0109917,0.396497,1.7744,-0.00232339,0.459047,1.81946
408,1,-0.0108431,0.397432,1.77506,-0.00232339,0.459047,1.81946
409,1,-0.00878928,0.395724,1.7674,-0.00232339,0.459047,1.81946
410,1,-0.00905424,0.395683,1.7674,-0.00232339,0.459047,1.81946
411,1,-0.00910593,0.394574,1.7669,-0.00232339,0.459047,1.81946
412,1,-0.0120236,0.398785,1.77183,-0.00232339,0.459047,1.81946
413,1,-0.0115852,0.392438,1.7642,-0.00232339,0.459047,1.81946
414,1,-0.0123586,0.393683,1.76587,-0.00232339,0.459047,1.81946
415,1,-0.0124404,0.394959,1.76655,-0.00232339,0.459047,1.81946
416,1,-0.0118207,0.394156,1.76542,-0.00232339,0.459047,1.81946
417,1,-0.0124729,0.394832,1.76556,-0.00232339,0.459047,1.81946
418,1,-0.0124847,0.396689,1.7667,-0.00232339,0.459047,1.81946
419,1,-0.0121084,0.396275,1.76646,-0.00232339,0.459047,1.81946
420,1,-0.0127815,0.397262,1.76658,-0.00232339,0.459047,1.81946
421,1,-0.0125611,0.394103,1.76629,-0.00232339,0.459047,1.81946
422,1,-0.0129742,0.39582,1.76603,-0.00232339,0.459047,1.81946
423,1,-0.0126922,0.395174,1.76372,-0.00232339,0.459047,1.81946
424,1,-0.0141318,0.392716,1.76235,-0.00232339,0.459047,1.81946
425,1,-0.0128673,0.393354,1.76311,-0.00232339,0.459047,1.81946
426,1,-0.0135242,0.39171,1.76264,-0.00232339,0.459047,1.81946
427,1,-0.0123156,0.389602,1.75817,-0.00232339,0.459047,1.81946
428,1,-0.0121081,0.387787,1.75733,-0.00232339,0.459047,1.81946
429,1,-0.011651,0.388866,1.75852,-0.00232339,0.459047,1.81946
430,1,-0.0111691,0.38992,1.76042,-0.00232339,0.459047,1.81946
431,1,-0.0116328,0.389065,1.76008,-0.00232339,0.459047,1.81946
432,1,-0.0141331,0.39222,1.76442,-0.00232339,0.459047,1.81946
433,1,-0.0152134,0.389857,1.76266,-0.00232339,0.459047,1.81946
434,1,-0.0118578,0.388937,1.76076,-0.00232339,0.459047,1.81946
435,1,-0.0125972,0.386973,1.76046,-0.00232339,0.459047,1.81946
436,1,-0.012056,0.388715,1.76084,-0.00232339,0.459047,1.81946
437,1,-0.0144955,0.391179,1.76577,-0.00232339,0.459047,1.81946
438,1,-0.0155764,0.390773,1.7655,-0.00232339,0.459047,1.81946
439,1,-0.0148493,0.393536,1.77025,-0.00232339,0.459047,1.81946
440,1,-0.014589,0.392905,1.76879,-0.00232339,0.459047,1.81946
441,1,-0.0142709,0.390407,1.76587,-0.00232339,0.459047,1.81946
442,1,-0.0128287,0.390711,1.76601,-0.00232339,0.459047,1.81946
443,1,-0.0139722,0.387904,1.76553,-0.00232339,0.459047,1.81946
444,1,-0.0119667,0.383876,1.76375,-0.00232339,0.459047,1.81946
445,1,-0.0138016,0.379675,1.76318,-0.00232339,0.459047,1.81946
446,1,-0.011652,0.370266,1.75782,-0.00232339,0.459047,1.81946
447,1,-0.0120265,0.359509,1.75388,-0.00232339,0.459047,1.81946
448,1,-0.012763,0.356204,1.75317,-0.00232339,0.459047,1.81946
449,1,-0.0110977,0.338054,1.74095,-0.00232339,0.459047,1.81946
450,1,-0.0106943,0.315797,1.73351,-0.00232339,0.459047,1.81946
451,1,-0.00496672,0.285721,1.72255,-0.00232339,0.459047,1.81946
452,1,-0.00407704,0.257643,1.72039,-0.00232339,0.459047,1.81946
453,1,-0.00635958,0.227767,1.71472,-0.00232339,0.459047,1.81946
454,1,-0.0120629,0.190124,1.70955,-0.00232339,0.459047,1.81946
455,1,-0.00307161,0.156474,1.7005,-0.00232339,0.459047,1.81946
456,1,-0.000574696,0.117323,1.69672,-0.00232339,0.459047,1.81946
457,1,-0.000242183,0.0757623,1.69877,-0.00232339,0.459047,1.81946
458,1,-0.00170534,0.042112,1.70107,-0.00232339,0.459047,1.81946
459,1,-0.00579632,0.0119352,1.70873,-0.00232339,0.459047,1.81946
460,1,-0.00903083,-0.0149255,1.71889,-0.00232339,0.459047,1.81946
461,1,-0.0144304,-0.0421715,1.7262,-0.00232339,0.459047,1.81946
462,1,-0.017423,-0.0660287,1.73232,-0.00232339,0.459047,1.81946
463,1,-0.0213836,-0.084203,1.73919,-0.00232339,0.459047,1.81946
464,1,-0.0216173,-0.103829,1.74205,-0.00232339,0.459047,1.81946
465,1,-0.0227215,-0.120601,1.7482,-0.00232339,0.459047,1.81946
466,1,-0.0253474,-0.129133,1.75595,-0.00232339,0.459047,1.81946
467,1,-0.0278392,-0.136255,1.76301,-0.00232339,0.459047,1.81946
468,1,-0.0274854,-0.144701,1.76879,-0.00232339,0.459047,1.81946
469,1,-0.0273731,-0.152336,1.77351,-0.00232339,0.459047,1.81946
470,1,-0.0289859,-0.156066,1.77865,-0.00232339,0.459047,1.81946
471,1,-0.0297931,-0.164802,1.78124,-0.00232339,0.459047,1.81946
472,1,-0.0273363,-0.170386,1.78214,-0.00232339,0.459047,1.81946
473,1,-0.0272482,-0.174908,1.78566,-0.00232339,0.459047,1.81946
474,1,-0.0265982,-0.177922,1.78718,-0.00232339,0.459047,1.81946
475,1,-0.028328,-0.174567,1.79371,-0.00232339,0.459047,1.81946
476,1,-0.0267183,-0.177354,1.79321,-0.00232339,0.459047,1.81946
477,1,-0.0251414,-0.181982,1.78993,-0.00232339,0.459047,1.81946
478,1,-0.024089,-0.184551,1.78637,-0.00232339,0.459047,1.81946
479,1,-0.0236421,-0.186419,1.78332,-0.00232339,0.459047,1.81946
480,1,-0.0231771,-0.187946,1.78266,-0.00232339,0.459047,1.81946
481,1,-0.0231865,-0.188854,1.78294,-0.00232339,0.459047,1.81946
482,1,-0.0231421,-0.188157,1.7805,-0.00232339,0.459047,1.81946
483,1,-0.0231984,-0.188812,1.78195,-0.00232339,0.459047,1.81946
484,1,-0.0236916,-0.187488,1.78535,-0.00232339,0.459047,1.81946
485,1,-0.0241866,-0.186772,1.78879,-0.00232339,0.459047,1.81946
486,1,-0.0222343,-0.187193,1.78781,-0.00232339,0.459047,1.81946
487,1,-0.0241746,-0.186562,1.78801,-0.00232339,0.459047,1.81946
488,1,-0.0251303,-0.187035,1.78722,-0.00232339,0.459047,1.81946
489,1,-0.0250701,-0.187555,1.78826,-0.00232339,0.459047,1.81946
490,1,-0.0253762,-0.186775,1.78881,-0.00232339,0.459047,1.81946
491,1,-0.0251102,-0.187643,1.78709,-0.00232339,0.459047,1.81946
492,1,-0.025026,-0.187119,1.78724,-0.00232339,0.459047,1.81946
493,1,-0.022441,-0.188175,1.78525,-0.00232339,0.459047,1.81946
494,0,-0.0235516,-0.186895,1.78739,-0.00232339,0.459047,1.81946
495,0,-0.0235231,-0.187588,1.78599,-0.00232339,0.459047,1.81946
496,0,-0.0236709,-0.18769,1.78701,-0.00232339,0.459047,1.81946
497,0,-0.0232317,-0.187982,1.78723,-0.00232339,0.459047,1.81946
498,0,-0.0224176,-0.1889,1.78339,-0.00232339,0.459047,1.81946
499,0,-0.0238998,-0.186936,1.78744,-0.00232339,0.459047,1.81946
500,0,-0.0225432,-0.187254,1.78595,-0.00232339,0.459047,1.81946
501,0,-0.0223421,-0.189345,1.7836,-0.00232339,0.459047,1.81946
502,0,-0.0231993,-0.187196,1.78713,-0.00232339,0.459047,1.81946
503,0,-0.0226221,-0.188342,1.78415,-0.00232339,0.459047,1.81946
504,0,-0.0219302,-0.188754,1.78434,-0.00232339,0.459047,1.81946
505,0,-0.0231176,-0.188372,1.78492,-0.00232339,0.459047,1.81946
506,0,-0.0231016,-0.187147,1.78554,-0.00232339,0.459047,1.81946
507,0,-0.022664,-0.187412,1.78358,-0.00232339,0.459047,1.81946
508,0,-0.0222668,-0.18734,1.78244,-0.00232339,0.459047,1.81946
509,0,-0.0220919,-0.188857,1.78415,-0.00232339,0.459047,1.81946
510,0,-0.0228438,-0.188095,1.78275,-0.00232339,0.459047,1.81946
511,0,-0.0232616,-0.187946,1.78369,-0.00232339,0.459047,1.81946
512,0,-0.0230424,-0.187471,1.78332,-0.00232339,0.459047,1.81946
513,0,-0.0239734,-0.187138,1.78378,-0.00232339,0.459047,1.81946
514,0,-0.0237242,-0.187738,1.7842,-0.00232339,0.459047,1.81946
515,0,-0.0237707,-0.187602,1.78385,-0.00232339,0.459047,1.81946
516,0,-0.0235003,-0.188067,1.7839,-0.00232339,0.459047,1.81946
517,0,-0.0231568,-0.187421,1.78524,-0.00232339,0.459047,1.81946
518,0,-0.02373,-0.187698,1.78465,-0.00232339,0.459047,1.81946
519,0,-0.0230006,-0.187545,1.7834,-0.00232339,0.459047,1.81946
520,0,-0.0235017,-0.188013,1.78467,-0.00232339,0.459047,1.81946
521,0,-0.0237518,-0.187751,1.78482,-0.00232339,0.459047,1.81946
522,0,-0.0227151,-0.188407,1.78384,-0.00232339,0.459047,1.81946
523,0,-0.0229793,-0.187344,1.78294,-0.00232339,0.459047,1.81946
524,0,-0.0228434,-0.188723,1.7843,-0.00232339,0.459047,1.81946
525,0,-0.0234264,-0.187669,1.78387,-0.00232339,0.459047,1.81946
526,0,-0.0232798,-0.188197,1.78421,-0.00232339,0.459047,1.81946
527,0,-0.0230971,-0.18795,1.78344,-0.00232339,0.459047,1.81946
528,0,-0.023983,-0.187761,1.78416,-0.00232339,0.459047,1.81946
529,0,-0.0227334,-0.188327,1.78423,-0.00232339,0.459047,1.81946
530,0,-0.023111,-0.187856,1.78414,-0.00232339,0.459047,1.81946
531,0,-0.0225857,-0.187317,1.7843,-0.00232339,0.459047,1.81946
532,0,-0.0221572,-0.186745,1.78496,-0.00232339,0.459047,1.81946
533,0,-0.0227808,-0.188536,1.78423,-0.00232339,0.459047,1.81946
534,0,-0.0230843,-0.186803,1.78603,-0.00232339,0.459047,1.81946
535,0,-0.0229253,-0.188107,1.78406,-0.00232339,0.459047,1.81946
536,0,-0.0234577,-0.187244,1.78623,-0.00232339,0.459047,1.81946
537,0,-0.0229953,-0.187881,1.78658,-0.00232339,0.459047,1.81946
538,0,-0.022457,-0.188587,1.78364,-0.00232339,0.459047,1.81946
539,0,-0.0225013,-0.186909,1.78599,-0.00232339,0.459047,1.81946
540,0,-0.0224406,-0.188238,1.78525,-0.00232339,0.459047,1.81946
541,0,-0.0229678,-0.188187,1.78441,-0.00232339,0.459047,1.81946
542,0,-0.0232934,-0.187743,1.78431,-0.00232339,0.459047,1.81946
543,0,-0.0224711,-0.18878,1.78402,-0.00232339,0.459047,1.81946
544,0,-0.0232233,-0.188201,1.78525,-0.00232339,0.459047,1.81946
545,0,-0.0230575,-0.1875,1.78613,-0.00232339,0.459047,1.81946
546,0,-0.0224735,-0.187722,1.78439,-0.00232339,0.459047,1.81946
547,0,-0.0224583,-0.188173,1.78412,-0.00232339,0.459047,1.81946
548,0,-0.0225139,-0.186481,1.78657,-0.00232339,0.459047,1.81946
549,0,-0.0227012,-0.188691,1.78417,-0.00232339,0.459047,1.81946
550,0,-0.0226646,-0.187057,1.78556,-0.00232339,0.459047,1.81946
551,0,-0.0224464,-0.188585,1.78399,-0.00232339,0.459047,1.81946
552,0,-0.0229749,-0.188322,1.78384,-0.00232339,0.459047,1.81946
553,0,-0.0224008,-0.188195,1.78389,-0.00232339,0.459047,1.81946
554,0,-0.0237933,-0.187604,1.78553,-0.00232339,0.459047,1.81946
555,0,-0.0219956,-0.188005,1.78442,-0.00232339,0.459047,1.81946
556,0,-0.0227091,-0.188305,1.78489,-0.00232339,0.459047,1.81946
557,0,-0.0231181,-0.188688,1.78337,-0.00232339,0.459047,1.81946
558,0,-0.023108,-0.188148,1.7846,-0.00232339,0.459047,1.81946
559,0,-0.0227893,-0.187726,1.78441,-0.00232339,0.459047,1.81946
560,0,-0.0220652,-0.187547,1.78373,-0.00232339,0.459047,1.81946
561,0,-0.0227292,-0.187314,1.78365,-0.00232339,0.459047,1.81946
562,0,-0.0228078,-0.187944,1.78379,-0.00232339,0.459047,1.81946
563,0,-0.0227235,-0.188528,1.78335,-0.00232339,0.459047,1.81946
564,0,-0.0232726,-0.187783,1.78359,-0.00232339,0.459047,1.81946
565,0,-0.0241414,-0.187213,1.78464,-0.00232339,0.459047,1.81946
566,0,-0.0228139,-0.187598,1.78447,-0.00232339,0.459047,1.81946
567,0,-0.0237283,-0.187309,1.78487,-0.00232339,0.459047,1.81946
568,0,-0.0228883,-0.188206,1.78434,-0.00232339,0.459047,1.81946
569,0,-0.0232764,-0.187268,1.78409,-0.00232339,0.459047,1.81946
570,0,-0.0237136,-0.187621,1.78348,-0.00232339,0.459047,1.81946
571,0,-0.0241492,-0.186996,1.78441,-0.00232339,0.459047,1.81946
572,1,-0.0248277,-0.186703,1.78628,-0.00232339,0.459047,1.81946
573,1,-0.0230877,-0.186593,1.78617,-0.00232339,0.459047,1.81946
574,1,-0.0238877,-0.186343,1.78546,-0.00232339,0.459047,1.81946
575,1,-0.0242116,-0.186559,1.78858,-0.00232339,0.459047,1.81946
576,1,-0.0241188,-0.18607,1.78792,-0.00232339,0.459047,1.81946
577,1,-0.0253125,-0.185802,1.78843,-0.00232339,0.459047,1.81946
578,1,-0.0233526,-0.188099,1.78521,-0.00232339,0.459047,1.81946
579,1,-0.0245616,-0.186256,1.78679,-0.00232339,0.459047,1.81946
580,1,-0.0248271,-0.186863,1.78612,-0.00232339,0.459047,1.81946
581,1,-0.02557,-0.185413,1.7873,-0.00232339,0.459047,1.81946
582,1,-0.0259994,-0.185292,1.78779,-0.00232339,0.459047,1.81946
583,1,-0.0247674,-0.186452,1.78687,-0.00232339,0.459047,1.81946
584,1,-0.0239961,-0.185996,1.78853,-0.00232339,0.459047,1.81946
585,1,-0.0244187,-0.187333,1.78646,-0.00232339,0.459047,1.81946
586,1,-0.0251987,-0.187052,1.78742,-0.00232339,0.459047,1.81946
587,1,-0.0247924,-0.18687,1.78623,-0.00232339,0.459047,1.81946
588,1,-0.0247833,-0.187138,1.78695,-0.00232339,0.459047,1.81946
589,1,-0.0265964,-0.185725,1.78726,-0.00232339,0.459047,1.81946
590,1,-0.0247407,-0.188216,1.78431,-0.00232339,0.459047,1.81946
591,1,-0.0269731,-0.185415,1.78869,-0.00232339,0.459047,1.81946
592,1,-0.0250729,-0.187272,1.78485,-0.00232339,0.459047,1.81946
593,1,-0.0259174,-0.185422,1.78821,-0.00232339,0.459047,1.81946
594,1,-0.0267228,-0.186367,1.78975,-0.00232339,0.459047,1.81946
595,1,-0.0253918,-0.186148,1.78847,-0.00232339,0.459047,1.81946
596,1,-0.0264466,-0.184501,1.78793,-0.00232339,0.459047,1.81946
597,1,-0.0261029,-0.183555,1.78696,-0.00232339,0.459047,1.81946
598,1,-0.0260752,-0.181773,1.78631,-0.00232339,0.459047,1.81946
599,1,-0.0249765,-0.178457,1.78182,-0.00232339,0.459047,1.81946
600,1,-0.0242803,-0.172038,1.77816,-0.00232339,0.459047,1.81946
601,1,-0.0226413,-0.164734,1.77492,-0.00232339,0.459047,1.81946
602,1,-0.0220866,-0.153802,1.77076,-0.00232339,0.459047,1.81946
603,1,-0.0209197,-0.142491,1.76454,-0.00232339,0.459047,1.81946
604,1,-0.019723,-0.128976,1.7575,-0.00232339,0.459047,1.81946
605,1,-0.0199419,-0.111754,1.74831,-0.00232339,0.459047,1.81946
606,1,-0.0193331,-0.0926766,1.74278,-0.00232339,0.459047,1.81946
607,1,-0.0187057,-0.070226,1.73572,-0.00232339,0.459047,1.81946
608,1,-0.0182892,-0.0493877,1.7276,-0.00232339,0.459047,1.81946
609,1,-0.017031,-0.0301894,1.71942,-0.00232339,0.459047,1.81946
610,1,-0.0174368,-0.0118578,1.71167,-0.00232339,0.459047,1.81946
611,1,-0.0189098,0.0120659,1.70448,-0.00232339,0.459047,1.81946
612,1,-0.0205714,0.0342279,1.69714,-0.00232339,0.459047,1.81946
613,1,-0.0213567,0.0549888,1.69426,-0.00232339,0.459047,1.81946
614,1,-0.0237242,0.0728937,1.69007,-0.00232339,0.459047,1.81946
615,1,-0.0245283,0.0968427,1.69045,-0.00232339,0.459047,1.81946
616,1,-0.0244004,0.121325,1.68792,-0.00232339,0.459047,1.81946
617,1,-0.023571,0.143553,1.68614,-0.00232339,0.459047,1.81946
618,1,-0.0231158,0.167707,1.68764,-0.00232339,0.459047,1.81946
619,1,-0.0238595,0.189793,1.69068,-0.00232339,0.459047,1.81946
620,1,-0.0232493,0.207948,1.69377,-0.00232339,0.459047,1.81946
621,1,-0.020018,0.224374,1.69516,-0.00232339,0.459047,1.81946
622,1,-0.0202551,0.243487,1.69717,-0.00232339,0.459047,1.81946
623,1,-0.0163191,0.258704,1.70051,-0.00232339,0.459047,1.81946
624,1,-0.0163265,0.274872,1.7035,-0.00232339,0.459047,1.81946
625,1,-0.0148389,0.287267,1.70935,-0.00232339,0.459047,1.81946
626,1,-0.0140336,0.300235,1.71675,-0.00232339,0.459047,1.81946
627,1,-0.0135751,0.309907,1.71996,-0.00232339,0.459047,1.81946
628,1,-0.0118616,0.319063,1.72349,-0.00232339,0.459047,1.81946
629,1,-0.0127653,0.326492,1.72855,-0.00232339,0.459047,1.81946
630,1,-0.0112903,0.333873,1.73034,-0.00232339,0.459047,1.81946
631,1,-0.0136648,0.344638,1.73648,-0.00232339,0.459047,1.81946
632,1,-0.0124084,0.350518,1.73761,-0.00232339,0.459047,1.81946
633,1,-0.0130557,0.3551,1.7392,-0.00232339,0.459047,1.81946
634,1,-0.0118967,0.360002,1.74065,-0.00232339,0.459047,1.81946
635,1,-0.0128977,0.365276,1.74463,-0.00232339,0.459047,1.81946
636,1,-0.0104582,0.363246,1.74216,-0.00232339,0.459047,1.81946
637,1,-0.0110512,0.364726,1.74423,-0.00232339,0.459047,1.81946
638,1,-0.0114581,0.37135,1.74951,-0.00232339,0.459047,1.81946
639,1,-0.0104669,0.373178,1.75006,-0.00232339,0.459047,1.81946
640,1,-0.0106028,0.371935,1.75076,-0.00232339,0.459047,1.81946
641,1,-0.0104448,0.3728,1.75097,-0.00232339,0.459047,1.81946
642,1,-0.0108888,0.380251,1.75666,-0.00232339,0.459047,1.81946
643,1,-0.00946713,0.379904,1.75715,-0.00232339,0.459047,1.81946
644,1,-0.0123049,0.384494,1.76194,-0.00232339,0.459047,1.81946
645,1,-0.0103506,0.382019,1.75742,-0.00232339,0.459047,1.81946
646,1,-0.0102563,0.383829,1.75799,-0.00232339,0.459047,1.81946
647,1,-0.011568,0.385003,1.75796,-0.00232339,0.459047,1.81946
648,1,-0.012628,0.38958,1.76236,-0.00232339,0.459047,1.81946
649,1,-0.0104259,0.38573,1.75908,-0.00232339,0.459047,1.81946
650,1,-0.0127115,0.389942,1.76493,-0.00232339,0.459047,1.81946
651,1,-0.0105009,0.384123,1.75127,-0.00232339,0.459047,1.81946
652,1,-0.0114227,0.389282,1.75689,-0.00232339,0.459047,1.81946
653,1,-0.0108888,0.390345,1.75588,-0.00232339,0.459047,1.81946
654,1,-0.0107144,0.39178,1.75241,-0.00232339,0.459047,1.81946
655,1,-0.0126244,0.398463,1.75935,-0.00232339,0.459047,1.81946
656,1,-0.0112679,0.399779,1.76035,-0.00232339,0.459047,1.81946
657,1,-0.0103082,0.400367,1.75663,-0.00232339,0.459047,1.81946
658,1,-0.0108362,0.397931,1.75526,-0.00232339,0.459047,1.81946
659,1,-0.0110485,0.399277,1.75471,-0.00232339,0.459047,1.81946
660,1,-0.011686,0.399601,1.75341,-0.00232339,0.459047,1.81946
661,1,-0.0132885,0.398205,1.75405,-0.00232339,0.459047,1.81946
662,1,-0.0122833,0.39918,1.75168,-0.00232339,0.459047,1.81946
663,1,-0.0124278,0.398668,1.74743,-0.00232339,0.459047,1.81946
664,1,-0.0116305,0.396986,1.74317,-0.00232339,0.459047,1.81946
665,1,-0.011542,0.400655,1.74814,-0.00232339,0.459047,1.81946
666,1,-0.0134239,0.398176,1.74701,-0.00232339,0.459047,1.81946
667,1,-0.00978026,0.40287,1.75167,-0.00232339,0.459047,1.81946
668,1,-0.0156399,0.398345,1.74892,-0.00232339,0.459047,1.81946
669,1,-0.0136551,0.400538,1.74768,-0.00232339,0.459047,1.81946
670,1,-0.0113793,0.39829,1.74335,-0.00232339,0.459047,1.81946
671,1,-0.00785744,0.40014,1.73881,-0.00232339,0.459047,1.81946
672,1,-0.00960961,0.400403,1.74159,-0.00232339,0.459047,1.81946
673,1,-0.0129599,0.398671,1.74168,-0.00232339,0.459047,1.81946
674,1,-0.0150525,0.39896,1.74071,-0.00232339,0.459047,1.81946
675,1,-0.0132952,0.398983,1.74048,-0.00232339,0.459047,1.81946
676,1,-0.0143671,0.400682,1.74428,-0.00232339,0.459047,1.81946
677,1,-0.0128328,0.398579,1.74119,-0.00232339,0.459047,1.81946
678,1,-0.0138532,0.399745,1.74336,-0.00232339,0.459047,1.81946
679,1,-0.0142357,0.398981,1.7399,-0.00232339,0.459047,1.81946
680,1,-0.015052,0.396931,1.74408,-0.00232339,0.459047,1.81946
681,1,-0.0145319,0.39615,1.74176,-0.00232339,0.459047,1.81946
682,1,-0.0139283,0.398391,1.73885,-0.00232339,0.459047,1.81946
683,1,-0.0135579,0.398891,1.7414,-0.00232339,0.459047,1.81946
684,1,-0.0139647,0.397224,1.74351,-0.00232339,0.459047,1.81946
685,1,-0.0124099,0.40071,1.74191,-0.00232339,0.459047,1.81946
686,1,-0.012121,0.397641,1.74293,-0.00232339,0.459047,1.81946
687,1,-0.00907657,0.401802,1.74032,-0.00232339,0.459047,1.81946
688,1,-0.0140021,0.396401,1.7402,-0.00232339,0.459047,1.81946
689,1,-0.0121138,0.399801,1.73844,-0.00232339,0.459047,1.81946
690,1,-0.0142177,0.399639,1.74241,-0.00232339,0.459047,1.81946
691,1,-0.0141707,0.397573,1.74299,-0.00232339,0.459047,1.81946
692,1,-0.0121418,0.399428,1.74225,-0.00232339,0.459047,1.81946
693,1,-0.0135623,0.400092,1.74518,-0.00232339,0.459047,1.81946
694,1,-0.0131247,0.399984,1.7441,-0.00232339,0.459047,1.81946
695,1,-0.0120435,0.400529,1.74237,-0.00232339,0.459047,1.81946
696,1,-0.00966647,0.399832,1.73994,-0.00232339,0.459047,1.81946
697,1,-0.0129348,0.399897,1.74574,-0.00232339,0.459047,1.81946
698,1,-0.0104311,0.401271,1.74704,-0.00232339,0.459047,1.81946
699,1,-0.0108047,0.401446,1.74691,-0.00232339,0.459047,1.81946
700,1,-0.0110323,0.397925,1.74395,-0.00232339,0.459047,1.81946
701,1,-0.0127143,0.399334,1.7457,-0.00232339,0.459047,1.81946
702,1,-0.0120903,0.400555,1.74627,-0.00232339,0.459047,1.81946
703,1,-0.0136064,0.399615,1.74743,-0.00232339,0.459047,1.81946
704,1,-0.0130389,0.401598,1.74912,-0.00232339,0.459047,1.81946
705,1,-0.0139181,0.401311,1.75088,-0.00232339,0.459047,1.81946
706,1,-0.0119244,0.402309,1.75069,-0.00232339,0.459047,1.81946
707,1,-0.0126398,0.399582,1.74915,-0.00232339,0.459047,1.81946
708,1,-0.012387,0.401508,1.74788,-0.00232339,0.459047,1.81946
709,1,-0.0123793,0.399992,1.74789,-0.00232339,0.459047,1.81946
710,1,-0.0131422,0.40083,1.75153,-0.00232339,0.459047,1.81946
711,1,-0.0125616,0.395141,1.74578,-0.00232339,0.459047,1.81946
712,1,-0.0136051,0.393703,1.74825,-0.00232339,0.459047,1.81946
713,1,-0.0151702,0.389333,1.74617,-0.00232339,0.459047,1.81946
714,1,-0.0146625,0.387162,1.74754,-0.00232339,0.459047,1.81946
715,1,-0.0170061,0.378971,1.74168,-0.00232339,0.459047,1.81946
716,1,-0.0214379,0.376165,1.73903,-0.00232339,0.459047,1.81946
717,1,-0.0211456,0.365553,1.72958,-0.00232339,0.459047,1.81946
718,1,-0.0246311,0.353274,1.7169,-0.00232339,0.459047,1.81946
719,1,-0.0307823,0.342782,1.70423,-0.00232339,0.459047,1.81946
720,1,-0.0376548,0.33423,1.69135,-0.00232339,0.459047,1.81946
721,1,-0.0491149,0.318428,1.67912,-0.00232339,0.459047,1.81946
722,1,-0.0610408,0.299949,1.66217,-0.00232339,0.459047,1.81946
723,1,-0.0733844,0.277102,1.65109,-0.00232339,0.459047,1.81946
724,1,-0.0915112,0.253772,1.63549,-0.00232339,0.459047,1.81946
725,1,-0.116142,0.223771,1.61564,-0.00232339,0.459047,1.81946
726,1,-0.132425,0.201328,1.61052,-0.00232339,0.459047,1.81946
727,1,-0.145534,0.172558,1.60265,-0.00232339,0.459047,1.81946
728,1,-0.165477,0.142299,1.60208,-0.00232339,0.459047,1.81946
729,1,-0.184455,0.114216,1.60224,-0.00232339,0.459047,1.81946
730,1,-0.205193,0.0879085,1.5978,-0.00232339,0.459047,1.81946
731,1,-0.22532,0.0622749,1.59813,-0.00232339,0.459047,1.81946
732,1,-0.24765,0.0378584,1.60443,-0.00232339,0.459047,1.81946
733,1,-0.26675,0.0157434,1.61124,-0.00232339,0.459047,1.81946
734,1,-0.283677,-0.0105247,1.61852,-0.00232339,0.459047,1.81946
735,1,-0.298304,-0.0304714,1.62468,-0.00232339,0.459047,1.81946
736,1,-0.310777,-0.0508708,1.63265,-0.00232339,0.459047,1.81946
737,1,-0.322449,-0.0665194,1.63637,-0.00232339,0.459047,1.81946
738,1,-0.331187,-0.0812235,1.64458,-0.00232339,0.459047,1.81946
739,1,-0.339888,-0.093402,1.65135,-0.00232339,0.459047,1.81946
740,1,-0.348146,-0.10289,1.65839,-0.00232339,0.459047,1.81946
741,1,-0.35659,-0.111499,1.66344,-0.00232339,0.459047,1.81946
742,1,-0.364292,-0.120576,1.66726,-0.00232339,0.459047,1.81946
743,1,-0.37236,-0.129696,1.67121,-0.00232339,0.459047,1.81946
744,1,-0.376879,-0.135985,1.67158,-0.00232339,0.459047,1.81946
745,1,-0.379674,-0.141326,1.67543,-0.00232339,0.459047,1.81946
746,1,-0.3811,-0.144806,1.67919,-0.00232339,0.459047,1.81946
747,1,-0.384621,-0.146381,1.68318,-0.00232339,0.459047,1.81946
748,1,-0.385446,-0.151417,1.68391,-0.00232339,0.459047,1.81946
749,1,-0.385776,-0.15213,1.68897,-0.00232339,0.459047,1.81946
750,1,-0.384758,-0.155006,1.68859,-0.00232339,0.459047,1.81946
751,1,-0.38553,-0.153051,1.69127,-0.00232339,0.459047,1.81946
752,1,-0.385946,-0.153249,1.69225,-0.00232339,0.459047,1.81946
753,1,-0.386315,-0.153035,1.69165,-0.00232339,0.459047,1.81946
754,1,-0.386219,-0.152977,1.69164,-0.00232339,0.459047,1.81946
755,1,-0.387239,-0.153011,1.69307,-0.00232339,0.459047,1.81946
756,1,-0.386375,-0.153719,1.69289,-0.00232339,0.459047,1.81946
757,1,-0.386483,-0.153744,1.69159,-0.00232339,0.459047,1.81946
758,1,-0.387276,-0.154042,1.69403,-0.00232339,0.459047,1.81946
759,1,-0.386083,-0.152511,1.69244,-0.00232339,0.459047,1.81946
760,1,-0.386754,-0.152905,1.69224,-0.00232339,0.459047,1.81946
761,1,-0.386303,-0.153312,1.69278,-0.00232339,0.459047,1.81946
762,1,-0.386588,-0.153266,1.69205,-0.00232339,0.459047,1.81946
763,1,-0.387048,-0.15268,1.69224,-0.00232339,0.459047,1.81946
764,1,-0.386728,-0.152971,1.69208,-0.00232339,0.459047,1.81946
765,1,-0.38667,-0.152273,1.69293,-0.00232339,0.459047,1.81946
766,1,-0.386423,-0.152808,1.69205,-0.00232339,0.459047,1.81946
767,1,-0.386612,-0.153561,1.6922,-0.00232339,0.459047,1.81946
768,1,-0.38699,-0.15365,1.69089,-0.00232339,0.459047,1.81946
769,0,-0.38665,-0.153321,1.69157,-0.00232339,0.459047,1.81946
770,0,-0.386516,-0.152964,1.6914,-0.00232339,0.459047,1.81946
771,1,-0.386863,-0.152602,1.69122,-0.00232339,0.459047,1.81946
772,1,-0.385922,-0.15265,1.69131,-0.00232339,0.459047,1.81946
773,1,-0.386615,-0.152902,1.69121,-0.00232339,0.459047,1.81946
774,0,-0.38604,-0.152221,1.69106,-0.00232339,0.459047,1.81946
775,0,-0.386437,-0.153671,1.69109,-0.00232339,0.459047,1.81946
776,0,-0.386386,-0.152766,1.69134,-0.00232339,0.459047,1.81946
777,0,-0.386125,-0.153351,1.69156,-0.00232339,0.459047,1.81946
778,0,-0.387113,-0.152717,1.69236,-0.00232339,0.459047,1.81946
779,0,-0.386436,-0.152815,1.69105,-0.00232339,0.459047,1.81946
780,0,-0.386382,-0.15205,1.69116,-0.00232339,0.459047,1.81946
781,0,-0.386872,-0.152636,1.68995,-0.00232339,0.459047,1.81946
782,0,-0.38658,-0.152662,1.69078,-0.00232339,0.459047,1.81946
783,0,-0.386754,-0.152419,1.6916,-0.00232339,0.459047,1.81946
784,0,-0.38631,-0.152912,1.69089,-0.00232339,0.459047,1.81946
785,0,-0.386378,-0.152889,1.69203,-0.00232339,0.459047,1.81946
786,0,-0.38631,-0.152624,1.69107,-0.00232339,0.459047,1.81946
787,0,-0.386493,-0.153081,1.69107,-0.00232339,0.459047,1.81946
788,0,-0.386611,-0.152476,1.69115,-0.00232339,0.459047,1.81946
789,0,-0.386079,-0.15304,1.69113,-0.00232339,0.459047,1.81946
790,0,-0.386573,-0.152391,1.69158,-0.00232339,0.459047,1.81946
791,0,-0.386194,-0.153092,1.69144,-0.00232339,0.459047,1.81946
792,0,-0.386361,-0.15311,1.69107,-0.00232339,0.459047,1.81946
793,0,-0.386659,-0.152785,1.69108,-0.00232339,0.459047,1.81946
794,0,-0.386647,-0.152804,1.69172,-0.00232339,0.459047,1.81946
796,0,-0.386623,-0.153137,1.69133,-0.00232339,0.459047,1.81946
797,0,-0.386689,-0.153107,1.69199,-0.00232339,0.459047,1.81946
798,0,-0.386201,-0.152581,1.69017,-0.00232339,0.459047,1.81946
799,0,-0.38632,-0.153099,1.69142,-0.00232339,0.459047,1.81946
800,0,-0.386393,-0.153159,1.69099,-0.00232339,0.459047,1.81946
801,0,-0.386446,-0.152416,1.6924,-0.00232339,0.459047,1.81946
802,0,-0.386399,-0.152808,1.69132,-0.00232339,0.459047,1.81946
803,0,-0.38669,-0.152543,1.69158,-0.00232339,0.459047,1.81946
804,0,-0.387049,-0.152513,1.69224,-0.00232339,0.459047,1.81946
805,0,-0.386039,-0.152621,1.69148,-0.00232339,0.459047,1.81946
806,0,-0.386177,-0.152371,1.69166,-0.00232339,0.459047,1.81946
807,0,-0.386533,-0.153115,1.69176,-0.00232339,0.459047,1.81946
808,0,-0.386487,-0.15329,1.69121,-0.00232339,0.459047,1.81946
809,0,-0.385786,-0.153074,1.69063,-0.00232339,0.459047,1.81946
810,0,-0.386645,-0.1526,1.69192,-0.00232339,0.459047,1.81946
811,0,-0.386035,-0.152512,1.69115,-0.00232339,0.459047,1.81946
812,0,-0.386355,-0.152825,1.69146,-0.00232339,0.459047,1.81946
813,0,-0.386476,-0.152729,1.69095,-0.00232339,0.459047,1.81946
814,0,-0.386626,-0.15295,1.69177,-0.00232339,0.459047,1.81946
815,0,-0.386619,-0.152751,1.69077,-0.00232339,0.459047,1.81946
816,0,-0.386671,-0.152812,1.69095,-0.00232339,0.459047,1.81946
817,0,-0.386793,-0.152605,1.69195,-0.00232339,0.459047,1.81946
818,0,-0.386214,-0.152519,1.69155,-0.00232339,0.459047,1.81946
819,0,-0.386766,-0.152762,1.69225,-0.00232339,0.459047,1.81946
820,0,-0.386508,-0.152744,1.6914,-0.00232339,0.459047,1.81946
821,0,-0.386288,-0.152676,1.69182,-0.00232339,0.459047,1.81946
822,0,-0.386179,-0.15211,1.69148,-0.00232339,0.459047,1.81946
823,0,-0.386748,-0.152996,1.6916,-0.00232339,0.459047,1.81946
824,0,-0.386772,-0.153082,1.69137,-0.00232339,0.459047,1.81946
825,0,-0.387196,-0.152427,1.69164,-0.00232339,0.459047,1.81946
826,0,-0.386056,-0.152979,1.69063,-0.00232339,0.459047,1.81946
827,0,-0.386382,-0.152829,1.69128,-0.00232339,0.459047,1.81946
828,0,-0.386638,-0.153029,1.69092,-0.00232339,0.459047,1.81946
829,0,-0.38617,-0.151888,1.69116,-0.00232339,0.459047,1.81946
830,0,-0.387202,-0.152313,1.69191,-0.00232339,0.459047,1.81946
831,0,-0.386144,-0.15195,1.69179,-0.00232339,0.459047,1.81946
832,0,-0.386405,-0.151871,1.69169,-0.00232339,0.459047,1.81946
833,0,-0.386469,-0.15242,1.69178,-0.00232339,0.459047,1.81946
834,0,-0.386599,-0.152459,1.69107,-0.00232339,0.459047,1.81946
835,0,-0.386239,-0.152571,1.69129,-0.00232339,0.459047,1.81946
836,0,-0.386201,-0.152995,1.69134,-0.00232339,0.459047,1.81946
837,0,-0.386396,-0.152789,1.69183,-0.00232339,0.459047,1.81946
838,0,-0.386506,-0.15257,1.69103,-0.00232339,0.459047,1.81946
839,0,-0.386939,-0.152819,1.69147,-0.00232339,0.459047,1.81946
840,0,-0.386086,-0.153457,1.69084,-0.00232339,0.459047,1.81946
841,0,-0.386758,-0.153226,1.6919,-0.00232339,0.459047,1.81946
842,0,-0.386575,-0.153111,1.68954,-0.00232339,0.459047,1.81946
843,0,-0.386263,-0.153268,1.69018,-0.00232339,0.459047,1.81946
844,0,-0.385826,-0.153297,1.68984,-0.00232339,0.459047,1.81946
