101,0,0.312237,-0.190799,1.75793,-0.057013,0.453919,1.83506
102,0,0.311609,-0.189999,1.75884,-0.057013,0.453919,1.83506
103,0,0.311553,-0.189788,1.7579,-0.057013,0.453919,1.83506
104,0,0.311778,-0.190379,1.75744,-0.057013,0.453919,1.83506
105,0,0.311912,-0.190118,1.75826,-0.057013,0.453919,1.83506
106,0,0.312158,-0.191107,1.75795,-0.057013,0.453919,1.83506
107,0,0.312181,-0.189858,1.75748,-0.057013,0.453919,1.83506
108,0,0.31126,-0.18918,1.75844,-0.057013,0.453919,1.83506
109,0,0.311557,-0.190781,1.75827,-0.057013,0.453919,1.83506
110,0,0.310806,-0.190216,1.75834,-0.057013,0.453919,1.83506
111,0,0.310898,-0.189686,1.7576,-0.057013,0.453919,1.83506
112,0,0.311866,-0.190512,1.75775,-0.057013,0.453919,1.83506
113,0,0.312078,-0.190096,1.75862,-0.057013,0.453919,1.83506
114,0,0.312044,-0.18973,1.75815,-0.057013,0.453919,1.83506
115,0,0.311834,-0.18982,1.75911,-0.057013,0.453919,1.83506
116,0,0.311812,-0.190494,1.75864,-0.057013,0.453919,1.83506
117,0,0.312578,-0.190883,1.75833,-0.057013,0.453919,1.83506
118,0,0.311469,-0.19002,1.75873,-0.057013,0.453919,1.83506
119,0,0.312322,-0.190833,1.75945,-0.057013,0.453919,1.83506
120,0,0.311408,-0.191199,1.75819,-0.057013,0.453919,1.83506
121,0,0.311857,-0.190587,1.75859,-0.057013,0.453919,1.83506
122,1,0.312555,-0.190293,1.7585,-0.057013,0.453919,1.83506
123,1,0.31113,-0.190117,1.7586,-0.057013,0.453919,1.83506
124,1,0.311996,-0.190228,1.75869,-0.057013,0.453919,1.83506
125,1,0.311596,-0.190323,1.75935,-0.057013,0.453919,1.83506
126,1,0.310011,-0.18885,1.75921,-0.057013,0.453919,1.83506
127,1,0.311844,-0.188307,1.76188,-0.057013,0.453919,1.83506
128,1,0.312107,-0.190663,1.75883,-0.057013,0.453919,1.83506
129,1,0.311404,-0.188833,1.75863,-0.057013,0.453919,1.83506
130,1,0.310987,-0.187566,1.76335,-0.057013,0.453919,1.83506
131,1,0.31011,-0.186601,1.7641,-0.057013,0.453919,1.83506
132,1,0.310354,-0.185963,1.76479,-0.057013,0.453919,1.83506
133,1,0.309459,-0.186888,1.76102,-0.057013,0.453919,1.83506
134,1,0.309324,-0.186647,1.76071,-0.057013,0.453919,1.83506
135,1,0.309564,-0.186793,1.76259,-0.057013,0.453919,1.83506
136,1,0.309837,-0.186474,1.76308,-0.057013,0.453919,1.83506
137,1,0.310809,-0.187956,1.76032,-0.057013,0.453919,1.83506
138,1,0.309987,-0.186654,1.7635,-0.057013,0.453919,1.83506
139,1,0.309945,-0.186619,1.76208,-0.057013,0.453919,1.83506
140,1,0.311626,-0.188511,1.75846,-0.057013,0.453919,1.83506
141,1,0.310874,-0.187904,1.75984,-0.057013,0.453919,1.83506
142,1,0.310981,-0.187792,1.76086,-0.057013,0.453919,1.83506
143,1,0.310401,-0.187044,1.76359,-0.057013,0.453919,1.83506
144,1,0.311583,-0.187568,1.76042,-0.057013,0.453919,1.83506
145,1,0.310161,-0.187096,1.76335,-0.057013,0.453919,1.83506
146,1,0.310694,-0.189037,1.76047,-0.057013,0.453919,1.83506
147,1,0.310976,-0.189275,1.76076,-0.057013,0.453919,1.83506
148,1,0.309718,-0.187408,1.76215,-0.057013,0.453919,1.83506
149,1,0.308692,-0.187831,1.75967,-0.057013,0.453919,1.83506
150,1,0.309884,-0.18753,1.75862,-0.057013,0.453919,1.83506
151,1,0.310431,-0.186686,1.75894,-0.057013,0.453919,1.83506
152,1,0.30718,-0.180119,1.75794,-0.057013,0.453919,1.83506
153,1,0.30513,-0.170722,1.75719,-0.057013,0.453919,1.83506
154,1,0.306666,-0.163881,1.75459,-0.057013,0.453919,1.83506
155,1,0.304237,-0.153922,1.75326,-0.057013,0.453919,1.83506
156,1,0.305275,-0.145678,1.75072,-0.057013,0.453919,1.83506
157,1,0.302905,-0.132285,1.74554,-0.057013,0.453919,1.83506
158,1,0.302556,-0.123022,1.74007,-0.057013,0.453919,1.83506
159,1,0.306972,-0.114535,1.73178,-0.057013,0.453919,1.83506
160,1,0.305317,-0.102052,1.72521,-0.057013,0.453919,1.83506
161,1,0.306821,-0.0892138,1.71386,-0.057013,0.453919,1.83506
162,1,0.309686,-0.0784922,1.70441,-0.057013,0.453919,1.83506
163,1,0.312395,-0.0631035,1.69086,-0.057013,0.453919,1.83506
164,1,0.319339,-0.0498957,1.6786,-0.057013,0.453919,1.83506
165,1,0.325006,-0.042918,1.66012,-0.057013,0.453919,1.83506
166,1,0.330237,-0.0275855,1.64358,-0.057013,0.453919,1.83506
167,1,0.339766,-0.0169114,1.63091,-0.057013,0.453919,1.83506
168,1,0.351071,-0.00886794,1.60728,-0.057013,0.453919,1.83506
169,1,0.356833,0.00119767,1.58937,-0.057013,0.453919,1.83506
170,1,0.366897,0.0105316,1.57039,-0.057013,0.453919,1.83506
171,1,0.379313,0.0177169,1.5503,-0.057013,0.453919,1.83506
172,1,0.392197,0.0224388,1.52708,-0.057013,0.453919,1.83506
173,1,0.401008,0.0262462,1.50604,-0.057013,0.453919,1.83506
174,1,0.411052,0.0316339,1.48358,-0.057013,0.453919,1.83506
175,1,0.420157,0.0333567,1.46284,-0.057013,0.453919,1.83506
176,1,0.429105,0.0350293,1.44339,-0.057013,0.453919,1.83506
177,1,0.436185,0.0356443,1.42668,-0.057013,0.453919,1.83506
178,1,0.443523,0.0334287,1.41187,-0.057013,0.453919,1.83506
179,1,0.4548,0.031334,1.39403,-0.057013,0.453919,1.83506
180,1,0.457067,0.0300063,1.3865,-0.057013,0.453919,1.83506
181,1,0.460178,0.0281654,1.3795,-0.057013,0.453919,1.83506
182,1,0.464063,0.024953,1.37447,-0.057013,0.453919,1.83506
183,1,0.467993,0.0214827,1.37147,-0.057013,0.453919,1.83506
184,1,0.472073,0.0152771,1.36675,-0.057013,0.453919,1.83506
185,1,0.474141,0.0105646,1.36452,-0.057013,0.453919,1.83506
186,1,0.475448,0.00650346,1.36377,-0.057013,0.453919,1.83506
187,1,0.476898,0.00268866,1.36206,-0.057013,0.453919,1.83506
188,1,0.479216,-0.00134519,1.35921,-0.057013,0.453919,1.83506
189,1,0.479412,-0.00452916,1.35857,-0.057013,0.453919,1.83506
190,1,0.482016,-0.00731989,1.35576,-0.057013,0.453919,1.83506
191,1,0.481012,-0.00927843,1.35647,-0.057013,0.453919,1.83506
192,1,0.481421,-0.00964601,1.35627,-0.057013,0.453919,1.83506
193,1,0.482237,-0.0106164,1.35528,-0.057013,0.453919,1.83506
194,1,0.483955,-0.012652,1.35354,-0.057013,0.453919,1.83506
195,1,0.48478,-0.0115864,1.3532,-0.057013,0.453919,1.83506
196,1,0.484315,-0.0120119,1.35419,-0.057013,0.453919,1.83506
197,1,0.484808,-0.00971748,1.35555,-0.057013,0.453919,1.83506
198,1,0.485308,-0.0104642,1.35497,-0.057013,0.453919,1.83506
199,1,0.484895,-0.00904278,1.35621,-0.057013,0.453919,1.83506
200,1,0.484246,-0.0120915,1.35736,-0.057013,0.453919,1.83506
201,1,0.48395,-0.0146472,1.35785,-0.057013,0.453919,1.83506
202,1,0.483882,-0.0149548,1.3578,-0.057013,0.453919,1.83506
203,1,0.483989,-0.015554,1.35759,-0.057013,0.453919,1.83506
204,1,0.483736,-0.0152066,1.3573,-0.057013,0.453919,1.83506
205,1,0.482462,-0.01595,1.35777,-0.057013,0.453919,1.83506
206,1,0.481472,-0.0162071,1.35684,-0.057013,0.453919,1.83506
207,1,0.480674,-0.01621,1.3564,-0.057013,0.453919,1.83506
208,1,0.480147,-0.0167912,1.35653,-0.057013,0.453919,1.83506
209,1,0.480288,-0.0167355,1.35664,-0.057013,0.453919,1.83506
210,1,0.481985,-0.0174748,1.35571,-0.057013,0.453919,1.83506
211,1,0.480934,-0.0167376,1.35619,-0.057013,0.453919,1.83506
212,1,0.480648,-0.0156554,1.35632,-0.057013,0.453919,1.83506
213,1,0.483279,-0.0150392,1.35334,-0.057013,0.453919,1.83506
214,1,0.481152,-0.0143919,1.35683,-0.057013,0.453919,1.83506
215,1,0.48181,-0.0154898,1.3571,-0.057013,0.453919,1.83506
216,1,0.483316,-0.0167507,1.35486,-0.057013,0.453919,1.83506
217,1,0.482172,-0.0154267,1.35682,-0.057013,0.453919,1.83506
218,1,0.482226,-0.015442,1.3577,-0.057013,0.453919,1.83506
219,1,0.482465,-0.0161143,1.35667,-0.057013,0.453919,1.83506
220,1,0.482343,-0.0157039,1.35655,-0.057013,0.453919,1.83506
221,1,0.482169,-0.0151937,1.35723,-0.057013,0.453919,1.83506
222,1,0.482474,-0.0160181,1.35723,-0.057013,0.453919,1.83506
223,1,0.483069,-0.0155782,1.3571,-0.057013,0.453919,1.83506
224,1,0.482908,-0.0150522,1.35693,-0.057013,0.453919,1.83506
225,1,0.482215,-0.0154677,1.3573,-0.057013,0.453919,1.83506
226,1,0.482969,-0.015151,1.35751,-0.057013,0.453919,1.83506
227,1,0.482768,-0.0154425,1.35719,-0.057013,0.453919,1.83506
228,1,0.483256,-0.0150864,1.35572,-0.057013,0.453919,1.83506
229,1,0.483387,-0.0150618,1.35704,-0.057013,0.453919,1.83506
230,1,0.4839,-0.0150237,1.35704,-0.057013,0.453919,1.83506
231,1,0.483459,-0.0152677,1.35747,-0.057013,0.453919,1.83506
232,1,0.483179,-0.0139529,1.35681,-0.057013,0.453919,1.83506
233,1,0.483491,-0.0157101,1.35693,-0.057013,0.453919,1.83506
234,1,0.484088,-0.0148579,1.35694,-0.057013,0.453919,1.83506
235,1,0.483746,-0.0146806,1.3569,-0.057013,0.453919,1.83506
236,1,0.483319,-0.0150362,1.35731,-0.057013,0.453919,1.83506
237,1,0.484769,-0.0155798,1.35627,-0.057013,0.453919,1.83506
238,1,0.483692,-0.0154161,1.3575,-0.057013,0.453919,1.83506
239,1,0.482876,-0.015307,1.35684,-0.057013,0.453919,1.83506
240,1,0.483297,-0.0153771,1.3571,-0.057013,0.453919,1.83506
241,1,0.483251,-0.015359,1.35707,-0.057013,0.453919,1.83506
242,1,0.484759,-0.0157831,1.36161,-0.057013,0.453919,1.83506
243,1,0.484619,-0.0155296,1.36155,-0.057013,0.453919,1.83506
244,1,0.484498,-0.0150661,1.3615,-0.057013,0.453919,1.83506
245,1,0.484642,-0.0157753,1.3622,-0.057013,0.453919,1.83506
246,1,0.485308,-0.0148065,1.36192,-0.057013,0.453919,1.83506
247,1,0.485117,-0.0156993,1.36168,-0.057013,0.453919,1.83506
248,1,0.484726,-0.0158876,1.36206,-0.057013,0.453919,1.83506
249,1,0.485064,-0.0160129,1.36165,-0.057013,0.453919,1.83506
250,1,0.485405,-0.0153261,1.3623,-0.057013,0.453919,1.83506
251,1,0.4852,-0.0151401,1.36187,-0.057013,0.453919,1.83506
252,1,0.485063,-0.0156275,1.36223,-0.057013,0.453919,1.83506
253,1,0.485105,-0.0150722,1.36201,-0.057013,0.453919,1.83506
254,1,0.484819,-0.0153935,1.36221,-0.057013,0.453919,1.83506
255,1,0.484944,-0.0154343,1.36168,-0.057013,0.453919,1.83506
256,1,0.48451,-0.0152972,1.36129,-0.057013,0.453919,1.83506
257,1,0.485827,-0.015926,1.36068,-0.057013,0.453919,1.83506
258,1,0.485968,-0.0162657,1.35979,-0.057013,0.453919,1.83506
259,1,0.484717,-0.0155776,1.36128,-0.057013,0.453919,1.83506
260,1,0.485011,-0.0153686,1.36181,-0.057013,0.453919,1.83506
261,1,0.484975,-0.015801,1.36179,-0.057013,0.453919,1.83506
262,1,0.484981,-0.0156436,1.36194,-0.057013,0.453919,1.83506
263,1,0.486171,-0.0160117,1.35999,-0.057013,0.453919,1.83506
264,1,0.484992,-0.0155445,1.36237,-0.057013,0.453919,1.83506
265,1,0.484495,-0.0162607,1.36212,-0.057013,0.453919,1.83506
266,1,0.48482,-0.0160587,1.36183,-0.057013,0.453919,1.83506
267,1,0.484553,-0.0160387,1.3618,-0.057013,0.453919,1.83506
268,1,0.484556,-0.0167135,1.36169,-0.057013,0.453919,1.83506
269,1,0.484743,-0.0157173,1.36206,-0.057013,0.453919,1.83506
270,1,0.484935,-0.0156424,1.36249,-0.057013,0.453919,1.83506
271,1,0.484736,-0.015449,1.36213,-0.057013,0.453919,1.83506
272,1,0.484636,-0.0162681,1.36211,-0.057013,0.453919,1.83506
273,1,0.484542,-0.0158379,1.36217,-0.057013,0.453919,1.83506
274,1,0.484619,-0.0159959,1.36162,-0.057013,0.453919,1.83506
275,1,0.48476,-0.0149211,1.36203,-0.057013,0.453919,1.83506
276,1,0.484756,-0.0158118,1.36231,-0.057013,0.453919,1.83506
277,1,0.484614,-0.0158374,1.36248,-0.057013,0.453919,1.83506
278,1,0.484873,-0.0155747,1.36256,-0.057013,0.453919,1.83506
279,1,0.486681,-0.0169074,1.36044,-0.057013,0.453919,1.83506
280,1,0.484454,-0.0156495,1.36181,-0.057013,0.453919,1.83506
281,1,0.484446,-0.0155882,1.36206,-0.057013,0.453919,1.83506
282,1,0.484952,-0.0158657,1.36222,-0.057013,0.453919,1.83506
283,1,0.484684,-0.0157311,1.3618,-0.057013,0.453919,1.83506
284,1,0.484831,-0.0158472,1.36248,-0.057013,0.453919,1.83506
285,1,0.484725,-0.0159335,1.36241,-0.057013,0.453919,1.83506
286,1,0.484864,-0.0154777,1.36236,-0.057013,0.453919,1.83506
287,1,0.483359,-0.0138192,1.36158,-0.057013,0.453919,1.83506
288,1,0.482339,-0.0109902,1.36373,-0.057013,0.453919,1.83506
289,1,0.48172,-0.00612444,1.36164,-0.057013,0.453919,1.83506
290,1,0.480014,-0.000297493,1.36108,-0.057013,0.453919,1.83506
291,1,0.475332,0.00426853,1.36333,-0.057013,0.453919,1.83506
292,1,0.471732,0.0116363,1.36385,-0.057013,0.453919,1.83506
293,1,0.465024,0.0214244,1.36753,-0.057013,0.453919,1.83506
294,1,0.457924,0.0291086,1.3697,-0.057013,0.453919,1.83506
295,1,0.453011,0.0353923,1.37115,-0.057013,0.453919,1.83506
296,1,0.438809,0.0480545,1.37889,-0.057013,0.453919,1.83506
297,1,0.427521,0.0565179,1.383,-0.057013,0.453919,1.83506
298,1,0.413332,0.0695502,1.38942,-0.057013,0.453919,1.83506
299,1,0.398298,0.0779885,1.39719,-0.057013,0.453919,1.83506
300,1,0.381236,0.0881881,1.40509,-0.057013,0.453919,1.83506
301,1,0.364003,0.0973272,1.41257,-0.057013,0.453919,1.83506
302,1,0.346328,0.107878,1.42336,-0.057013,0.453919,1.83506
303,1,0.3274,0.116622,1.43812,-0.057013,0.453919,1.83506
304,1,0.30867,0.124446,1.45177,-0.057013,0.453919,1.83506
305,1,0.288213,0.132601,1.46742,-0.057013,0.453919,1.83506
306,1,0.26797,0.140478,1.48082,-0.057013,0.453919,1.83506
307,1,0.247141,0.148458,1.49434,-0.057013,0.453919,1.83506
308,1,0.226483,0.157879,1.5092,-0.057013,0.453919,1.83506
309,1,0.206913,0.164246,1.52775,-0.057013,0.453919,1.83506
310,1,0.187587,0.173984,1.54209,-0.057013,0.453919,1.83506
311,1,0.168007,0.182842,1.5596,-0.057013,0.453919,1.83506
312,1,0.150235,0.192336,1.57448,-0.057013,0.453919,1.83506
313,1,0.131933,0.201626,1.58735,-0.057013,0.453919,1.83506
314,1,0.116479,0.20926,1.60014,-0.057013,0.453919,1.83506
315,1,0.103052,0.21569,1.61072,-0.057013,0.453919,1.83506
316,1,0.0886777,0.224567,1.62437,-0.057013,0.453919,1.83506
317,1,0.0676765,0.241138,1.63955,-0.057013,0.453919,1.83506
318,1,0.0605804,0.248842,1.65059,-0.057013,0.453919,1.83506
319,1,0.0491082,0.259242,1.6651,-0.057013,0.453919,1.83506
320,1,0.0368454,0.261472,1.67601,-0.057013,0.453919,1.83506
321,1,0.0259783,0.275168,1.68986,-0.057013,0.453919,1.83506
322,1,0.0199146,0.274688,1.69871,-0.057013,0.453919,1.83506
323,1,0.0122569,0.284249,1.70644,-0.057013,0.453919,1.83506
324,1,0.00737381,0.295602,1.71551,-0.057013,0.453919,1.83506
325,1,0.000534125,0.303007,1.72399,-0.057013,0.453919,1.83506
326,1,-0.011643,0.311063,1.73232,-0.057013,0.453919,1.83506
327,1,-0.0158109,0.317751,1.74113,-0.057013,0.453919,1.83506
328,1,-0.0188161,0.318321,1.74744,-0.057013,0.453919,1.83506
329,1,-0.0242612,0.328554,1.75484,-0.057013,0.453919,1.83506
330,1,-0.0279126,0.326088,1.75872,-0.057013,0.453919,1.83506
331,1,-0.0312825,0.33016,1.76242,-0.057013,0.453919,1.83506
332,1,-0.0342902,0.332714,1.76753,-0.057013,0.453919,1.83506
333,1,-0.0367227,0.336702,1.77137,-0.057013,0.453919,1.83506
334,1,-0.0379824,0.339757,1.77332,-0.057013,0.453919,1.83506
335,1,-0.0383173,0.340672,1.77535,-0.057013,0.453919,1.83506
336,1,-0.0407049,0.343956,1.77836,-0.057013,0.453919,1.83506
337,1,-0.0414715,0.348328,1.78215,-0.057013,0.453919,1.83506
338,1,-0.0425688,0.351921,1.78436,-0.057013,0.453919,1.83506
339,1,-0.0449479,0.352461,1.78467,-0.057013,0.453919,1.83506
340,1,-0.0434709,0.352927,1.78456,-0.057013,0.453919,1.83506
341,1,-0.0443491,0.355833,1.78614,-0.057013,0.453919,1.83506
342,1,-0.0472897,0.361943,1.79145,-0.057013,0.453919,1.83506
343,1,-0.0474021,0.361092,1.78889,-0.057013,0.453919,1.83506
344,1,-0.0475563,0.362197,1.7877,-0.057013,0.453919,1.83506
345,1,-0.0484548,0.366578,1.79062,-0.057013,0.453919,1.83506
346,1,-0.049454,0.369595,1.7923,-0.057013,0.453919,1.83506
347,1,-0.0482572,0.367665,1.78851,-0.057013,0.453919,1.83506
348,1,-0.0478282,0.369698,1.78809,-0.057013,0.453919,1.83506
349,1,-0.0481362,0.370696,1.78691,-0.057013,0.453919,1.83506
350,1,-0.0482936,0.370301,1.78504,-0.057013,0.453919,1.83506
351,1,-0.0486292,0.373408,1.784,-0.057013,0.453919,1.83506
352,1,-0.0492897,0.376505,1.78549,-0.057013,0.453919,1.83506
353,1,-0.0502823,0.379449,1.78575,-0.057013,0.453919,1.83506
354,1,-0.0502387,0.380614,1.78465,-0.057013,0.453919,1.83506
355,1,-0.0506342,0.381763,1.78237,-0.057013,0.453919,1.83506
356,1,-0.0506663,0.383673,1.78137,-0.057013,0.453919,1.83506
357,1,-0.0485452,0.380135,1.77669,-0.057013,0.453919,1.83506
358,1,-0.0498824,0.381292,1.77717,-0.057013,0.453919,1.83506
359,1,-0.0478659,0.384768,1.77867,-0.057013,0.453919,1.83506
360,1,-0.0489966,0.381925,1.77471,-0.057013,0.453919,1.83506
361,1,-0.0492613,0.385983,1.77779,-0.057013,0.453919,1.83506
362,1,-0.0489783,0.387249,1.77904,-0.057013,0.453919,1.83506
363,1,-0.0462311,0.384546,1.77508,-0.057013,0.453919,1.83506
364,1,-0.0475105,0.387763,1.77846,-0.057013,0.453919,1.83506
365,1,-0.0465702,0.388303,1.77676,-0.057013,0.453919,1.83506
366,1,-0.0464928,0.389386,1.77792,-0.057013,0.453919,1.83506
367,1,-0.0464129,0.392449,1.78112,-0.057013,0.453919,1.83506
368,1,-0.04695,0.393029,1.77973,-0.057013,0.453919,1.83506
369,1,-0.0465911,0.393842,1.78103,-0.057013,0.453919,1.83506
370,1,-0.0463861,0.392433,1.77684,-0.057013,0.453919,1.83506
371,1,-0.0452472,0.392901,1.77704,-0.057013,0.453919,1.83506
372,1,-0.0440739,0.384322,1.7674,-0.057013,0.453919,1.83506
373,1,-0.0438748,0.389062,1.77036,-0.057013,0.453919,1.83506
374,1,-0.0445523,0.394478,1.775,-0.057013,0.453919,1.83506
375,1,-0.0453119,0.394878,1.77369,-0.057013,0.453919,1.83506
376,1,-0.0432315,0.398338,1.77674,-0.057013,0.453919,1.83506
377,1,-0.0447581,0.398477,1.77585,-0.057013,0.453919,1.83506
378,1,-0.0448075,0.396994,1.77384,-0.057013,0.453919,1.83506
379,1,-0.0453381,0.399855,1.77572,-0.057013,0.453919,1.83506
380,1,-0.0451632,0.398848,1.77359,-0.057013,0.453919,1.83506
381,1,-0.0447035,0.400798,1.77425,-0.057013,0.453919,1.83506
382,1,-0.042852,0.397178,1.76602,-0.057013,0.453919,1.83506
383,1,-0.0435418,0.398924,1.76719,-0.057013,0.453919,1.83506
384,1,-0.0435118,0.398624,1.7658,-0.057013,0.453919,1.83506
385,1,-0.0432461,0.400745,1.76791,-0.057013,0.453919,1.83506
386,1,-0.0451407,0.399777,1.76574,-0.057013,0.453919,1.83506
387,1,-0.0437897,0.400636,1.76415,-0.057013,0.453919,1.83506
388,1,-0.046314,0.400297,1.76739,-0.057013,0.453919,1.83506
389,1,-0.0471719,0.404089,1.771,-0.057013,0.453919,1.83506
390,1,-0.046459,0.399848,1.76876,-0.057013,0.453919,1.83506
391,1,-0.0485572,0.405454,1.77424,-0.057013,0.453919,1.83506
392,1,-0.0444462,0.402672,1.77079,-0.057013,0.453919,1.83506
393,1,-0.0468887,0.403974,1.76702,-0.057013,0.453919,1.83506
394,1,-0.0459467,0.40605,1.76727,-0.057013,0.453919,1.83506
395,1,-0.0485025,0.405827,1.76749,-0.057013,0.453919,1.83506
396,1,-0.0471794,0.4069,1.76604,-0.057013,0.453919,1.83506
397,1,-0.0496857,0.405273,1.7684,-0.057013,0.453919,1.83506
398,1,-0.0495046,0.406423,1.76661,-0.057013,0.453919,1.83506
399,1,-0.0496293,0.406321,1.76504,-0.057013,0.453919,1.83506
400,1,-0.047717,0.407976,1.76531,-0.057013,0.453919,1.83506
401,1,-0.0493361,0.406946,1.76836,-0.057013,0.453919,1.83506
402,1,-0.0483023,0.408876,1.77042,-0.057013,0.453919,1.83506
403,1,-0.0472497,0.407034,1.76604,-0.057013,0.453919,1.83506
404,1,-0.0449928,0.406496,1.76519,-0.057013,0.453919,1.83506
405,1,-0.0460731,0.411157,1.77091,-0.057013,0.453919,1.83506
406,1,-0.0466051,0.411276,1.77176,-0.057013,0.453919,1.83506
407,1,-0.0476673,0.412988,1.7744,-0.057013,0.453919,1.83506
408,1,-0.0456297,0.410669,1.76925,-0.057013,0.453919,1.83506
409,1,-0.0447625,0.411284,1.77047,-0.057013,0.453919,1.83506
410,1,-0.0457972,0.413057,1.77426,-0.057013,0.453919,1.83506
411,1,-0.044432,0.41353,1.77224,-0.057013,0.453919,1.83506
412,1,-0.0425474,0.413395,1.76766,-0.057013,0.453919,1.83506
413,1,-0.0424657,0.417354,1.77269,-0.057013,0.453919,1.83506
414,1,-0.0429174,0.416484,1.77363,-0.057013,0.453919,1.83506
415,1,-0.0409307,0.415962,1.77028,-0.057013,0.453919,1.83506
416,1,-0.042094,0.41427,1.76954,-0.057013,0.453919,1.83506
417,1,-0.0400991,0.415079,1.77015,-0.057013,0.453919,1.83506
418,1,-0.0391493,0.414958,1.7696,-0.057013,0.453919,1.83506
419,1,-0.041401,0.413791,1.76663,-0.057013,0.453919,1.83506
420,1,-0.0393234,0.41322,1.76792,-0.057013,0.453919,1.83506
421,1,-0.0416753,0.416234,1.77118,-0.057013,0.453919,1.83506
422,1,-0.0387958,0.415341,1.76966,-0.057013,0.453919,1.83506
423,1,-0.0403609,0.414856,1.76886,-0.057013,0.453919,1.83506
424,1,-0.0423291,0.414575,1.77043,-0.057013,0.453919,1.83506
425,1,-0.0385724,0.412363,1.76688,-0.057013,0.453919,1.83506
426,1,-0.041177,0.41245,1.76968,-0.057013,0.453919,1.83506
427,1,-0.0417572,0.415048,1.77214,-0.057013,0.453919,1.83506
428,1,-0.0419163,0.412831,1.76853,-0.057013,0.453919,1.83506
429,1,-0.0422226,0.41208,1.76939,-0.057013,0.453919,1.83506
430,1,-0.0394347,0.413088,1.76264,-0.057013,0.453919,1.83506
431,1,-0.0413441,0.415062,1.77115,-0.057013,0.453919,1.83506
432,1,-0.039971,0.411839,1.76649,-0.057013,0.453919,1.83506
433,1,-0.0414455,0.414273,1.77191,-0.057013,0.453919,1.83506
434,1,-0.039115,0.414948,1.76896,-0.057013,0.453919,1.83506
435,1,-0.0412497,0.411181,1.77027,-0.057013,0.453919,1.83506
436,1,-0.0399425,0.404426,1.76476,-0.057013,0.453919,1.83506
437,1,-0.0392208,0.40834,1.77397,-0.057013,0.453919,1.83506
438,1,-0.0402405,0.403083,1.77597,-0.057013,0.453919,1.83506
439,1,-0.0418019,0.399129,1.77769,-0.057013,0.453919,1.83506
440,1,-0.0426968,0.394174,1.77694,-0.057013,0.453919,1.83506
441,1,-0.0426896,0.387346,1.77464,-0.057013,0.453919,1.83506
442,1,-0.0408695,0.379948,1.77415,-0.057013,0.453919,1.83506
443,1,-0.0373612,0.368279,1.76664,-0.057013,0.453919,1.83506
444,1,-0.0404873,0.364189,1.77056,-0.057013,0.453919,1.83506
445,1,-0.0395567,0.350827,1.76288,-0.057013,0.453919,1.83506
446,1,-0.0363614,0.335756,1.75505,-0.057013,0.453919,1.83506
447,1,-0.0374407,0.325161,1.74793,-0.057013,0.453919,1.83506
448,1,-0.0365883,0.29443,1.73638,-0.057013,0.453919,1.83506
449,1,-0.0374264,0.269918,1.73189,-0.057013,0.453919,1.83506
450,1,-0.034333,0.234585,1.72729,-0.057013,0.453919,1.83506
451,1,-0.0367758,0.203373,1.7257,-0.057013,0.453919,1.83506
452,1,-0.0331441,0.165806,1.72239,-0.057013,0.453919,1.83506
453,1,-0.0312303,0.121446,1.72283,-0.057013,0.453919,1.83506
454,1,-0.0285855,0.0783289,1.72379,-0.057013,0.453919,1.83506
455,1,-0.0247235,0.0472696,1.72632,-0.057013,0.453919,1.83506
456,1,-0.0202179,0.0098638,1.72726,-0.057013,0.453919,1.83506
457,1,-0.0241858,-0.0191275,1.73614,-0.057013,0.453919,1.83506
458,1,-0.0242903,-0.0469876,1.743,-0.057013,0.453919,1.83506
459,1,-0.0251552,-0.0680728,1.75167,-0.057013,0.453919,1.83506
460,1,-0.0245186,-0.0890981,1.75578,-0.057013,0.453919,1.83506
461,1,-0.0261701,-0.103237,1.76245,-0.057013,0.453919,1.83506
462,1,-0.026869,-0.117346,1.76703,-0.057013,0.453919,1.83506
463,1,-0.0273303,-0.130097,1.76926,-0.057013,0.453919,1.83506
464,1,-0.0290237,-0.139572,1.77047,-0.057013,0.453919,1.83506
465,1,-0.0287484,-0.148878,1.77334,-0.057013,0.453919,1.83506
466,1,-0.0291013,-0.155254,1.77473,-0.057013,0.453919,1.83506
467,1,-0.0294433,-0.160272,1.77589,-0.057013,0.453919,1.83506
468,1,-0.0301015,-0.164624,1.7789,-0.057013,0.453919,1.83506
469,1,-0.0314525,-0.166968,1.78031,-0.057013,0.453919,1.83506
470,1,-0.0298565,-0.174694,1.78162,-0.057013,0.453919,1.83506
471,1,-0.0300925,-0.175579,1.78453,-0.057013,0.453919,1.83506
472,1,-0.0298532,-0.178971,1.78389,-0.057013,0.453919,1.83506
473,1,-0.0300224,-0.1806,1.78772,-0.057013,0.453919,1.83506
474,1,-0.029482,-0.183037,1.78876,-0.057013,0.453919,1.83506
475,1,-0.0291004,-0.184021,1.78789,-0.057013,0.453919,1.83506
476,1,-0.0292228,-0.185572,1.78956,-0.057013,0.453919,1.83506
477,1,-0.0282238,-0.185617,1.78864,-0.057013,0.453919,1.83506
478,1,-0.0295536,-0.185465,1.78876,-0.057013,0.453919,1.83506
479,1,-0.0307799,-0.185404,1.7886,-0.057013,0.453919,1.83506
480,1,-0.0309917,-0.185058,1.78779,-0.057013,0.453919,1.83506
481,1,-0.0318795,-0.185323,1.78775,-0.057013,0.453919,1.83506
482,1,-0.0320412,-0.186724,1.78756,-0.057013,0.453919,1.83506
483,1,-0.0318467,-0.187104,1.78719,-0.057013,0.453919,1.83506
484,1,-0.0321759,-0.186786,1.78759,-0.057013,0.453919,1.83506
485,1,-0.0324244,-0.186802,1.78851,-0.057013,0.453919,1.83506
486,1,-0.0324053,-0.186097,1.78987,-0.057013,0.453919,1.83506
487,1,-0.032106,-0.186419,1.79008,-0.057013,0.453919,1.83506
488,1,-0.0339428,-0.186205,1.79055,-0.057013,0.453919,1.83506
489,1,-0.0328582,-0.187452,1.78899,-0.057013,0.453919,1.83506
490,1,-0.0336381,-0.185549,1.78916,-0.057013,0.453919,1.83506
491,1,-0.0333343,-0.187043,1.78912,-0.057013,0.453919,1.83506
492,1,-0.0327871,-0.186345,1.78952,-0.057013,0.453919,1.83506
493,1,-0.0340567,-0.184419,1.79257,-0.057013,0.453919,1.83506
494,1,-0.0323366,-0.187602,1.7892,-0.057013,0.453919,1.83506
495,1,-0.0329439,-0.186032,1.78799,-0.057013,0.453919,1.83506
496,1,-0.0318964,-0.186112,1.78866,-0.057013,0.453919,1.83506
497,1,-0.0320623,-0.187496,1.78884,-0.057013,0.453919,1.83506
498,0,-0.0326925,-0.184568,1.79147,-0.057013,0.453919,1.83506
499,0,-0.0319528,-0.186937,1.7888,-0.057013,0.453919,1.83506
500,0,-0.0330614,-0.186347,1.78887,-0.057013,0.453919,1.83506
501,0,-0.0321735,-0.186466,1.78928,-0.057013,0.453919,1.83506
502,0,-0.0321779,-0.186296,1.78837,-0.057013,0.453919,1.83506
503,0,-0.0306669,-0.187154,1.78963,-0.057013,0.453919,1.83506
504,0,-0.0326056,-0.184378,1.79206,-0.057013,0.453919,1.83506
505,0,-0.031937,-0.187294,1.78838,-0.057013,0.453919,1.83506
506,0,-0.0315183,-0.187554,1.78876,-0.057013,0.453919,1.83506
507,0,-0.0318538,-0.187671,1.7881,-0.057013,0.453919,1.83506
508,0,-0.0328146,-0.186087,1.7881,-0.057013,0.453919,1.83506
509,0,-0.0317224,-0.187369,1.78815,-0.057013,0.453919,1.83506
510,0,-0.032519,-0.186716,1.7886,-0.057013,0.453919,1.83506
511,0,-0.031128,-0.186597,1.78919,-0.057013,0.453919,1.83506
512,0,-0.0330644,-0.18474,1.79179,-0.057013,0.453919,1.83506
513,0,-0.0315256,-0.187967,1.78881,-0.057013,0.453919,1.83506
514,0,-0.0321814,-0.186504,1.78963,-0.057013,0.453919,1.83506
515,0,-0.0316646,-0.186682,1.78824,-0.057013,0.453919,1.83506
516,0,-0.0328496,-0.186104,1.78962,-0.057013,0.453919,1.83506
517,0,-0.031805,-0.187791,1.78911,-0.057013,0.453919,1.83506
518,0,-0.0323848,-0.187153,1.78858,-0.057013,0.453919,1.83506
519,0,-0.033273,-0.184704,1.79202,-0.057013,0.453919,1.83506
520,0,-0.0319914,-0.186663,1.78918,-0.057013,0.453919,1.83506
521,0,-0.0312802,-0.186667,1.78798,-0.057013,0.453919,1.83506
522,0,-0.0317675,-0.187846,1.78945,-0.057013,0.453919,1.83506
523,0,-0.0312998,-0.187376,1.78884,-0.057013,0.453919,1.83506
524,0,-0.0320085,-0.186507,1.78876,-0.057013,0.453919,1.83506
525,0,-0.0321357,-0.186579,1.7892,-0.057013,0.453919,1.83506
526,0,-0.0311775,-0.188732,1.78648,-0.057013,0.453919,1.83506
527,0,-0.0324621,-0.187453,1.78806,-0.057013,0.453919,1.83506
528,0,-0.0323533,-0.187807,1.78845,-0.057013,0.453919,1.83506
529,0,-0.0316563,-0.186491,1.78879,-0.057013,0.453919,1.83506
530,0,-0.0316722,-0.187768,1.78794,-0.057013,0.453919,1.83506
531,0,-0.031329,-0.187649,1.78837,-0.057013,0.453919,1.83506
532,0,-0.031549,-0.187741,1.78866,-0.057013,0.453919,1.83506
533,0,-0.0318744,-0.186774,1.7884,-0.057013,0.453919,1.83506
534,0,-0.0322561,-0.187293,1.78878,-0.057013,0.453919,1.83506
535,0,-0.0316812,-0.187694,1.78888,-0.057013,0.453919,1.83506
536,0,-0.0317047,-0.186207,1.7892,-0.057013,0.453919,1.83506
537,0,-0.0315015,-0.187947,1.78867,-0.057013,0.453919,1.83506
538,0,-0.0315167,-0.187701,1.78826,-0.057013,0.453919,1.83506
539,0,-0.0309992,-0.188374,1.78896,-0.057013,0.453919,1.83506
540,0,-0.0320133,-0.187453,1.78845,-0.057013,0.453919,1.83506
541,0,-0.0315201,-0.187756,1.78793,-0.057013,0.453919,1.83506
542,0,-0.031492,-0.187469,1.78909,-0.057013,0.453919,1.83506
543,0,-0.0322183,-0.186047,1.78796,-0.057013,0.453919,1.83506
544,0,-0.0319305,-0.186254,1.78945,-0.057013,0.453919,1.83506
545,0,-0.0330599,-0.186859,1.78853,-0.057013,0.453919,1.83506
546,0,-0.0319338,-0.187735,1.78927,-0.057013,0.453919,1.83506
547,0,-0.0326558,-0.186171,1.78877,-0.057013,0.453919,1.83506
548,0,-0.0316995,-0.18797,1.78945,-0.057013,0.453919,1.83506
549,0,-0.0320368,-0.186413,1.78903,-0.057013,0.453919,1.83506
550,0,-0.0315336,-0.187397,1.78897,-0.057013,0.453919,1.83506
551,0,-0.031148,-0.186821,1.78783,-0.057013,0.453919,1.83506
552,0,-0.0320873,-0.187781,1.78832,-0.057013,0.453919,1.83506
553,0,-0.0321012,-0.187567,1.78961,-0.057013,0.453919,1.83506
554,0,-0.0325211,-0.186717,1.78951,-0.057013,0.453919,1.83506
555,0,-0.031364,-0.186751,1.78857,-0.057013,0.453919,1.83506
556,0,-0.0326992,-0.186612,1.78934,-0.057013,0.453919,1.83506
557,0,-0.0324385,-0.187276,1.78912,-0.057013,0.453919,1.83506
558,0,-0.0328324,-0.185542,1.78949,-0.057013,0.453919,1.83506
559,0,-0.0330295,-0.186735,1.78933,-0.057013,0.453919,1.83506
560,0,-0.031323,-0.186781,1.78837,-0.057013,0.453919,1.83506
561,0,-0.0324082,-0.187008,1.78943,-0.057013,0.453919,1.83506
562,0,-0.0315545,-0.186989,1.78763,-0.057013,0.453919,1.83506
563,0,-0.0305057,-0.188522,1.78846,-0.057013,0.453919,1.83506
564,0,-0.0322191,-0.186996,1.78782,-0.057013,0.453919,1.83506
565,0,-0.0327847,-0.187037,1.78804,-0.057013,0.453919,1.83506
566,0,-0.032228,-0.186924,1.78897,-0.057013,0.453919,1.83506
567,0,-0.0310389,-0.188298,1.78909,-0.057013,0.453919,1.83506
568,0,-0.0322172,-0.187544,1.78882,-0.057013,0.453919,1.83506
569,0,-0.0322574,-0.186944,1.78801,-0.057013,0.453919,1.83506
570,0,-0.0311722,-0.18742,1.78814,-0.057013,0.453919,1.83506
571,0,-0.0311017,-0.186898,1.78908,-0.057013,0.453919,1.83506
572,0,-0.0316077,-0.187101,1.78815,-0.057013,0.453919,1.83506
573,0,-0.0315163,-0.186992,1.78798,-0.057013,0.453919,1.83506
574,0,-0.0323867,-0.187881,1.78798,-0.057013,0.453919,1.83506
575,0,-0.0312827,-0.188746,1.78721,-0.057013,0.453919,1.83506
576,0,-0.0321331,-0.187444,1.78904,-0.057013,0.453919,1.83506
577,0,-0.0316466,-0.187479,1.7887,-0.057013,0.453919,1.83506
578,0,-0.03158,-0.187575,1.78752,-0.057013,0.453919,1.83506
579,0,-0.0312322,-0.187869,1.78812,-0.057013,0.453919,1.83506
580,0,-0.0320611,-0.187506,1.78819,-0.057013,0.453919,1.83506
581,0,-0.0319336,-0.186,1.78851,-0.057013,0.453919,1.83506
582,0,-0.0319482,-0.187177,1.7895,-0.057013,0.453919,1.83506
583,0,-0.0316879,-0.186985,1.7891,-0.057013,0.453919,1.83506
584,0,-0.0318138,-0.187354,1.78876,-0.057013,0.453919,1.83506
585,0,-0.0315252,-0.187504,1.78835,-0.057013,0.453919,1.83506
586,0,-0.032245,-0.187057,1.78951,-0.057013,0.453919,1.83506
587,0,-0.0311744,-0.187016,1.78896,-0.057013,0.453919,1.83506
588,1,-0.0315365,-0.184921,1.79074,-0.057013,0.453919,1.83506
589,1,-0.0318628,-0.187561,1.78802,-0.057013,0.453919,1.83506
590,1,-0.0320506,-0.186886,1.78872,-0.057013,0.453919,1.83506
591,1,-0.0306353,-0.188353,1.78883,-0.057013,0.453919,1.83506
592,1,-0.0312133,-0.187986,1.78822,-0.057013,0.453919,1.83506
593,1,-0.0324289,-0.18569,1.7893,-0.057013,0.453919,1.83506
594,1,-0.0328112,-0.183678,1.79315,-0.057013,0.453919,1.83506
595,1,-0.032788,-0.185834,1.78897,-0.057013,0.453919,1.83506
596,1,-0.0324217,-0.186983,1.7885,-0.057013,0.453919,1.83506
597,1,-0.034161,-0.184737,1.793,-0.057013,0.453919,1.83506
598,1,-0.0332979,-0.187068,1.78917,-0.057013,0.453919,1.83506
599,1,-0.0347028,-0.185494,1.7896,-0.057013,0.453919,1.83506
600,1,-0.033343,-0.186707,1.78903,-0.057013,0.453919,1.83506
601,1,-0.0340689,-0.184544,1.78966,-0.057013,0.453919,1.83506
602,1,-0.0339248,-0.185902,1.78905,-0.057013,0.453919,1.83506
603,1,-0.0347074,-0.186356,1.78948,-0.057013,0.453919,1.83506
604,1,-0.035419,-0.184997,1.79092,-0.057013,0.453919,1.83506
605,1,-0.0352311,-0.184584,1.79289,-0.057013,0.453919,1.83506
606,1,-0.0342881,-0.187303,1.78944,-0.057013,0.453919,1.83506
607,1,-0.0346846,-0.185677,1.78941,-0.057013,0.453919,1.83506
608,1,-0.034378,-0.184391,1.78872,-0.057013,0.453919,1.83506
609,1,-0.0342455,-0.186374,1.78869,-0.057013,0.453919,1.83506
610,1,-0.0344326,-0.184628,1.78861,-0.057013,0.453919,1.83506
611,1,-0.0338418,-0.187573,1.78939,-0.057013,0.453919,1.83506
612,1,-0.0333117,-0.186736,1.78963,-0.057013,0.453919,1.83506
613,1,-0.0332012,-0.185106,1.78865,-0.057013,0.453919,1.83506
614,1,-0.0324438,-0.187495,1.78784,-0.057013,0.453919,1.83506
615,1,-0.0338701,-0.186448,1.78828,-0.057013,0.453919,1.83506
616,1,-0.0332188,-0.186405,1.78907,-0.057013,0.453919,1.83506
617,1,-0.034627,-0.183522,1.79404,-0.057013,0.453919,1.83506
618,1,-0.0336573,-0.186381,1.78893,-0.057013,0.453919,1.83506
619,1,-0.0326781,-0.184923,1.78975,-0.057013,0.453919,1.83506
620,1,-0.0336589,-0.186015,1.78884,-0.057013,0.453919,1.83506
621,1,-0.0344474,-0.184856,1.78725,-0.057013,0.453919,1.83506
622,1,-0.0350987,-0.182402,1.78569,-0.057013,0.453919,1.83506
623,1,-0.0342624,-0.177423,1.78266,-0.057013,0.453919,1.83506
624,1,-0.0344206,-0.174154,1.77971,-0.057013,0.453919,1.83506
625,1,-0.0370283,-0.167453,1.77723,-0.057013,0.453919,1.83506
626,1,-0.036977,-0.16322,1.77482,-0.057013,0.453919,1.83506
627,1,-0.0347432,-0.159002,1.77021,-0.057013,0.453919,1.83506
628,1,-0.0358592,-0.151713,1.77006,-0.057013,0.453919,1.83506
629,1,-0.0374385,-0.140428,1.76671,-0.057013,0.453919,1.83506
630,1,-0.035167,-0.131092,1.76199,-0.057013,0.453919,1.83506
631,1,-0.035675,-0.115812,1.76165,-0.057013,0.453919,1.83506
632,1,-0.0352909,-0.100565,1.75571,-0.057013,0.453919,1.83506
633,1,-0.0354736,-0.0828309,1.75268,-0.057013,0.453919,1.83506
634,1,-0.0344655,-0.0614081,1.74855,-0.057013,0.453919,1.83506
635,1,-0.035461,-0.0405446,1.7438,-0.057013,0.453919,1.83506
636,1,-0.0330492,-0.0173626,1.73823,-0.057013,0.453919,1.83506
637,1,-0.0324258,0.00581825,1.72983,-0.057013,0.453919,1.83506
638,1,-0.0331303,0.0301469,1.72628,-0.057013,0.453919,1.83506
639,1,-0.0327562,0.055901,1.72295,-0.057013,0.453919,1.83506
640,1,-0.034981,0.0771794,1.72194,-0.057013,0.453919,1.83506
641,1,-0.0347654,0.108362,1.71791,-0.057013,0.453919,1.83506
642,1,-0.0360226,0.134138,1.71841,-0.057013,0.453919,1.83506
643,1,-0.0370021,0.160539,1.71791,-0.057013,0.453919,1.83506
644,1,-0.0410729,0.182526,1.71892,-0.057013,0.453919,1.83506
645,1,-0.0416163,0.210168,1.72,-0.057013,0.453919,1.83506
646,1,-0.0417124,0.226346,1.72085,-0.057013,0.453919,1.83506
647,1,-0.0406927,0.239027,1.72054,-0.057013,0.453919,1.83506
648,1,-0.0385148,0.252792,1.71977,-0.057013,0.453919,1.83506
649,1,-0.0396724,0.268822,1.72207,-0.057013,0.453919,1.83506
650,1,-0.0386526,0.279434,1.72414,-0.057013,0.453919,1.83506
651,1,-0.0391159,0.290371,1.72551,-0.057013,0.453919,1.83506
652,1,-0.0409263,0.307426,1.73075,-0.057013,0.453919,1.83506
653,1,-0.0401146,0.317594,1.73351,-0.057013,0.453919,1.83506
654,1,-0.0404507,0.319518,1.73654,-0.057013,0.453919,1.83506
655,1,-0.0404294,0.327127,1.7399,-0.057013,0.453919,1.83506
656,1,-0.0409119,0.335613,1.74465,-0.057013,0.453919,1.83506
657,1,-0.0388952,0.339279,1.74649,-0.057013,0.453919,1.83506
658,1,-0.0401196,0.346589,1.74758,-0.057013,0.453919,1.83506
659,1,-0.0420912,0.350834,1.74859,-0.057013,0.453919,1.83506
660,1,-0.0411012,0.355613,1.74953,-0.057013,0.453919,1.83506
661,1,-0.0418656,0.360676,1.75427,-0.057013,0.453919,1.83506
662,1,-0.0407319,0.363252,1.7547,-0.057013,0.453919,1.83506
663,1,-0.0417636,0.36065,1.75066,-0.057013,0.453919,1.83506
664,1,-0.0421452,0.368345,1.75808,-0.057013,0.453919,1.83506
665,1,-0.0426381,0.368587,1.75704,-0.057013,0.453919,1.83506
666,1,-0.0419866,0.369244,1.75502,-0.057013,0.453919,1.83506
667,1,-0.0426967,0.370631,1.75608,-0.057013,0.453919,1.83506
668,1,-0.0432318,0.378354,1.76373,-0.057013,0.453919,1.83506
669,1,-0.0442407,0.37884,1.76392,-0.057013,0.453919,1.83506
670,1,-0.0447263,0.383602,1.76792,-0.057013,0.453919,1.83506
671,1,-0.0453537,0.383928,1.76958,-0.057013,0.453919,1.83506
672,1,-0.0445952,0.385328,1.77038,-0.057013,0.453919,1.83506
673,1,-0.0449094,0.386003,1.76987,-0.057013,0.453919,1.83506
674,1,-0.0411258,0.376541,1.75839,-0.057013,0.453919,1.83506
675,1,-0.0441629,0.383313,1.76602,-0.057013,0.453919,1.83506
676,1,-0.0445558,0.385424,1.76607,-0.057013,0.453919,1.83506
677,1,-0.0451742,0.390056,1.77082,-0.057013,0.453919,1.83506
678,1,-0.0441682,0.390658,1.7703,-0.057013,0.453919,1.83506
679,1,-0.0446855,0.39179,1.77106,-0.057013,0.453919,1.83506
680,1,-0.0428336,0.391763,1.77171,-0.057013,0.453919,1.83506
681,1,-0.0433637,0.392627,1.7699,-0.057013,0.453919,1.83506
682,1,-0.0448743,0.393599,1.7724,-0.057013,0.453919,1.83506
683,1,-0.0422339,0.394229,1.77303,-0.057013,0.453919,1.83506
684,1,-0.0447586,0.393401,1.77274,-0.057013,0.453919,1.83506
685,1,-0.0426123,0.394988,1.77004,-0.057013,0.453919,1.83506
686,1,-0.0416863,0.390205,1.76387,-0.057013,0.453919,1.83506
687,1,-0.0423083,0.394278,1.76542,-0.057013,0.453919,1.83506
688,1,-0.0423106,0.396744,1.76853,-0.057013,0.453919,1.83506
689,1,-0.0448452,0.398237,1.76994,-0.057013,0.453919,1.83506
690,1,-0.04382,0.400238,1.77032,-0.057013,0.453919,1.83506
691,1,-0.0430724,0.402135,1.76804,-0.057013,0.453919,1.83506
692,1,-0.0428346,0.397841,1.76138,-0.057013,0.453919,1.83506
693,1,-0.0417788,0.397361,1.76129,-0.057013,0.453919,1.83506
694,1,-0.0418735,0.401661,1.76604,-0.057013,0.453919,1.83506
695,1,-0.0418381,0.400523,1.76479,-0.057013,0.453919,1.83506
696,1,-0.0438652,0.400565,1.76473,-0.057013,0.453919,1.83506
697,1,-0.0431588,0.400818,1.76498,-0.057013,0.453919,1.83506
698,1,-0.0396337,0.403291,1.76719,-0.057013,0.453919,1.83506
699,1,-0.0397503,0.401224,1.76159,-0.057013,0.453919,1.83506
700,1,-0.0402233,0.405229,1.76396,-0.057013,0.453919,1.83506
701,1,-0.03918,0.40606,1.76381,-0.057013,0.453919,1.83506
702,1,-0.0407963,0.404391,1.75962,-0.057013,0.453919,1.83506
703,1,-0.0420685,0.403371,1.75939,-0.057013,0.453919,1.83506
704,1,-0.0427424,0.405382,1.76045,-0.057013,0.453919,1.83506
705,1,-0.0428576,0.40466,1.7588,-0.057013,0.453919,1.83506
706,1,-0.0442347,0.403838,1.76218,-0.057013,0.453919,1.83506
707,1,-0.0428855,0.40724,1.7626,-0.057013,0.453919,1.83506
708,1,-0.0436833,0.40541,1.76151,-0.057013,0.453919,1.83506
709,1,-0.0435943,0.403652,1.75879,-0.057013,0.453919,1.83506
710,1,-0.043968,0.402887,1.75843,-0.057013,0.453919,1.83506
711,1,-0.0413587,0.400273,1.75921,-0.057013,0.453919,1.83506
712,1,-0.0421611,0.398797,1.75789,-0.057013,0.453919,1.83506
713,1,-0.0433667,0.40414,1.76085,-0.057013,0.453919,1.83506
714,1,-0.044314,0.404812,1.76294,-0.057013,0.453919,1.83506
715,1,-0.0467769,0.400211,1.77075,-0.057013,0.453919,1.83506
716,1,-0.045646,0.40091,1.76784,-0.057013,0.453919,1.83506
717,1,-0.0482275,0.408572,1.76868,-0.057013,0.453919,1.83506
718,1,-0.0457381,0.406599,1.76633,-0.057013,0.453919,1.83506
719,1,-0.0458566,0.40618,1.76573,-0.057013,0.453919,1.83506
720,1,-0.0448188,0.39871,1.76909,-0.057013,0.453919,1.83506
721,1,-0.0474049,0.403117,1.76381,-0.057013,0.453919,1.83506
722,1,-0.045326,0.405368,1.76533,-0.057013,0.453919,1.83506
723,1,-0.0460235,0.398075,1.76915,-0.057013,0.453919,1.83506
724,1,-0.0457837,0.401847,1.76872,-0.057013,0.453919,1.83506
725,1,-0.0460147,0.401162,1.76962,-0.057013,0.453919,1.83506
726,1,-0.0469659,0.401346,1.7693,-0.057013,0.453919,1.83506
727,1,-0.0449458,0.405557,1.76587,-0.057013,0.453919,1.83506
728,1,-0.0446968,0.400091,1.77048,-0.057013,0.453919,1.83506
729,1,-0.0447588,0.405645,1.76439,-0.057013,0.453919,1.83506
730,1,-0.0449533,0.403461,1.76907,-0.057013,0.453919,1.83506
731,1,-0.0455148,0.405029,1.76626,-0.057013,0.453919,1.83506
732,1,-0.042705,0.405586,1.76491,-0.057013,0.453919,1.83506
733,1,-0.0442086,0.407318,1.76825,-0.057013,0.453919,1.83506
734,1,-0.0484706,0.400958,1.76872,-0.057013,0.453919,1.83506
735,1,-0.0463352,0.402156,1.76847,-0.057013,0.453919,1.83506
736,1,-0.045715,0.398932,1.76929,-0.057013,0.453919,1.83506
737,1,-0.0486665,0.396793,1.77189,-0.057013,0.453919,1.83506
738,1,-0.0488987,0.39453,1.77201,-0.057013,0.453919,1.83506
739,1,-0.0521135,0.388409,1.76913,-0.057013,0.453919,1.83506
740,1,-0.0490388,0.372995,1.75913,-0.057013,0.453919,1.83506
741,1,-0.0546743,0.365083,1.75439,-0.057013,0.453919,1.83506
742,1,-0.0589502,0.354192,1.74782,-0.057013,0.453919,1.83506
743,1,-0.0661104,0.342469,1.7391,-0.057013,0.453919,1.83506
744,1,-0.0746349,0.326984,1.72753,-0.057013,0.453919,1.83506
745,1,-0.0828936,0.307208,1.71781,-0.057013,0.453919,1.83506
746,1,-0.0974847,0.291617,1.70693,-0.057013,0.453919,1.83506
747,1,-0.113059,0.269809,1.68719,-0.057013,0.453919,1.83506
748,1,-0.124833,0.241477,1.67807,-0.057013,0.453919,1.83506
749,1,-0.139172,0.210147,1.66064,-0.057013,0.453919,1.83506
750,1,-0.157621,0.180361,1.65293,-0.057013,0.453919,1.83506
751,1,-0.177763,0.150171,1.64633,-0.057013,0.453919,1.83506
752,1,-0.197117,0.118427,1.64156,-0.057013,0.453919,1.83506
753,1,-0.218087,0.0880598,1.63803,-0.057013,0.453919,1.83506
754,1,-0.237959,0.0571953,1.63784,-0.057013,0.453919,1.83506
755,1,-0.256951,0.0306463,1.63979,-0.057013,0.453919,1.83506
756,1,-0.277973,0.00464994,1.64611,-0.057013,0.453919,1.83506
757,1,-0.292382,-0.0200715,1.6549,-0.057013,0.453919,1.83506
758,1,-0.312866,-0.0448082,1.66491,-0.057013,0.453919,1.83506
759,1,-0.32668,-0.0664742,1.66794,-0.057013,0.453919,1.83506
760,1,-0.342193,-0.082845,1.6755,-0.057013,0.453919,1.83506
761,1,-0.354865,-0.0967394,1.68511,-0.057013,0.453919,1.83506
762,1,-0.36677,-0.108475,1.6892,-0.057013,0.453919,1.83506
763,1,-0.374065,-0.116073,1.69693,-0.057013,0.453919,1.83506
764,1,-0.37865,-0.119985,1.69794,-0.057013,0.453919,1.83506
765,1,-0.382983,-0.127216,1.70047,-0.057013,0.453919,1.83506
766,1,-0.384893,-0.132219,1.70156,-0.057013,0.453919,1.83506
767,1,-0.384327,-0.136719,1.69832,-0.057013,0.453919,1.83506
768,1,-0.385868,-0.141761,1.70044,-0.057013,0.453919,1.83506
769,1,-0.385351,-0.14433,1.69917,-0.057013,0.453919,1.83506
770,1,-0.385503,-0.148449,1.70117,-0.057013,0.453919,1.83506
771,1,-0.384822,-0.149744,1.70259,-0.057013,0.453919,1.83506
772,1,-0.382888,-0.153896,1.70195,-0.057013,0.453919,1.83506
773,1,-0.382903,-0.154039,1.70433,-0.057013,0.453919,1.83506
774,1,-0.382403,-0.153793,1.70492,-0.057013,0.453919,1.83506
775,1,-0.38312,-0.152827,1.70588,-0.057013,0.453919,1.83506
776,1,-0.383272,-0.152323,1.70778,-0.057013,0.453919,1.83506
777,1,-0.381875,-0.15231,1.70622,-0.057013,0.453919,1.83506
778,1,-0.383082,-0.15258,1.70885,-0.057013,0.453919,1.83506
779,1,-0.382341,-0.152827,1.70842,-0.057013,0.453919,1.83506
780,1,-0.383111,-0.152398,1.70929,-0.057013,0.453919,1.83506
781,1,-0.383234,-0.152454,1.70758,-0.057013,0.453919,1.83506
782,1,-0.383067,-0.153153,1.7094,-0.057013,0.453919,1.83506
783,1,-0.383327,-0.152525,1.70873,-0.057013,0.453919,1.83506
784,1,-0.383368,-0.152102,1.70878,-0.057013,0.453919,1.83506
785,1,-0.384,-0.152404,1.71024,-0.057013,0.453919,1.83506
786,1,-0.382854,-0.152498,1.70847,-0.057013,0.453919,1.83506
787,0,-0.382945,-0.152927,1.70872,-0.057013,0.453919,1.83506
788,0,-0.383011,-0.152684,1.70914,-0.057013,0.453919,1.83506
789,0,-0.382468,-0.152369,1.70794,-0.057013,0.453919,1.83506
790,0,-0.382802,-0.152411,1.70941,-0.057013,0.453919,1.83506
791,0,-0.382702,-0.152174,1.70795,-0.057013,0.453919,1.83506
792,0,-0.383032,-0.152705,1.70873,-0.057013,0.453919,1.83506
793,0,-0.382679,-0.152672,1.70861,-0.057013,0.453919,1.83506
794,0,-0.38339,-0.15216,1.70914,-0.057013,0.453919,1.83506
795,0,-0.383186,-0.152257,1.7095,-0.057013,0.453919,1.83506
796,0,-0.382892,-0.15196,1.70773,-0.057013,0.453919,1.83506
797,0,-0.383243,-0.152921,1.70924,-0.057013,0.453919,1.83506
798,0,-0.38278,-0.152549,1.70781,-0.057013,0.453919,1.83506
799,0,-0.382913,-0.152468,1.70851,-0.057013,0.453919,1.83506
800,0,-0.382713,-0.152511,1.70741,-0.057013,0.453919,1.83506
801,0,-0.382684,-0.152319,1.70811,-0.057013,0.453919,1.83506
802,0,-0.382587,-0.152381,1.70876,-0.057013,0.453919,1.83506
803,0,-0.382949,-0.152566,1.70904,-0.057013,0.453919,1.83506
804,0,-0.383303,-0.152019,1.70797,-0.057013,0.453919,1.83506
805,0,-0.382748,-0.151888,1.70852,-0.057013,0.453919,1.83506
806,0,-0.383283,-0.152639,1.70993,-0.057013,0.453919,1.83506
807,0,-0.383595,-0.152213,1.70876,-0.057013,0.453919,1.83506
808,0,-0.382819,-0.152714,1.70871,-0.057013,0.453919,1.83506
809,0,-0.382655,-0.152221,1.70844,-0.057013,0.453919,1.83506
810,0,-0.381867,-0.152177,1.70876,-0.057013,0.453919,1.83506
811,0,-0.38285,-0.152223,1.70818,-0.057013,0.453919,1.83506
812,0,-0.382666,-0.152319,1.70904,-0.057013,0.453919,1.83506
813,0,-0.382309,-0.152287,1.70826,-0.057013,0.453919,1.83506
814,0,-0.382883,-0.152168,1.7089,-0.057013,0.453919,1.83506
815,0,-0.382687,-0.152906,1.70815,-0.057013,0.453919,1.83506
816,0,-0.382663,-0.15194,1.70751,-0.057013,0.453919,1.83506
817,0,-0.38219,-0.152162,1.70855,-0.057013,0.453919,1.83506
818,0,-0.38273,-0.152382,1.70777,-0.057013,0.453919,1.83506
819,0,-0.382692,-0.152343,1.70783,-0.057013,0.453919,1.83506
820,0,-0.383069,-0.152424,1.7087,-0.057013,0.453919,1.83506
821,0,-0.382969,-0.152197,1.70791,-0.057013,0.453919,1.83506
822,0,-0.3833,-0.152569,1.70917,-0.057013,0.453919,1.83506
823,0,-0.382872,-0.152841,1.70931,-0.057013,0.453919,1.83506
824,0,-0.382878,-0.152244,1.70876,-0.057013,0.453919,1.83506
825,0,-0.382458,-0.152726,1.70883,-0.057013,0.453919,1.83506
826,0,-0.38286,-0.152771,1.70993,-0.057013,0.453919,1.83506
827,0,-0.383127,-0.152566,1.7102,-0.057013,0.453919,1.83506
828,0,-0.383172,-0.152743,1.70981,-0.057013,0.453919,1.83506
829,0,-0.383073,-0.152435,1.70949,-0.057013,0.453919,1.83506
830,0,-0.383163,-0.151793,1.70788,-0.057013,0.453919,1.83506
831,0,-0.382894,-0.152073,1.70785,-0.057013,0.453919,1.83506
832,0,-0.382803,-0.152448,1.70868,-0.057013,0.453919,1.83506
833,0,-0.382513,-0.152231,1.70934,-0.057013,0.453919,1.83506
834,0,-0.383645,-0.152447,1.7101,-0.057013,0.453919,1.83506
835,0,-0.38292,-0.152525,1.7088,-0.057013,0.453919,1.83506
836,0,-0.383223,-0.152343,1.70967,-0.057013,0.453919,1.83506
837,0,-0.382964,-0.152418,1.70865,-0.057013,0.453919,1.83506
838,0,-0.3828,-0.152636,1.70835,-0.057013,0.453919,1.83506
839,0,-0.382682,-0.152078,1.70805,-0.057013,0.453919,1.83506
840,0,-0.382662,-0.152257,1.70876,-0.057013,0.453919,1.83506
841,0,-0.382598,-0.152067,1.70933,-0.057013,0.453919,1.83506
842,0,-0.382498,-0.152424,1.70798,-0.057013,0.453919,1.83506
843,0,-0.383206,-0.151791,1.70734,-0.057013,0.453919,1.83506
844,0,-0.383149,-0.152351,1.70782,-0.057013,0.453919,1.83506
845,0,-0.382752,-0.152867,1.70736,-0.057013,0.453919,1.83506
846,0,-0.382571,-0.152369,1.7074,-0.057013,0.453919,1.83506
847,0,-0.383047,-0.152103,1.70742,-0.057013,0.453919,1.83506
848,0,-0.382571,-0.152699,1.70782,-0.057013,0.453919,1.83506
849,0,-0.382501,-0.152295,1.70687,-0.057013,0.453919,1.83506
850,0,-0.382308,-0.152635,1.70757,-0.057013,0.453919,1.83506
851,0,-0.382587,-0.152251,1.7077,-0.057013,0.453919,1.83506
852,0,-0.382818,-0.151946,1.70723,-0.057013,0.453919,1.83506
853,0,-0.382589,-0.152285,1.70747,-0.057013,0.453919,1.83506
854,0,-0.382771,-0.151888,1.70776,-0.057013,0.453919,1.83506
855,0,-0.382698,-0.152289,1.70733,-0.057013,0.453919,1.83506
856,0,-0.382479,-0.152262,1.70716,-0.057013,0.453919,1.83506
857,0,-0.382196,-0.152211,1.70657,-0.057013,0.453919,1.83506
858,0,-0.382721,-0.152417,1.70774,-0.057013,0.453919,1.83506
859,0,-0.38268,-0.152105,1.70818,-0.057013,0.453919,1.83506
860,0,-0.383176,-0.152119,1.70697,-0.057013,0.453919,1.83506
861,0,-0.382613,-0.152238,1.70805,-0.057013,0.453919,1.83506
862,0,-0.383068,-0.152496,1.70756,-0.057013,0.453919,1.83506
863,0,-0.383337,-0.151679,1.70878,-0.057013,0.453919,1.83506
864,0,-0.383132,-0.152088,1.70833,-0.057013,0.453919,1.83506
865,0,-0.382836,-0.15229,1.70906,-0.057013,0.453919,1.83506
866,0,-0.38268,-0.151927,1.70684,-0.057013,0.453919,1.83506
867,0,-0.382524,-0.151419,1.70673,-0.057013,0.453919,1.83506
868,0,-0.382711,-0.151094,1.70838,-0.057013,0.453919,1.83506
869,0,-0.382759,-0.151891,1.70788,-0.057013,0.453919,1.83506
870,0,-0.382948,-0.151171,1.70766,-0.057013,0.453919,1.83506
871,0,-0.382931,-0.152047,1.70817,-0.057013,0.453919,1.83506
872,0,-0.38339,-0.151521,1.70789,-0.057013,0.453919,1.83506
873,0,-0.382987,-0.151607,1.7077,-0.057013,0.453919,1.83506
874,0,-0.383273,-0.15221,1.70794,-0.057013,0.453919,1.83506
875,0,-0.382474,-0.15155,1.70619,-0.057013,0.453919,1.83506
876,0,-0.383027,-0.151242,1.70738,-0.057013,0.453919,1.83506
877,0,-0.382754,-0.152197,1.70743,-0.057013,0.453919,1.83506
878,0,-0.382776,-0.152327,1.70782,-0.057013,0.453919,1.83506
879,0,-0.383002,-0.151972,1.70726,-0.057013,0.453919,1.83506
880,0,-0.38282,-0.152224,1.7078,-0.057013,0.453919,1.83506
881,0,-0.382783,-0.151764,1.70785,-0.057013,0.453919,1.83506
882,0,-0.382922,-0.152215,1.70798,-0.057013,0.453919,1.83506
883,0,-0.382745,-0.151767,1.70745,-0.057013,0.453919,1.83506
884,0,-0.383068,-0.152083,1.70843,-0.057013,0.453919,1.83506
885,0,-0.382682,-0.15177,1.70692,-0.057013,0.453919,1.83506
886,0,-0.382825,-0.152307,1.70671,-0.057013,0.453919,1.83506
887,0,-0.382826,-0.152203,1.7082,-0.057013,0.453919,1.83506
888,0,-0.382429,-0.152019,1.70639,-0.057013,0.453919,1.83506
889,0,-0.38236,-0.152143,1.7067,-0.057013,0.453919,1.83506
890,0,-0.382787,-0.151851,1.70743,-0.057013,0.453919,1.83506
891,0,-0.382871,-0.152007,1.70723,-0.057013,0.453919,1.83506
892,0,-0.382432,-0.152002,1.70738,-0.057013,0.453919,1.83506
893,0,-0.383108,-0.152268,1.70736,-0.057013,0.453919,1.83506
894,0,-0.382115,-0.152436,1.70644,-0.057013,0.453919,1.83506
895,0,-0.382979,-0.152063,1.70787,-0.057013,0.453919,1.83506
896,0,-0.382756,-0.151945,1.70674,-0.057013,0.453919,1.83506
897,0,-0.382714,-0.152283,1.70787,-0.057013,0.453919,1.83506
898,0,-0.382622,-0.152163,1.70646,-0.057013,0.453919,1.83506
899,0,-0.382926,-0.152351,1.70733,-0.057013,0.453919,1.83506
900,0,-0.382885,-0.152121,1.70782,-0.057013,0.453919,1.83506
901,0,-0.38315,-0.15204,1.70729,-0.057013,0.453919,1.83506
902,0,-0.382903,-0.151955,1.70827,-0.057013,0.453919,1.83506
903,0,-0.38214,-0.152108,1.70675,-0.057013,0.453919,1.83506
904,0,-0.382545,-0.152258,1.70756,-0.057013,0.453919,1.83506
905,0,-0.382422,-0.151902,1.7062,-0.057013,0.453919,1.83506
906,0,-0.38307,-0.152227,1.70843,-0.057013,0.453919,1.83506
907,0,-0.382547,-0.152047,1.70697,-0.057013,0.453919,1.83506
908,0,-0.382766,-0.152047,1.70742,-0.057013,0.453919,1.83506
909,0,-0.382544,-0.15211,1.70781,-0.057013,0.453919,1.83506
910,0,-0.382417,-0.152289,1.70675,-0.057013,0.453919,1.83506
911,0,-0.382079,-0.152227,1.7061,-0.057013,0.453919,1.83506
912,0,-0.383015,-0.152126,1.70867,-0.057013,0.453919,1.83506
913,0,-0.383225,-0.151754,1.70732,-0.057013,0.453919,1.83506
914,0,-0.38287,-0.1521,1.70686,-0.057013,0.453919,1.83506
915,0,-0.382918,-0.152157,1.70781,-0.057013,0.453919,1.83506
916,0,-0.382701,-0.152037,1.7067,-0.057013,0.453919,1.83506
917,0,-0.382509,-0.152253,1.70632,-0.057013,0.453919,1.83506
918,0,-0.383471,-0.151668,1.70691,-0.057013,0.453919,1.83506
919,0,-0.383253,-0.151948,1.70769,-0.057013,0.453919,1.83506
920,0,-0.382747,-0.152456,1.70721,-0.057013,0.453919,1.83506
921,0,-0.382888,-0.152157,1.70738,-0.057013,0.453919,1.83506
922,0,-0.382755,-0.151941,1.7068,-0.057013,0.453919,1.83506
923,0,-0.382596,-0.15219,1.70672,-0.057013,0.453919,1.83506
924,0,-0.38291,-0.152001,1.70632,-0.057013,0.453919,1.83506
925,0,-0.382345,-0.15224,1.70626,-0.057013,0.453919,1.83506
926,0,-0.382655,-0.150864,1.70644,-0.057013,0.453919,1.83506
927,0,-0.382552,-0.152495,1.70646,-0.057013,0.453919,1.83506
928,0,-0.383181,-0.152223,1.70795,-0.057013,0.453919,1.83506
929,0,-0.383131,-0.152096,1.70748,-0.057013,0.453919,1.83506
930,0,-0.382817,-0.151571,1.70717,-0.057013,0.453919,1.83506
931,0,-0.383331,-0.150973,1.70743,-0.057013,0.453919,1.83506
932,0,-0.382791,-0.151876,1.70674,-0.057013,0.453919,1.83506
933,0,-0.383204,-0.151077,1.70746,-0.057013,0.453919,1.83506
934,0,-0.383482,-0.151969,1.70842,-0.057013,0.453919,1.83506
935,0,-0.383083,-0.15186,1.70759,-0.057013,0.453919,1.83506
936,0,-0.382919,-0.152279,1.70757,-0.057013,0.453919,1.83506
937,0,-0.383784,-0.152108,1.70832,-0.057013,0.453919,1.83506
938,0,-0.383267,-0.151938,1.70791,-0.057013,0.453919,1.83506
939,0,-0.383167,-0.152312,1.70718,-0.057013,0.453919,1.83506
940,0,-0.382852,-0.152053,1.70698,-0.057013,0.453919,1.83506
941,0,-0.383049,-0.152094,1.70641,-0.057013,0.453919,1.83506
942,0,-0.382874,-0.152521,1.70731,-0.057013,0.453919,1.83506
943,0,-0.38375,-0.152241,1.70802,-0.057013,0.453919,1.83506
944,0,-0.382764,-0.151782,1.70763,-0.057013,0.453919,1.83506
945,0,-0.382813,-0.152403,1.70634,-0.057013,0.453919,1.83506
946,0,-0.382382,-0.15261,1.70636,-0.057013,0.453919,1.83506
947,0,-0.382974,-0.152242,1.70711,-0.057013,0.453919,1.83506
948,0,-0.38295,-0.152525,1.70809,-0.057013,0.453919,1.83506
949,0,-0.382929,-0.152396,1.70798,-0.057013,0.453919,1.83506
950,0,-0.383251,-0.151673,1.70746,-0.057013,0.453919,1.83506
951,0,-0.382849,-0.152331,1.7076,-0.057013,0.453919,1.83506
952,0,-0.382929,-0.152427,1.70733,-0.057013,0.453919,1.83506
953,0,-0.383194,-0.152149,1.70679,-0.057013,0.453919,1.83506
954,0,-0.383142,-0.152601,1.70702,-0.057013,0.453919,1.83506
955,0,-0.382276,-0.152365,1.70719,-0.057013,0.453919,1.83506
956,0,-0.383051,-0.151886,1.7069,-0.057013,0.453919,1.83506
