101,0,0.312115,-0.189043,1.75692,-0.0302546,0.451488,1.85214
102,0,0.313092,-0.188732,1.75749,-0.0302546,0.451488,1.85214
103,0,0.312161,-0.188613,1.75576,-0.0302546,0.451488,1.85214
104,0,0.312193,-0.188903,1.75782,-0.0302546,0.451488,1.85214
105,0,0.312397,-0.189774,1.75683,-0.0302546,0.451488,1.85214
106,0,0.312558,-0.189,1.75693,-0.0302546,0.451488,1.85214
107,0,0.312505,-0.188295,1.75745,-0.0302546,0.451488,1.85214
108,0,0.313182,-0.188861,1.75712,-0.0302546,0.451488,1.85214
109,0,0.312308,-0.188,1.75663,-0.0302546,0.451488,1.85214
110,0,0.312104,-0.189652,1.75747,-0.0302546,0.451488,1.85214
111,0,0.312849,-0.187894,1.75775,-0.0302546,0.451488,1.85214
112,0,0.311679,-0.188376,1.75706,-0.0302546,0.451488,1.85214
113,0,0.312383,-0.188495,1.75725,-0.0302546,0.451488,1.85214
114,0,0.312498,-0.189228,1.75852,-0.0302546,0.451488,1.85214
115,0,0.312539,-0.190154,1.75771,-0.0302546,0.451488,1.85214
116,0,0.312353,-0.189226,1.75697,-0.0302546,0.451488,1.85214
117,0,0.311742,-0.189226,1.75739,-0.0302546,0.451488,1.85214
118,0,0.312712,-0.187965,1.75671,-0.0302546,0.451488,1.85214
119,0,0.311998,-0.18922,1.75672,-0.0302546,0.451488,1.85214
120,0,0.312082,-0.189129,1.75714,-0.0302546,0.451488,1.85214
121,0,0.312441,-0.188878,1.75692,-0.0302546,0.451488,1.85214
122,0,0.312243,-0.188229,1.7566,-0.0302546,0.451488,1.85214
123,0,0.312151,-0.188723,1.75695,-0.0302546,0.451488,1.85214
124,0,0.312522,-0.188128,1.75747,-0.0302546,0.451488,1.85214
125,0,0.312684,-0.189312,1.75685,-0.0302546,0.451488,1.85214
126,0,0.311814,-0.188696,1.75707,-0.0302546,0.451488,1.85214
127,0,0.311794,-0.188872,1.75749,-0.0302546,0.451488,1.85214
128,0,0.312731,-0.188876,1.75658,-0.0302546,0.451488,1.85214
129,0,0.311837,-0.188674,1.75747,-0.0302546,0.451488,1.85214
130,0,0.312638,-0.188867,1.75662,-0.0302546,0.451488,1.85214
131,0,0.31218,-0.189271,1.75673,-0.0302546,0.451488,1.85214
132,0,0.312638,-0.189267,1.75608,-0.0302546,0.451488,1.85214
133,0,0.312035,-0.189107,1.75643,-0.0302546,0.451488,1.85214
134,0,0.311641,-0.189103,1.75651,-0.0302546,0.451488,1.85214
135,0,0.312332,-0.189187,1.75667,-0.0302546,0.451488,1.85214
136,0,0.31183,-0.189108,1.75652,-0.0302546,0.451488,1.85214
137,0,0.312568,-0.189536,1.75635,-0.0302546,0.451488,1.85214
138,0,0.312816,-0.188889,1.75623,-0.0302546,0.451488,1.85214
139,0,0.311912,-0.189635,1.75596,-0.0302546,0.451488,1.85214
140,0,0.311751,-0.188291,1.75521,-0.0302546,0.451488,1.85214
141,1,0.31112,-0.188957,1.75611,-0.0302546,0.451488,1.85214
142,1,0.311615,-0.189021,1.7563,-0.0302546,0.451488,1.85214
143,1,0.310618,-0.186372,1.75703,-0.0302546,0.451488,1.85214
144,1,0.310893,-0.184212,1.7567,-0.0302546,0.451488,1.85214
145,1,0.311212,-0.184437,1.75606,-0.0302546,0.451488,1.85214
146,1,0.310649,-0.18513,1.75698,-0.0302546,0.451488,1.85214
147,1,0.311789,-0.185266,1.75856,-0.0302546,0.451488,1.85214
148,1,0.311244,-0.185181,1.75739,-0.0302546,0.451488,1.85214
149,1,0.311987,-0.185932,1.75538,-0.0302546,0.451488,1.85214
150,1,0.310884,-0.186176,1.7563,-0.0302546,0.451488,1.85214
151,1,0.312042,-0.18649,1.75553,-0.0302546,0.451488,1.85214
152,1,0.311272,-0.184133,1.75594,-0.0302546,0.451488,1.85214
153,1,0.311568,-0.184833,1.75618,-0.0302546,0.451488,1.85214
154,1,0.311424,-0.184989,1.75637,-0.0302546,0.451488,1.85214
155,1,0.310614,-0.183745,1.75742,-0.0302546,0.451488,1.85214
156,1,0.310171,-0.184374,1.75752,-0.0302546,0.451488,1.85214
157,1,0.310165,-0.184988,1.75907,-0.0302546,0.451488,1.85214
158,1,0.311259,-0.18657,1.75884,-0.0302546,0.451488,1.85214
159,1,0.311493,-0.185283,1.75848,-0.0302546,0.451488,1.85214
160,1,0.310812,-0.183687,1.75921,-0.0302546,0.451488,1.85214
161,1,0.310543,-0.184618,1.75848,-0.0302546,0.451488,1.85214
162,1,0.310503,-0.184187,1.75832,-0.0302546,0.451488,1.85214
163,1,0.310759,-0.18487,1.75986,-0.0302546,0.451488,1.85214
164,1,0.31099,-0.184162,1.7599,-0.0302546,0.451488,1.85214
165,1,0.312283,-0.185202,1.76944,-0.0302546,0.451488,1.85214
166,1,0.312225,-0.185133,1.76952,-0.0302546,0.451488,1.85214
167,1,0.311795,-0.186556,1.76903,-0.0302546,0.451488,1.85214
168,1,0.312288,-0.186343,1.76781,-0.0302546,0.451488,1.85214
169,1,0.311489,-0.184849,1.7695,-0.0302546,0.451488,1.85214
170,1,0.311508,-0.185519,1.76898,-0.0302546,0.451488,1.85214
171,1,0.311929,-0.185251,1.76955,-0.0302546,0.451488,1.85214
172,1,0.311508,-0.185556,1.77041,-0.0302546,0.451488,1.85214
173,1,0.311322,-0.186897,1.77011,-0.0302546,0.451488,1.85214
174,1,0.311478,-0.186501,1.76825,-0.0302546,0.451488,1.85214
175,1,0.312007,-0.185206,1.76753,-0.0302546,0.451488,1.85214
176,1,0.311724,-0.185241,1.76791,-0.0302546,0.451488,1.85214
177,1,0.3106,-0.18546,1.76823,-0.0302546,0.451488,1.85214
178,1,0.312249,-0.185304,1.76929,-0.0302546,0.451488,1.85214
179,1,0.311613,-0.185008,1.76931,-0.0302546,0.451488,1.85214
180,1,0.311652,-0.185628,1.76843,-0.0302546,0.451488,1.85214
181,1,0.311412,-0.185792,1.76815,-0.0302546,0.451488,1.85214
182,1,0.311483,-0.186331,1.76766,-0.0302546,0.451488,1.85214
183,1,0.312023,-0.185835,1.76814,-0.0302546,0.451488,1.85214
184,1,0.313132,-0.187649,1.76761,-0.0302546,0.451488,1.85214
185,1,0.31163,-0.185864,1.76695,-0.0302546,0.451488,1.85214
186,1,0.312263,-0.182854,1.7639,-0.0302546,0.451488,1.85214
187,1,0.310645,-0.179342,1.76095,-0.0302546,0.451488,1.85214
188,1,0.309704,-0.171264,1.75821,-0.0302546,0.451488,1.85214
189,1,0.308595,-0.164359,1.75425,-0.0302546,0.451488,1.85214
190,1,0.307901,-0.15343,1.75036,-0.0302546,0.451488,1.85214
191,1,0.305725,-0.142155,1.74325,-0.0302546,0.451488,1.85214
192,1,0.304846,-0.131546,1.73524,-0.0302546,0.451488,1.85214
193,1,0.304265,-0.119564,1.72511,-0.0302546,0.451488,1.85214
194,1,0.305385,-0.104135,1.70634,-0.0302546,0.451488,1.85214
195,1,0.309848,-0.092677,1.69637,-0.0302546,0.451488,1.85214
196,1,0.31435,-0.0766612,1.67567,-0.0302546,0.451488,1.85214
197,1,0.320054,-0.0647561,1.65628,-0.0302546,0.451488,1.85214
198,1,0.326917,-0.0493741,1.63197,-0.0302546,0.451488,1.85214
199,1,0.334996,-0.0367748,1.60782,-0.0302546,0.451488,1.85214
200,1,0.34332,-0.0250849,1.58494,-0.0302546,0.451488,1.85214
201,1,0.351631,-0.0137359,1.56454,-0.0302546,0.451488,1.85214
202,1,0.362574,-0.00039039,1.54563,-0.0302546,0.451488,1.85214
203,1,0.371513,0.00838783,1.5222,-0.0302546,0.451488,1.85214
204,1,0.382732,0.0165487,1.50283,-0.0302546,0.451488,1.85214
205,1,0.39327,0.021793,1.4828,-0.0302546,0.451488,1.85214
206,1,0.404279,0.0261796,1.46215,-0.0302546,0.451488,1.85214
207,1,0.414133,0.0303114,1.44488,-0.0302546,0.451488,1.85214
208,1,0.424278,0.0299628,1.42917,-0.0302546,0.451488,1.85214
209,1,0.434167,0.0297707,1.41473,-0.0302546,0.451488,1.85214
210,1,0.443662,0.0281121,1.40171,-0.0302546,0.451488,1.85214
211,1,0.4514,0.0262723,1.39276,-0.0302546,0.451488,1.85214
212,1,0.458643,0.0235108,1.38608,-0.0302546,0.451488,1.85214
213,1,0.463443,0.0187482,1.38223,-0.0302546,0.451488,1.85214
214,1,0.468716,0.0165389,1.37933,-0.0302546,0.451488,1.85214
215,1,0.475751,0.0107542,1.37367,-0.0302546,0.451488,1.85214
216,1,0.476546,0.00900338,1.37344,-0.0302546,0.451488,1.85214
217,1,0.478361,0.00564095,1.37101,-0.0302546,0.451488,1.85214
218,1,0.479729,0.00359125,1.36893,-0.0302546,0.451488,1.85214
219,1,0.482028,0.00053904,1.36716,-0.0302546,0.451488,1.85214
220,1,0.481976,-0.000495813,1.36563,-0.0302546,0.451488,1.85214
221,1,0.481824,-0.00177499,1.36603,-0.0302546,0.451488,1.85214
222,1,0.482169,-0.00493123,1.36651,-0.0302546,0.451488,1.85214
223,1,0.481876,-0.00576311,1.36678,-0.0302546,0.451488,1.85214
224,1,0.482607,-0.00611427,1.36713,-0.0302546,0.451488,1.85214
225,1,0.482273,-0.00879423,1.36752,-0.0302546,0.451488,1.85214
226,1,0.483349,-0.00785536,1.36761,-0.0302546,0.451488,1.85214
227,1,0.482241,-0.00999714,1.3682,-0.0302546,0.451488,1.85214
228,1,0.481849,-0.00965532,1.36788,-0.0302546,0.451488,1.85214
229,1,0.482355,-0.0107929,1.36822,-0.0302546,0.451488,1.85214
230,1,0.482546,-0.0109574,1.36788,-0.0302546,0.451488,1.85214
231,1,0.482014,-0.0122781,1.36678,-0.0302546,0.451488,1.85214
232,1,0.488225,-0.00996503,1.35995,-0.0302546,0.451488,1.85214
233,1,0.481372,-0.0121076,1.3667,-0.0302546,0.451488,1.85214
234,1,0.481103,-0.0126225,1.36657,-0.0302546,0.451488,1.85214
235,1,0.481766,-0.0130734,1.36549,-0.0302546,0.451488,1.85214
236,1,0.480799,-0.0124557,1.36578,-0.0302546,0.451488,1.85214
237,1,0.481653,-0.0129783,1.36487,-0.0302546,0.451488,1.85214
238,1,0.481262,-0.0128795,1.36483,-0.0302546,0.451488,1.85214
239,1,0.488119,-0.012139,1.35736,-0.0302546,0.451488,1.85214
240,1,0.484327,-0.0125095,1.36994,-0.0302546,0.451488,1.85214
241,1,0.484556,-0.0133179,1.36923,-0.0302546,0.451488,1.85214
242,1,0.485007,-0.0149329,1.36953,-0.0302546,0.451488,1.85214
243,1,0.485145,-0.013948,1.36964,-0.0302546,0.451488,1.85214
244,1,0.484738,-0.0130559,1.3697,-0.0302546,0.451488,1.85214
245,1,0.485042,-0.0137442,1.36871,-0.0302546,0.451488,1.85214
246,1,0.485509,-0.0136557,1.36907,-0.0302546,0.451488,1.85214
247,1,0.485103,-0.0129719,1.36992,-0.0302546,0.451488,1.85214
248,1,0.485289,-0.0133394,1.36899,-0.0302546,0.451488,1.85214
249,1,0.48514,-0.013701,1.36896,-0.0302546,0.451488,1.85214
250,1,0.485009,-0.0132022,1.3686,-0.0302546,0.451488,1.85214
251,1,0.48503,-0.0137413,1.36936,-0.0302546,0.451488,1.85214
252,1,0.485854,-0.0131157,1.36896,-0.0302546,0.451488,1.85214
253,1,0.484991,-0.012797,1.36872,-0.0302546,0.451488,1.85214
254,1,0.485425,-0.0135262,1.36961,-0.0302546,0.451488,1.85214
255,1,0.486215,-0.0128746,1.36926,-0.0302546,0.451488,1.85214
256,1,0.485335,-0.013593,1.36846,-0.0302546,0.451488,1.85214
257,1,0.485606,-0.0134049,1.36903,-0.0302546,0.451488,1.85214
258,1,0.485583,-0.0132789,1.36929,-0.0302546,0.451488,1.85214
259,1,0.486203,-0.0133937,1.36778,-0.0302546,0.451488,1.85214
260,1,0.486176,-0.0129824,1.36813,-0.0302546,0.451488,1.85214
261,1,0.485865,-0.0130891,1.36879,-0.0302546,0.451488,1.85214
262,1,0.485853,-0.0133112,1.36749,-0.0302546,0.451488,1.85214
263,1,0.486302,-0.0127527,1.3684,-0.0302546,0.451488,1.85214
264,1,0.48657,-0.012953,1.36799,-0.0302546,0.451488,1.85214
265,1,0.486157,-0.012931,1.36853,-0.0302546,0.451488,1.85214
266,1,0.485712,-0.0132242,1.36828,-0.0302546,0.451488,1.85214
267,1,0.485766,-0.0134811,1.36864,-0.0302546,0.451488,1.85214
268,1,0.486265,-0.0134448,1.36848,-0.0302546,0.451488,1.85214
269,1,0.486304,-0.0130846,1.36902,-0.0302546,0.451488,1.85214
270,1,0.48606,-0.0131869,1.36888,-0.0302546,0.451488,1.85214
271,1,0.485599,-0.0132652,1.36939,-0.0302546,0.451488,1.85214
272,1,0.485976,-0.0131487,1.36899,-0.0302546,0.451488,1.85214
273,1,0.485749,-0.0130757,1.36871,-0.0302546,0.451488,1.85214
274,1,0.485404,-0.0138969,1.36927,-0.0302546,0.451488,1.85214
275,1,0.484924,-0.0137401,1.36914,-0.0302546,0.451488,1.85214
276,1,0.485347,-0.0140913,1.36864,-0.0302546,0.451488,1.85214
277,1,0.48613,-0.0128478,1.36958,-0.0302546,0.451488,1.85214
278,1,0.485754,-0.0135474,1.36946,-0.0302546,0.451488,1.85214
279,1,0.48616,-0.0137534,1.36958,-0.0302546,0.451488,1.85214
280,1,0.485846,-0.0102035,1.37052,-0.0302546,0.451488,1.85214
281,1,0.486438,-0.00700517,1.37095,-0.0302546,0.451488,1.85214
282,1,0.485405,-0.00151909,1.37078,-0.0302546,0.451488,1.85214
283,1,0.484056,0.00376995,1.37143,-0.0302546,0.451488,1.85214
284,1,0.480183,0.0130794,1.37488,-0.0302546,0.451488,1.85214
285,1,0.475492,0.024925,1.37516,-0.0302546,0.451488,1.85214
286,1,0.46889,0.0382422,1.37893,-0.0302546,0.451488,1.85214
287,1,0.4586,0.0527343,1.38168,-0.0302546,0.451488,1.85214
288,1,0.446588,0.0688609,1.38848,-0.0302546,0.451488,1.85214
289,1,0.432864,0.0850439,1.39593,-0.0302546,0.451488,1.85214
290,1,0.416196,0.103663,1.40506,-0.0302546,0.451488,1.85214
291,1,0.398005,0.120307,1.41557,-0.0302546,0.451488,1.85214
292,1,0.379238,0.139697,1.42516,-0.0302546,0.451488,1.85214
293,1,0.35795,0.158794,1.43746,-0.0302546,0.451488,1.85214
294,1,0.336704,0.177725,1.45235,-0.0302546,0.451488,1.85214
295,1,0.314978,0.196264,1.46845,-0.0302546,0.451488,1.85214
296,1,0.292441,0.212892,1.48864,-0.0302546,0.451488,1.85214
297,1,0.270978,0.227054,1.50824,-0.0302546,0.451488,1.85214
298,1,0.249573,0.239763,1.52545,-0.0302546,0.451488,1.85214
299,1,0.226886,0.250971,1.54513,-0.0302546,0.451488,1.85214
300,1,0.205497,0.260739,1.56591,-0.0302546,0.451488,1.85214
301,1,0.18526,0.271936,1.58735,-0.0302546,0.451488,1.85214
302,1,0.165068,0.280911,1.60801,-0.0302546,0.451488,1.85214
303,1,0.146056,0.290246,1.62777,-0.0302546,0.451488,1.85214
304,1,0.126926,0.298675,1.64193,-0.0302546,0.451488,1.85214
305,1,0.111179,0.30705,1.6586,-0.0302546,0.451488,1.85214
306,1,0.0960364,0.314447,1.67266,-0.0302546,0.451488,1.85214
307,1,0.0819581,0.32201,1.68618,-0.0302546,0.451488,1.85214
308,1,0.0681443,0.330871,1.6973,-0.0302546,0.451488,1.85214
309,1,0.0579917,0.33783,1.7095,-0.0302546,0.451488,1.85214
310,1,0.0475028,0.343449,1.7195,-0.0302546,0.451488,1.85214
311,1,0.0400789,0.347941,1.72766,-0.0302546,0.451488,1.85214
312,1,0.0302219,0.35589,1.73729,-0.0302546,0.451488,1.85214
313,1,0.0232694,0.362791,1.74637,-0.0302546,0.451488,1.85214
314,1,0.0182624,0.366634,1.75197,-0.0302546,0.451488,1.85214
315,1,0.012783,0.369548,1.75786,-0.0302546,0.451488,1.85214
316,1,0.00769907,0.373274,1.7631,-0.0302546,0.451488,1.85214
317,1,0.00399398,0.374449,1.76722,-0.0302546,0.451488,1.85214
318,1,-0.000779904,0.379949,1.77238,-0.0302546,0.451488,1.85214
319,1,-0.00443877,0.379843,1.77434,-0.0302546,0.451488,1.85214
320,1,-0.00741488,0.382446,1.77665,-0.0302546,0.451488,1.85214
321,1,-0.00985068,0.385366,1.78007,-0.0302546,0.451488,1.85214
322,1,-0.0112854,0.387817,1.78324,-0.0302546,0.451488,1.85214
323,1,-0.012817,0.388693,1.7844,-0.0302546,0.451488,1.85214
324,1,-0.0136225,0.388342,1.78401,-0.0302546,0.451488,1.85214
325,1,-0.0125572,0.388574,1.78441,-0.0302546,0.451488,1.85214
326,1,-0.0134788,0.390424,1.78938,-0.0302546,0.451488,1.85214
327,1,-0.0131553,0.388324,1.7862,-0.0302546,0.451488,1.85214
328,1,-0.0130163,0.389806,1.78891,-0.0302546,0.451488,1.85214
329,1,-0.0128846,0.390502,1.79061,-0.0302546,0.451488,1.85214
330,1,-0.0133516,0.389886,1.79071,-0.0302546,0.451488,1.85214
331,1,-0.0114993,0.390854,1.7918,-0.0302546,0.451488,1.85214
332,1,-0.0113964,0.392168,1.79247,-0.0302546,0.451488,1.85214
333,1,-0.0107167,0.392166,1.79315,-0.0302546,0.451488,1.85214
334,1,-0.00978659,0.391969,1.79272,-0.0302546,0.451488,1.85214
335,1,-0.0112286,0.393146,1.79382,-0.0302546,0.451488,1.85214
336,1,-0.0134441,0.396094,1.79624,-0.0302546,0.451488,1.85214
337,1,-0.0125956,0.395539,1.79608,-0.0302546,0.451488,1.85214
338,1,-0.0107148,0.394845,1.79241,-0.0302546,0.451488,1.85214
339,1,-0.0108306,0.394567,1.79125,-0.0302546,0.451488,1.85214
340,1,-0.0102806,0.395142,1.7906,-0.0302546,0.451488,1.85214
341,1,-0.00985928,0.395303,1.79108,-0.0302546,0.451488,1.85214
342,1,-0.0139491,0.40031,1.79602,-0.0302546,0.451488,1.85214
343,1,-0.0116259,0.400145,1.79214,-0.0302546,0.451488,1.85214
344,1,-0.0116968,0.397664,1.7854,-0.0302546,0.451488,1.85214
345,1,-0.0159041,0.399389,1.78631,-0.0302546,0.451488,1.85214
346,1,-0.0153137,0.401594,1.78554,-0.0302546,0.451488,1.85214
347,1,-0.0162272,0.403667,1.78711,-0.0302546,0.451488,1.85214
348,1,-0.0163463,0.40263,1.78505,-0.0302546,0.451488,1.85214
349,1,-0.0164964,0.405306,1.78538,-0.0302546,0.451488,1.85214
350,1,-0.0164973,0.405006,1.78028,-0.0302546,0.451488,1.85214
351,1,-0.016938,0.405678,1.78052,-0.0302546,0.451488,1.85214
352,1,-0.0174176,0.406334,1.78084,-0.0302546,0.451488,1.85214
353,1,-0.0186799,0.407152,1.77969,-0.0302546,0.451488,1.85214
354,1,-0.0169209,0.40703,1.77611,-0.0302546,0.451488,1.85214
355,1,-0.01621,0.408749,1.77532,-0.0302546,0.451488,1.85214
356,1,-0.018755,0.408075,1.77827,-0.0302546,0.451488,1.85214
357,1,-0.0186398,0.411048,1.77633,-0.0302546,0.451488,1.85214
358,1,-0.0192689,0.410811,1.77984,-0.0302546,0.451488,1.85214
359,1,-0.0196154,0.409084,1.77784,-0.0302546,0.451488,1.85214
360,1,-0.0186955,0.412436,1.77674,-0.0302546,0.451488,1.85214
361,1,-0.0217678,0.410139,1.77755,-0.0302546,0.451488,1.85214
362,1,-0.0230824,0.410721,1.77966,-0.0302546,0.451488,1.85214
363,1,-0.0241547,0.411184,1.78054,-0.0302546,0.451488,1.85214
364,1,-0.0226555,0.410867,1.78038,-0.0302546,0.451488,1.85214
365,1,-0.0236604,0.409277,1.77768,-0.0302546,0.451488,1.85214
366,1,-0.0221381,0.411142,1.77799,-0.0302546,0.451488,1.85214
367,1,-0.022854,0.408628,1.7774,-0.0302546,0.451488,1.85214
368,1,-0.0207178,0.406975,1.77338,-0.0302546,0.451488,1.85214
369,1,-0.0225942,0.410275,1.77741,-0.0302546,0.451488,1.85214
370,1,-0.0232623,0.40897,1.77036,-0.0302546,0.451488,1.85214
371,1,-0.0241996,0.410043,1.7722,-0.0302546,0.451488,1.85214
372,1,-0.0218083,0.409963,1.76758,-0.0302546,0.451488,1.85214
373,1,-0.0227473,0.408494,1.7697,-0.0302546,0.451488,1.85214
374,1,-0.0230065,0.408736,1.76946,-0.0302546,0.451488,1.85214
375,1,-0.0216954,0.410379,1.76211,-0.0302546,0.451488,1.85214
376,1,-0.0232209,0.407908,1.76694,-0.0302546,0.451488,1.85214
377,1,-0.0233492,0.410805,1.76614,-0.0302546,0.451488,1.85214
378,1,-0.0189121,0.416167,1.75444,-0.0302546,0.451488,1.85214
379,1,-0.0228191,0.410535,1.76588,-0.0302546,0.451488,1.85214
380,1,-0.020429,0.416832,1.75607,-0.0302546,0.451488,1.85214
381,1,-0.0243736,0.408647,1.7659,-0.0302546,0.451488,1.85214
382,1,-0.0141935,0.418665,1.74227,-0.0302546,0.451488,1.85214
383,1,-0.00425168,0.422777,1.71329,-0.0302546,0.451488,1.85214
384,1,-0.0257428,0.409066,1.76754,-0.0302546,0.451488,1.85214
385,1,-0.0191784,0.416443,1.75166,-0.0302546,0.451488,1.85214
386,1,-0.0235335,0.41104,1.76577,-0.0302546,0.451488,1.85214
387,1,-0.0257163,0.409617,1.76661,-0.0302546,0.451488,1.85214
388,1,-0.0248058,0.410332,1.76585,-0.0302546,0.451488,1.85214
389,1,-0.0220441,0.411183,1.76094,-0.0302546,0.451488,1.85214
390,1,-0.0252092,0.40986,1.76668,-0.0302546,0.451488,1.85214
391,1,-0.0231144,0.409971,1.76463,-0.0302546,0.451488,1.85214
392,1,-0.0220204,0.409794,1.76043,-0.0302546,0.451488,1.85214
393,1,-0.0230567,0.409566,1.76232,-0.0302546,0.451488,1.85214
394,1,-0.0261833,0.409698,1.76738,-0.0302546,0.451488,1.85214
395,1,-0.0165831,0.417343,1.74513,-0.0302546,0.451488,1.85214
396,1,-0.0235371,0.408356,1.7615,-0.0302546,0.451488,1.85214
397,1,-0.0204509,0.408008,1.75713,-0.0302546,0.451488,1.85214
398,1,-0.0233517,0.405408,1.75838,-0.0302546,0.451488,1.85214
399,1,-0.0229977,0.406019,1.75714,-0.0302546,0.451488,1.85214
400,1,-0.0241987,0.402526,1.75848,-0.0302546,0.451488,1.85214
401,1,-0.0253783,0.40494,1.75891,-0.0302546,0.451488,1.85214
402,1,-0.0218046,0.404439,1.76003,-0.0302546,0.451488,1.85214
403,1,-0.02028,0.396003,1.75508,-0.0302546,0.451488,1.85214
404,1,-0.0200817,0.385326,1.74698,-0.0302546,0.451488,1.85214
405,1,-0.0181818,0.375244,1.74106,-0.0302546,0.451488,1.85214
406,1,-0.0186334,0.363806,1.73598,-0.0302546,0.451488,1.85214
407,1,-0.0164044,0.342797,1.72321,-0.0302546,0.451488,1.85214
408,1,-0.0177611,0.322007,1.71296,-0.0302546,0.451488,1.85214
409,1,-0.0154463,0.295915,1.70348,-0.0302546,0.451488,1.85214
410,1,-0.0119316,0.260875,1.69572,-0.0302546,0.451488,1.85214
411,1,-0.0133969,0.223574,1.69244,-0.0302546,0.451488,1.85214
412,1,-0.0139351,0.187762,1.69001,-0.0302546,0.451488,1.85214
413,1,-0.0158711,0.145017,1.68832,-0.0302546,0.451488,1.85214
414,1,-0.0154613,0.101622,1.69228,-0.0302546,0.451488,1.85214
415,1,-0.0155122,0.0617551,1.6992,-0.0302546,0.451488,1.85214
416,1,-0.0173117,0.0247118,1.70682,-0.0302546,0.451488,1.85214
417,1,-0.0188719,-0.00853351,1.72265,-0.0302546,0.451488,1.85214
418,1,-0.0212597,-0.0382716,1.73354,-0.0302546,0.451488,1.85214
419,1,-0.0225892,-0.0637959,1.743,-0.0302546,0.451488,1.85214
420,1,-0.0218062,-0.0889599,1.75008,-0.0302546,0.451488,1.85214
421,1,-0.0211486,-0.109747,1.75795,-0.0302546,0.451488,1.85214
422,1,-0.0264695,-0.118653,1.77072,-0.0302546,0.451488,1.85214
423,1,-0.0233852,-0.134241,1.77329,-0.0302546,0.451488,1.85214
424,1,-0.0253232,-0.143204,1.77764,-0.0302546,0.451488,1.85214
425,1,-0.0237936,-0.15248,1.78182,-0.0302546,0.451488,1.85214
426,1,-0.023988,-0.159103,1.78562,-0.0302546,0.451488,1.85214
427,1,-0.0246729,-0.162729,1.78876,-0.0302546,0.451488,1.85214
428,1,-0.0262358,-0.166282,1.79047,-0.0302546,0.451488,1.85214
429,1,-0.0265858,-0.169616,1.79055,-0.0302546,0.451488,1.85214
430,1,-0.0234098,-0.174538,1.78945,-0.0302546,0.451488,1.85214
431,1,-0.0267165,-0.172355,1.79471,-0.0302546,0.451488,1.85214
432,1,-0.0263879,-0.174201,1.79435,-0.0302546,0.451488,1.85214
433,1,-0.0264266,-0.173868,1.79585,-0.0302546,0.451488,1.85214
434,1,-0.0262038,-0.177026,1.79522,-0.0302546,0.451488,1.85214
435,1,-0.0274251,-0.179473,1.79646,-0.0302546,0.451488,1.85214
436,1,-0.0279146,-0.181179,1.79749,-0.0302546,0.451488,1.85214
437,1,-0.028766,-0.182622,1.79707,-0.0302546,0.451488,1.85214
438,1,-0.0282428,-0.183283,1.79734,-0.0302546,0.451488,1.85214
439,1,-0.0279217,-0.183169,1.7972,-0.0302546,0.451488,1.85214
440,1,-0.0280269,-0.182812,1.79794,-0.0302546,0.451488,1.85214
441,1,-0.027233,-0.182743,1.7972,-0.0302546,0.451488,1.85214
442,1,-0.0274892,-0.182235,1.79772,-0.0302546,0.451488,1.85214
443,1,-0.0276968,-0.183166,1.79772,-0.0302546,0.451488,1.85214
444,1,-0.027988,-0.183534,1.79773,-0.0302546,0.451488,1.85214
445,1,-0.0280896,-0.184391,1.7993,-0.0302546,0.451488,1.85214
446,1,-0.0296612,-0.182406,1.80095,-0.0302546,0.451488,1.85214
447,1,-0.0299791,-0.181821,1.80236,-0.0302546,0.451488,1.85214
448,1,-0.0289579,-0.182617,1.80103,-0.0302546,0.451488,1.85214
449,1,-0.0285379,-0.184262,1.7987,-0.0302546,0.451488,1.85214
450,1,-0.0280284,-0.185077,1.79824,-0.0302546,0.451488,1.85214
451,1,-0.028567,-0.183175,1.79859,-0.0302546,0.451488,1.85214
452,1,-0.0284304,-0.184598,1.79786,-0.0302546,0.451488,1.85214
453,1,-0.0293531,-0.183272,1.79803,-0.0302546,0.451488,1.85214
454,1,-0.0279979,-0.184735,1.79786,-0.0302546,0.451488,1.85214
455,1,-0.0279192,-0.185123,1.79766,-0.0302546,0.451488,1.85214
456,1,-0.0289648,-0.182696,1.80037,-0.0302546,0.451488,1.85214
457,1,-0.0291591,-0.183131,1.79752,-0.0302546,0.451488,1.85214
458,1,-0.0286293,-0.184525,1.79679,-0.0302546,0.451488,1.85214
459,1,-0.0294961,-0.183939,1.79701,-0.0302546,0.451488,1.85214
460,1,-0.0306027,-0.181942,1.79979,-0.0302546,0.451488,1.85214
462,1,-0.0284794,-0.185342,1.79809,-0.0302546,0.451488,1.85214
463,1,-0.0287167,-0.182837,1.80122,-0.0302546,0.451488,1.85214
464,1,-0.0272782,-0.185487,1.79782,-0.0302546,0.451488,1.85214
465,1,-0.0274218,-0.185436,1.79747,-0.0302546,0.451488,1.85214
466,1,-0.0285683,-0.182386,1.79993,-0.0302546,0.451488,1.85214
467,1,-0.0278113,-0.185126,1.79767,-0.0302546,0.451488,1.85214
468,1,-0.0283467,-0.182639,1.80094,-0.0302546,0.451488,1.85214
469,1,-0.0281845,-0.182956,1.8008,-0.0302546,0.451488,1.85214
470,1,-0.0256969,-0.186783,1.79777,-0.0302546,0.451488,1.85214
471,1,-0.0240551,-0.189003,1.79655,-0.0302546,0.451488,1.85214
472,1,-0.0280915,-0.184313,1.79833,-0.0302546,0.451488,1.85214
473,1,-0.0269678,-0.185607,1.79643,-0.0302546,0.451488,1.85214
474,1,-0.0253232,-0.185736,1.79863,-0.0302546,0.451488,1.85214
475,1,-0.0256713,-0.185801,1.79814,-0.0302546,0.451488,1.85214
476,0,-0.0244854,-0.185719,1.7984,-0.0302546,0.451488,1.85214
477,0,-0.0237754,-0.188492,1.79519,-0.0302546,0.451488,1.85214
478,0,-0.0252795,-0.186242,1.79852,-0.0302546,0.451488,1.85214
479,0,-0.0248384,-0.185918,1.79951,-0.0302546,0.451488,1.85214
480,0,-0.0246001,-0.188108,1.79615,-0.0302546,0.451488,1.85214
481,0,-0.0245369,-0.188382,1.79637,-0.0302546,0.451488,1.85214
482,0,-0.0255075,-0.187513,1.79749,-0.0302546,0.451488,1.85214
483,0,-0.0249425,-0.186371,1.7992,-0.0302546,0.451488,1.85214
484,0,-0.0241403,-0.188399,1.79706,-0.0302546,0.451488,1.85214
485,0,-0.0255561,-0.187196,1.79728,-0.0302546,0.451488,1.85214
486,0,-0.0245306,-0.18819,1.79655,-0.0302546,0.451488,1.85214
487,0,-0.024976,-0.186674,1.79958,-0.0302546,0.451488,1.85214
488,0,-0.0256609,-0.185112,1.79961,-0.0302546,0.451488,1.85214
489,0,-0.0253251,-0.187438,1.79745,-0.0302546,0.451488,1.85214
490,0,-0.0253238,-0.186254,1.8004,-0.0302546,0.451488,1.85214
491,0,-0.026213,-0.186677,1.79788,-0.0302546,0.451488,1.85214
492,0,-0.0254352,-0.187314,1.79766,-0.0302546,0.451488,1.85214
493,0,-0.0250699,-0.186277,1.79842,-0.0302546,0.451488,1.85214
494,0,-0.0245483,-0.187298,1.79746,-0.0302546,0.451488,1.85214
495,0,-0.0259724,-0.185181,1.79886,-0.0302546,0.451488,1.85214
496,0,-0.0241024,-0.188371,1.79695,-0.0302546,0.451488,1.85214
497,0,-0.0244698,-0.186914,1.7989,-0.0302546,0.451488,1.85214
498,0,-0.0242004,-0.185776,1.79838,-0.0302546,0.451488,1.85214
499,0,-0.0242109,-0.187975,1.79689,-0.0302546,0.451488,1.85214
500,0,-0.0250694,-0.18666,1.79812,-0.0302546,0.451488,1.85214
501,0,-0.0246992,-0.188474,1.79714,-0.0302546,0.451488,1.85214
502,0,-0.0242297,-0.188872,1.79632,-0.0302546,0.451488,1.85214
503,0,-0.0240796,-0.188337,1.79653,-0.0302546,0.451488,1.85214
504,0,-0.0247506,-0.185606,1.79848,-0.0302546,0.451488,1.85214
505,0,-0.0245494,-0.188317,1.7967,-0.0302546,0.451488,1.85214
506,0,-0.0249599,-0.186407,1.79826,-0.0302546,0.451488,1.85214
507,0,-0.0249581,-0.187788,1.79636,-0.0302546,0.451488,1.85214
508,0,-0.0239586,-0.188511,1.79584,-0.0302546,0.451488,1.85214
509,0,-0.0248926,-0.187669,1.79637,-0.0302546,0.451488,1.85214
510,0,-0.0247837,-0.187666,1.79698,-0.0302546,0.451488,1.85214
511,0,-0.0243014,-0.187246,1.7985,-0.0302546,0.451488,1.85214
512,0,-0.0253919,-0.187192,1.79775,-0.0302546,0.451488,1.85214
513,0,-0.0248954,-0.18616,1.79913,-0.0302546,0.451488,1.85214
514,0,-0.0243403,-0.188049,1.79686,-0.0302546,0.451488,1.85214
515,0,-0.0243553,-0.187817,1.79674,-0.0302546,0.451488,1.85214
516,0,-0.0247409,-0.186242,1.7985,-0.0302546,0.451488,1.85214
517,0,-0.0244534,-0.187755,1.79602,-0.0302546,0.451488,1.85214
518,0,-0.0241526,-0.187704,1.7963,-0.0302546,0.451488,1.85214
519,0,-0.0245637,-0.187588,1.79643,-0.0302546,0.451488,1.85214
520,0,-0.0250479,-0.186249,1.79842,-0.0302546,0.451488,1.85214
521,0,-0.0252275,-0.184807,1.80003,-0.0302546,0.451488,1.85214
522,0,-0.0250064,-0.184809,1.79923,-0.0302546,0.451488,1.85214
523,0,-0.0250186,-0.185183,1.79875,-0.0302546,0.451488,1.85214
524,0,-0.0250383,-0.186785,1.79809,-0.0302546,0.451488,1.85214
525,0,-0.0254248,-0.185776,1.79901,-0.0302546,0.451488,1.85214
526,0,-0.0247161,-0.186466,1.79771,-0.0302546,0.451488,1.85214
527,0,-0.0245455,-0.185708,1.79898,-0.0302546,0.451488,1.85214
528,0,-0.0247416,-0.18579,1.79972,-0.0302546,0.451488,1.85214
529,0,-0.0246765,-0.186852,1.79812,-0.0302546,0.451488,1.85214
530,0,-0.0247496,-0.186362,1.79821,-0.0302546,0.451488,1.85214
531,0,-0.0248238,-0.186797,1.79865,-0.0302546,0.451488,1.85214
532,0,-0.0244669,-0.185711,1.79853,-0.0302546,0.451488,1.85214
533,0,-0.0252797,-0.186128,1.79907,-0.0302546,0.451488,1.85214
534,0,-0.0249427,-0.18643,1.79942,-0.0302546,0.451488,1.85214
535,0,-0.0249494,-0.187589,1.79636,-0.0302546,0.451488,1.85214
536,0,-0.0243893,-0.185874,1.79878,-0.0302546,0.451488,1.85214
537,0,-0.0247821,-0.186703,1.79766,-0.0302546,0.451488,1.85214
538,0,-0.0253326,-0.186393,1.79925,-0.0302546,0.451488,1.85214
539,0,-0.0251021,-0.186602,1.79884,-0.0302546,0.451488,1.85214
540,0,-0.0243054,-0.186611,1.79807,-0.0302546,0.451488,1.85214
541,0,-0.02482,-0.186066,1.79931,-0.0302546,0.451488,1.85214
542,0,-0.0249886,-0.18664,1.79786,-0.0302546,0.451488,1.85214
543,0,-0.0243955,-0.187093,1.79906,-0.0302546,0.451488,1.85214
544,0,-0.0254288,-0.185549,1.79907,-0.0302546,0.451488,1.85214
545,0,-0.0250676,-0.185587,1.79993,-0.0302546,0.451488,1.85214
546,0,-0.0245065,-0.18584,1.79899,-0.0302546,0.451488,1.85214
547,0,-0.0249927,-0.186789,1.79872,-0.0302546,0.451488,1.85214
548,0,-0.0241231,-0.187197,1.79901,-0.0302546,0.451488,1.85214
549,0,-0.0247177,-0.185565,1.79886,-0.0302546,0.451488,1.85214
550,0,-0.0247209,-0.187583,1.79743,-0.0302546,0.451488,1.85214
551,0,-0.0244169,-0.187081,1.79788,-0.0302546,0.451488,1.85214
552,0,-0.0254402,-0.186489,1.79861,-0.0302546,0.451488,1.85214
553,0,-0.0246158,-0.188139,1.79755,-0.0302546,0.451488,1.85214
554,0,-0.0243026,-0.187743,1.79726,-0.0302546,0.451488,1.85214
555,0,-0.0243251,-0.186578,1.79665,-0.0302546,0.451488,1.85214
556,0,-0.0248887,-0.187268,1.79733,-0.0302546,0.451488,1.85214
557,0,-0.0239561,-0.187075,1.79846,-0.0302546,0.451488,1.85214
558,0,-0.0250196,-0.186077,1.7991,-0.0302546,0.451488,1.85214
559,0,-0.0246794,-0.186162,1.79893,-0.0302546,0.451488,1.85214
560,0,-0.0242913,-0.188079,1.7973,-0.0302546,0.451488,1.85214
561,0,-0.0247165,-0.185782,1.79949,-0.0302546,0.451488,1.85214
562,0,-0.0251053,-0.186184,1.79881,-0.0302546,0.451488,1.85214
563,0,-0.0245493,-0.186964,1.7985,-0.0302546,0.451488,1.85214
564,0,-0.0246398,-0.187081,1.79882,-0.0302546,0.451488,1.85214
565,0,-0.0246872,-0.187562,1.7964,-0.0302546,0.451488,1.85214
566,0,-0.0253748,-0.185946,1.8003,-0.0302546,0.451488,1.85214
567,0,-0.0245413,-0.186973,1.79882,-0.0302546,0.451488,1.85214
568,0,-0.0247248,-0.186649,1.7997,-0.0302546,0.451488,1.85214
569,0,-0.0243654,-0.186829,1.79668,-0.0302546,0.451488,1.85214
570,0,-0.0245564,-0.187972,1.79653,-0.0302546,0.451488,1.85214
571,0,-0.0249433,-0.186652,1.79922,-0.0302546,0.451488,1.85214
572,0,-0.0245745,-0.186221,1.79895,-0.0302546,0.451488,1.85214
573,0,-0.0241892,-0.18667,1.79912,-0.0302546,0.451488,1.85214
574,0,-0.0245061,-0.188223,1.79689,-0.0302546,0.451488,1.85214
575,0,-0.0243849,-0.186775,1.79872,-0.0302546,0.451488,1.85214
576,0,-0.0247939,-0.187726,1.79725,-0.0302546,0.451488,1.85214
577,0,-0.0242391,-0.187181,1.79901,-0.0302546,0.451488,1.85214
578,0,-0.0245448,-0.186677,1.79825,-0.0302546,0.451488,1.85214
579,0,-0.0247121,-0.188318,1.79668,-0.0302546,0.451488,1.85214
580,0,-0.0251577,-0.186131,1.79971,-0.0302546,0.451488,1.85214
581,0,-0.0242518,-0.187631,1.79661,-0.0302546,0.451488,1.85214
582,0,-0.0239077,-0.188628,1.79715,-0.0302546,0.451488,1.85214
583,0,-0.0243271,-0.188004,1.79762,-0.0302546,0.451488,1.85214
584,0,-0.0241674,-0.188172,1.79786,-0.0302546,0.451488,1.85214
585,0,-0.0240114,-0.188401,1.79668,-0.0302546,0.451488,1.85214
586,0,-0.0243197,-0.188091,1.79857,-0.0302546,0.451488,1.85214
587,0,-0.0243017,-0.187,1.79912,-0.0302546,0.451488,1.85214
588,0,-0.0249632,-0.186399,1.79962,-0.0302546,0.451488,1.85214
589,0,-0.023796,-0.188139,1.79727,-0.0302546,0.451488,1.85214
590,0,-0.0242366,-0.188288,1.79737,-0.0302546,0.451488,1.85214
591,0,-0.0245371,-0.186541,1.79871,-0.0302546,0.451488,1.85214
592,0,-0.0239572,-0.187446,1.7976,-0.0302546,0.451488,1.85214
593,0,-0.0239165,-0.188017,1.79782,-0.0302546,0.451488,1.85214
594,0,-0.024406,-0.188095,1.7976,-0.0302546,0.451488,1.85214
595,0,-0.0246968,-0.188061,1.79756,-0.0302546,0.451488,1.85214
596,0,-0.0251673,-0.187514,1.79769,-0.0302546,0.451488,1.85214
597,0,-0.0244449,-0.187733,1.79665,-0.0302546,0.451488,1.85214
598,0,-0.0244188,-0.18663,1.79958,-0.0302546,0.451488,1.85214
599,0,-0.0241554,-0.187078,1.79649,-0.0302546,0.451488,1.85214
600,0,-0.0239863,-0.188539,1.79694,-0.0302546,0.451488,1.85214
601,0,-0.024487,-0.185906,1.79845,-0.0302546,0.451488,1.85214
602,0,-0.0237355,-0.188216,1.7969,-0.0302546,0.451488,1.85214
603,0,-0.0240136,-0.188086,1.79675,-0.0302546,0.451488,1.85214
604,0,-0.024797,-0.184713,1.80007,-0.0302546,0.451488,1.85214
605,0,-0.0246476,-0.186803,1.79685,-0.0302546,0.451488,1.85214
606,0,-0.0259944,-0.185119,1.79928,-0.0302546,0.451488,1.85214
607,1,-0.0270305,-0.184648,1.79865,-0.0302546,0.451488,1.85214
608,1,-0.0259551,-0.18595,1.79775,-0.0302546,0.451488,1.85214
609,1,-0.0252541,-0.186336,1.79854,-0.0302546,0.451488,1.85214
610,1,-0.0273425,-0.183869,1.80129,-0.0302546,0.451488,1.85214
611,1,-0.0274045,-0.18475,1.80088,-0.0302546,0.451488,1.85214
612,1,-0.0265861,-0.183887,1.80048,-0.0302546,0.451488,1.85214
613,1,-0.0273993,-0.182671,1.80263,-0.0302546,0.451488,1.85214
614,1,-0.025996,-0.186222,1.79875,-0.0302546,0.451488,1.85214
615,1,-0.0279639,-0.182708,1.80222,-0.0302546,0.451488,1.85214
616,1,-0.0269247,-0.186388,1.79769,-0.0302546,0.451488,1.85214
617,1,-0.0255472,-0.186894,1.79638,-0.0302546,0.451488,1.85214
618,1,-0.027484,-0.18329,1.80174,-0.0302546,0.451488,1.85214
619,1,-0.0266505,-0.185416,1.79789,-0.0302546,0.451488,1.85214
620,1,-0.027419,-0.184948,1.79754,-0.0302546,0.451488,1.85214
621,1,-0.0290432,-0.182687,1.80291,-0.0302546,0.451488,1.85214
622,1,-0.0289775,-0.181669,1.80265,-0.0302546,0.451488,1.85214
623,1,-0.0273009,-0.185654,1.79795,-0.0302546,0.451488,1.85214
624,1,-0.0295123,-0.180959,1.80277,-0.0302546,0.451488,1.85214
625,1,-0.0278562,-0.183425,1.80149,-0.0302546,0.451488,1.85214
626,1,-0.0279682,-0.182582,1.8015,-0.0302546,0.451488,1.85214
627,1,-0.0281158,-0.182555,1.80156,-0.0302546,0.451488,1.85214
628,1,-0.0269595,-0.185508,1.7965,-0.0302546,0.451488,1.85214
629,1,-0.027041,-0.185547,1.79715,-0.0302546,0.451488,1.85214
630,1,-0.0283582,-0.182969,1.80087,-0.0302546,0.451488,1.85214
631,1,-0.028499,-0.182216,1.80163,-0.0302546,0.451488,1.85214
632,1,-0.027864,-0.182306,1.80078,-0.0302546,0.451488,1.85214
633,1,-0.0285977,-0.182684,1.79997,-0.0302546,0.451488,1.85214
634,1,-0.0290633,-0.184163,1.79799,-0.0302546,0.451488,1.85214
635,1,-0.0293577,-0.182753,1.80019,-0.0302546,0.451488,1.85214
636,1,-0.0285702,-0.183924,1.79768,-0.0302546,0.451488,1.85214
637,1,-0.0289617,-0.184303,1.79743,-0.0302546,0.451488,1.85214
638,1,-0.0293206,-0.18129,1.80234,-0.0302546,0.451488,1.85214
639,1,-0.0276103,-0.184974,1.79759,-0.0302546,0.451488,1.85214
640,1,-0.0289983,-0.182349,1.80102,-0.0302546,0.451488,1.85214
641,1,-0.0291046,-0.183811,1.79837,-0.0302546,0.451488,1.85214
642,1,-0.0292748,-0.18165,1.80148,-0.0302546,0.451488,1.85214
643,1,-0.0288932,-0.183612,1.79879,-0.0302546,0.451488,1.85214
644,1,-0.0287557,-0.183459,1.79812,-0.0302546,0.451488,1.85214
645,1,-0.0289668,-0.181135,1.79875,-0.0302546,0.451488,1.85214
646,1,-0.0280269,-0.178531,1.79697,-0.0302546,0.451488,1.85214
647,1,-0.0278062,-0.174243,1.79566,-0.0302546,0.451488,1.85214
648,1,-0.025494,-0.168895,1.78908,-0.0302546,0.451488,1.85214
649,1,-0.0230095,-0.160735,1.78439,-0.0302546,0.451488,1.85214
650,1,-0.0238568,-0.150081,1.77938,-0.0302546,0.451488,1.85214
651,1,-0.023677,-0.135042,1.7747,-0.0302546,0.451488,1.85214
652,1,-0.0227735,-0.117564,1.77055,-0.0302546,0.451488,1.85214
653,1,-0.0204609,-0.0993874,1.76319,-0.0302546,0.451488,1.85214
654,1,-0.0191093,-0.0820198,1.75562,-0.0302546,0.451488,1.85214
655,1,-0.0166176,-0.0608184,1.74781,-0.0302546,0.451488,1.85214
656,1,-0.0148272,-0.0409026,1.74184,-0.0302546,0.451488,1.85214
657,1,-0.0142015,-0.0188046,1.7345,-0.0302546,0.451488,1.85214
658,1,-0.0126524,0.00141146,1.72856,-0.0302546,0.451488,1.85214
659,1,-0.0104633,0.02394,1.72552,-0.0302546,0.451488,1.85214
660,1,-0.00950274,0.047526,1.72148,-0.0302546,0.451488,1.85214
661,1,-0.0092388,0.0693217,1.7183,-0.0302546,0.451488,1.85214
662,1,-0.008685,0.0915063,1.71543,-0.0302546,0.451488,1.85214
663,1,-0.00718881,0.118598,1.71442,-0.0302546,0.451488,1.85214
664,1,-0.00624747,0.143735,1.71568,-0.0302546,0.451488,1.85214
665,1,-0.0053259,0.168193,1.71728,-0.0302546,0.451488,1.85214
666,1,-0.00452668,0.192353,1.71886,-0.0302546,0.451488,1.85214
667,1,-0.00609191,0.213076,1.72364,-0.0302546,0.451488,1.85214
668,1,-0.00737311,0.233234,1.7254,-0.0302546,0.451488,1.85214
669,1,-0.0037601,0.251656,1.72782,-0.0302546,0.451488,1.85214
670,1,-0.00412673,0.266537,1.73147,-0.0302546,0.451488,1.85214
671,1,-0.00520021,0.282875,1.73669,-0.0302546,0.451488,1.85214
672,1,-0.00481598,0.299351,1.74051,-0.0302546,0.451488,1.85214
673,1,-0.00481205,0.312091,1.7476,-0.0302546,0.451488,1.85214
674,1,-0.00546793,0.324688,1.7517,-0.0302546,0.451488,1.85214
675,1,-0.00637171,0.333633,1.75501,-0.0302546,0.451488,1.85214
676,1,-0.00579429,0.338256,1.75798,-0.0302546,0.451488,1.85214
677,1,-0.00717018,0.346058,1.76311,-0.0302546,0.451488,1.85214
678,1,-0.00719592,0.353483,1.76817,-0.0302546,0.451488,1.85214
679,1,-0.00840075,0.35355,1.76623,-0.0302546,0.451488,1.85214
680,1,-0.00893892,0.360712,1.77191,-0.0302546,0.451488,1.85214
681,1,-0.00926269,0.365535,1.77433,-0.0302546,0.451488,1.85214
682,1,-0.0091709,0.367296,1.77496,-0.0302546,0.451488,1.85214
683,1,-0.00968882,0.374962,1.77974,-0.0302546,0.451488,1.85214
684,1,-0.00902656,0.376853,1.77957,-0.0302546,0.451488,1.85214
685,1,-0.00905341,0.378702,1.78099,-0.0302546,0.451488,1.85214
686,1,-0.00859006,0.38163,1.78274,-0.0302546,0.451488,1.85214
687,1,-0.00815792,0.385568,1.7826,-0.0302546,0.451488,1.85214
688,1,-0.0092776,0.387134,1.78296,-0.0302546,0.451488,1.85214
689,1,-0.00892571,0.390808,1.78735,-0.0302546,0.451488,1.85214
690,1,-0.00749348,0.389609,1.78299,-0.0302546,0.451488,1.85214
691,1,-0.00811307,0.391097,1.78413,-0.0302546,0.451488,1.85214
692,1,-0.00990396,0.39331,1.78816,-0.0302546,0.451488,1.85214
693,1,-0.00852302,0.395495,1.78935,-0.0302546,0.451488,1.85214
694,1,-0.00923498,0.397908,1.79027,-0.0302546,0.451488,1.85214
695,1,-0.0105544,0.395748,1.78684,-0.0302546,0.451488,1.85214
696,1,-0.0100819,0.395246,1.78517,-0.0302546,0.451488,1.85214
697,1,-0.0112387,0.395356,1.78085,-0.0302546,0.451488,1.85214
698,1,-0.011417,0.398318,1.78106,-0.0302546,0.451488,1.85214
699,1,-0.0104909,0.396817,1.77998,-0.0302546,0.451488,1.85214
700,1,-0.00964073,0.398519,1.78164,-0.0302546,0.451488,1.85214
701,1,-0.012521,0.398296,1.77988,-0.0302546,0.451488,1.85214
702,1,-0.0133262,0.398692,1.78125,-0.0302546,0.451488,1.85214
703,1,-0.0152562,0.398531,1.78,-0.0302546,0.451488,1.85214
704,1,-0.0141733,0.398306,1.78171,-0.0302546,0.451488,1.85214
705,1,-0.0136431,0.396964,1.78043,-0.0302546,0.451488,1.85214
706,1,-0.0152916,0.400765,1.78617,-0.0302546,0.451488,1.85214
707,1,-0.0142509,0.399798,1.78273,-0.0302546,0.451488,1.85214
708,1,-0.00275562,0.400572,1.76465,-0.0302546,0.451488,1.85214
709,1,-0.0112118,0.39987,1.78127,-0.0302546,0.451488,1.85214
710,1,-0.0131546,0.400253,1.78179,-0.0302546,0.451488,1.85214
711,1,-0.0116868,0.400643,1.7787,-0.0302546,0.451488,1.85214
712,1,-0.0125682,0.398722,1.77835,-0.0302546,0.451488,1.85214
713,1,-0.0124113,0.400865,1.78392,-0.0302546,0.451488,1.85214
714,1,-0.0117559,0.400042,1.78287,-0.0302546,0.451488,1.85214
715,1,-0.0126499,0.398991,1.78312,-0.0302546,0.451488,1.85214
716,1,-0.0116948,0.399516,1.78402,-0.0302546,0.451488,1.85214
717,1,-0.0115617,0.399836,1.7827,-0.0302546,0.451488,1.85214
718,1,-0.0166545,0.399284,1.78628,-0.0302546,0.451488,1.85214
719,1,-0.0150737,0.400839,1.78721,-0.0302546,0.451488,1.85214
720,1,-0.0154569,0.400065,1.78639,-0.0302546,0.451488,1.85214
721,1,-0.0160758,0.400516,1.78728,-0.0302546,0.451488,1.85214
722,1,-0.0161476,0.399289,1.78736,-0.0302546,0.451488,1.85214
723,1,-0.0147743,0.397938,1.78247,-0.0302546,0.451488,1.85214
724,1,-0.015501,0.398262,1.78261,-0.0302546,0.451488,1.85214
725,1,-0.0186644,0.397979,1.77834,-0.0302546,0.451488,1.85214
726,1,-0.0203302,0.400263,1.78037,-0.0302546,0.451488,1.85214
727,1,-0.0194054,0.396374,1.77016,-0.0302546,0.451488,1.85214
728,1,-0.0255012,0.397238,1.77082,-0.0302546,0.451488,1.85214
729,1,-0.0292915,0.395209,1.76827,-0.0302546,0.451488,1.85214
730,1,-0.0340552,0.389769,1.75522,-0.0302546,0.451488,1.85214
731,1,-0.0441587,0.383224,1.73969,-0.0302546,0.451488,1.85214
732,1,-0.0561322,0.384694,1.73571,-0.0302546,0.451488,1.85214
733,1,-0.0690437,0.371221,1.71515,-0.0302546,0.451488,1.85214
734,1,-0.085998,0.36685,1.70377,-0.0302546,0.451488,1.85214
735,1,-0.106107,0.354598,1.68899,-0.0302546,0.451488,1.85214
736,1,-0.126237,0.337442,1.67169,-0.0302546,0.451488,1.85214
737,1,-0.147117,0.326813,1.65812,-0.0302546,0.451488,1.85214
738,1,-0.172147,0.299503,1.64551,-0.0302546,0.451488,1.85214
739,1,-0.196643,0.270406,1.63544,-0.0302546,0.451488,1.85214
740,1,-0.219462,0.245429,1.62512,-0.0302546,0.451488,1.85214
741,1,-0.239927,0.211957,1.61596,-0.0302546,0.451488,1.85214
742,1,-0.260567,0.177217,1.61514,-0.0302546,0.451488,1.85214
743,1,-0.280564,0.144401,1.61263,-0.0302546,0.451488,1.85214
744,1,-0.297121,0.108667,1.61354,-0.0302546,0.451488,1.85214
745,1,-0.315036,0.0755213,1.61776,-0.0302546,0.451488,1.85214
746,1,-0.329296,0.0404959,1.62503,-0.0302546,0.451488,1.85214
747,1,-0.342128,0.0129759,1.63252,-0.0302546,0.451488,1.85214
748,1,-0.350742,-0.0145542,1.63654,-0.0302546,0.451488,1.85214
749,1,-0.358579,-0.0366937,1.6473,-0.0302546,0.451488,1.85214
750,1,-0.365149,-0.0585394,1.65274,-0.0302546,0.451488,1.85214
751,1,-0.369458,-0.0765917,1.66014,-0.0302546,0.451488,1.85214
752,1,-0.373924,-0.0906051,1.66456,-0.0302546,0.451488,1.85214
753,1,-0.37766,-0.103663,1.66861,-0.0302546,0.451488,1.85214
754,1,-0.378784,-0.112083,1.67167,-0.0302546,0.451488,1.85214
755,1,-0.381416,-0.121626,1.67622,-0.0302546,0.451488,1.85214
756,1,-0.382493,-0.126702,1.67965,-0.0302546,0.451488,1.85214
757,1,-0.383845,-0.130426,1.6808,-0.0302546,0.451488,1.85214
758,1,-0.38412,-0.134496,1.68245,-0.0302546,0.451488,1.85214
759,1,-0.384624,-0.137638,1.68332,-0.0302546,0.451488,1.85214
760,1,-0.38496,-0.141644,1.68319,-0.0302546,0.451488,1.85214
761,1,-0.38621,-0.143332,1.68595,-0.0302546,0.451488,1.85214
762,1,-0.386105,-0.14429,1.68744,-0.0302546,0.451488,1.85214
763,1,-0.387359,-0.146226,1.68858,-0.0302546,0.451488,1.85214
764,1,-0.386761,-0.149906,1.68781,-0.0302546,0.451488,1.85214
765,1,-0.386565,-0.150811,1.68879,-0.0302546,0.451488,1.85214
766,1,-0.38542,-0.153024,1.68746,-0.0302546,0.451488,1.85214
767,1,-0.385869,-0.155813,1.68794,-0.0302546,0.451488,1.85214
768,1,-0.385656,-0.155175,1.6897,-0.0302546,0.451488,1.85214
769,1,-0.386035,-0.155458,1.6895,-0.0302546,0.451488,1.85214
770,1,-0.386216,-0.154226,1.69137,-0.0302546,0.451488,1.85214
771,1,-0.3863,-0.154389,1.69145,-0.0302546,0.451488,1.85214
772,1,-0.386245,-0.154204,1.6915,-0.0302546,0.451488,1.85214
773,1,-0.386081,-0.153609,1.69225,-0.0302546,0.451488,1.85214
774,1,-0.387394,-0.153581,1.69235,-0.0302546,0.451488,1.85214
775,1,-0.38711,-0.152908,1.69213,-0.0302546,0.451488,1.85214
776,1,-0.386756,-0.152976,1.69242,-0.0302546,0.451488,1.85214
777,1,-0.386997,-0.15363,1.69311,-0.0302546,0.451488,1.85214
778,1,-0.387021,-0.152345,1.6931,-0.0302546,0.451488,1.85214
779,0,-0.386557,-0.153532,1.69297,-0.0302546,0.451488,1.85214
780,0,-0.386825,-0.152412,1.69312,-0.0302546,0.451488,1.85214
781,0,-0.387207,-0.151967,1.69384,-0.0302546,0.451488,1.85214
782,0,-0.387339,-0.153219,1.6941,-0.0302546,0.451488,1.85214
783,0,-0.386898,-0.152925,1.6926,-0.0302546,0.451488,1.85214
784,0,-0.386658,-0.153367,1.6927,-0.0302546,0.451488,1.85214
785,0,-0.387145,-0.153079,1.69326,-0.0302546,0.451488,1.85214
786,0,-0.386902,-0.152389,1.69366,-0.0302546,0.451488,1.85214
787,0,-0.386711,-0.153297,1.69274,-0.0302546,0.451488,1.85214
788,0,-0.38729,-0.152109,1.69329,-0.0302546,0.451488,1.85214
789,0,-0.38712,-0.152939,1.69348,-0.0302546,0.451488,1.85214
790,0,-0.387085,-0.152899,1.69285,-0.0302546,0.451488,1.85214
791,0,-0.386807,-0.151938,1.69267,-0.0302546,0.451488,1.85214
792,0,-0.386839,-0.153111,1.69216,-0.0302546,0.451488,1.85214
793,0,-0.386656,-0.154182,1.69178,-0.0302546,0.451488,1.85214
794,0,-0.387005,-0.152756,1.69264,-0.0302546,0.451488,1.85214
795,0,-0.38749,-0.15176,1.69381,-0.0302546,0.451488,1.85214
796,0,-0.387018,-0.152699,1.69275,-0.0302546,0.451488,1.85214
797,0,-0.387194,-0.152385,1.69391,-0.0302546,0.451488,1.85214
798,0,-0.386994,-0.152163,1.69267,-0.0302546,0.451488,1.85214
799,0,-0.387107,-0.152701,1.69257,-0.0302546,0.451488,1.85214
800,0,-0.386864,-0.152179,1.69373,-0.0302546,0.451488,1.85214
801,0,-0.3868,-0.15231,1.69296,-0.0302546,0.451488,1.85214
802,0,-0.387224,-0.152953,1.69331,-0.0302546,0.451488,1.85214
803,0,-0.387092,-0.153651,1.69379,-0.0302546,0.451488,1.85214
804,0,-0.387592,-0.151939,1.69346,-0.0302546,0.451488,1.85214
805,0,-0.387183,-0.153059,1.69372,-0.0302546,0.451488,1.85214
806,0,-0.387092,-0.152327,1.6934,-0.0302546,0.451488,1.85214
807,0,-0.387127,-0.152815,1.69311,-0.0302546,0.451488,1.85214
808,0,-0.386917,-0.152445,1.6924,-0.0302546,0.451488,1.85214
809,0,-0.386885,-0.153084,1.69277,-0.0302546,0.451488,1.85214
810,0,-0.386993,-0.152317,1.69285,-0.0302546,0.451488,1.85214
811,0,-0.387656,-0.15096,1.69436,-0.0302546,0.451488,1.85214
812,0,-0.387143,-0.152804,1.69292,-0.0302546,0.451488,1.85214
813,0,-0.386929,-0.152065,1.69244,-0.0302546,0.451488,1.85214
814,0,-0.38677,-0.152054,1.69261,-0.0302546,0.451488,1.85214
815,0,-0.387182,-0.152313,1.69301,-0.0302546,0.451488,1.85214
816,0,-0.386496,-0.152963,1.69282,-0.0302546,0.451488,1.85214
817,0,-0.386808,-0.151966,1.69326,-0.0302546,0.451488,1.85214
818,0,-0.387548,-0.151468,1.69413,-0.0302546,0.451488,1.85214
819,0,-0.38739,-0.152793,1.69324,-0.0302546,0.451488,1.85214
820,0,-0.387571,-0.152024,1.69336,-0.0302546,0.451488,1.85214
821,0,-0.386951,-0.153412,1.69271,-0.0302546,0.451488,1.85214
822,0,-0.386917,-0.152487,1.69341,-0.0302546,0.451488,1.85214
823,0,-0.387494,-0.152189,1.69334,-0.0302546,0.451488,1.85214
824,0,-0.387677,-0.152038,1.69349,-0.0302546,0.451488,1.85214
825,0,-0.387371,-0.152612,1.69416,-0.0302546,0.451488,1.85214
826,0,-0.386603,-0.152316,1.69342,-0.0302546,0.451488,1.85214
827,0,-0.387185,-0.15107,1.6942,-0.0302546,0.451488,1.85214
828,0,-0.386624,-0.15181,1.694,-0.0302546,0.451488,1.85214
829,0,-0.386007,-0.151668,1.69345,-0.0302546,0.451488,1.85214
830,0,-0.386092,-0.152785,1.69365,-0.0302546,0.451488,1.85214
831,0,-0.386488,-0.151506,1.69335,-0.0302546,0.451488,1.85214
832,0,-0.386549,-0.153009,1.69473,-0.0302546,0.451488,1.85214
833,0,-0.386379,-0.151767,1.693,-0.0302546,0.451488,1.85214
834,0,-0.386454,-0.152503,1.69368,-0.0302546,0.451488,1.85214
835,0,-0.386608,-0.151826,1.69298,-0.0302546,0.451488,1.85214
836,0,-0.386577,-0.152691,1.6935,-0.0302546,0.451488,1.85214
837,0,-0.386856,-0.152576,1.69379,-0.0302546,0.451488,1.85214
838,0,-0.3875,-0.151773,1.69414,-0.0302546,0.451488,1.85214
839,0,-0.387213,-0.152639,1.69344,-0.0302546,0.451488,1.85214
840,0,-0.387512,-0.151848,1.69339,-0.0302546,0.451488,1.85214
841,0,-0.386406,-0.152089,1.69202,-0.0302546,0.451488,1.85214
842,0,-0.386878,-0.151913,1.69277,-0.0302546,0.451488,1.85214
843,0,-0.386927,-0.151619,1.69251,-0.0302546,0.451488,1.85214
844,0,-0.387131,-0.151853,1.69325,-0.0302546,0.451488,1.85214
845,0,-0.387297,-0.152548,1.69326,-0.0302546,0.451488,1.85214
846,0,-0.387914,-0.151839,1.69379,-0.0302546,0.451488,1.85214
847,0,-0.386484,-0.152782,1.69231,-0.0302546,0.451488,1.85214
848,0,-0.386732,-0.15211,1.69261,-0.0302546,0.451488,1.85214
849,0,-0.387233,-0.150998,1.69276,-0.0302546,0.451488,1.85214
850,0,-0.386503,-0.151482,1.69241,-0.0302546,0.451488,1.85214
851,0,-0.386763,-0.151556,1.69248,-0.0302546,0.451488,1.85214
852,0,-0.387166,-0.151345,1.69319,-0.0302546,0.451488,1.85214
853,0,-0.387019,-0.153005,1.69269,-0.0302546,0.451488,1.85214
854,0,-0.386939,-0.151751,1.69269,-0.0302546,0.451488,1.85214
855,0,-0.387142,-0.152496,1.69268,-0.0302546,0.451488,1.85214
856,0,-0.386622,-0.152948,1.69311,-0.0302546,0.451488,1.85214
857,0,-0.387232,-0.151919,1.69299,-0.0302546,0.451488,1.85214
858,0,-0.387483,-0.152139,1.69319,-0.0302546,0.451488,1.85214
859,0,-0.386907,-0.152412,1.69264,-0.0302546,0.451488,1.85214
860,0,-0.38654,-0.15192,1.69247,-0.0302546,0.451488,1.85214
861,0,-0.386968,-0.151318,1.69331,-0.0302546,0.451488,1.85214
862,0,-0.387041,-0.15189,1.69227,-0.0302546,0.451488,1.85214
863,0,-0.386942,-0.152672,1.69249,-0.0302546,0.451488,1.85214
864,0,-0.387195,-0.150747,1.69388,-0.0302546,0.451488,1.85214
865,0,-0.386996,-0.152082,1.69272,-0.0302546,0.451488,1.85214
866,0,-0.38727,-0.151254,1.69307,-0.0302546,0.451488,1.85214
867,0,-0.386922,-0.151206,1.69219,-0.0302546,0.451488,1.85214
868,0,-0.387436,-0.152259,1.69215,-0.0302546,0.451488,1.85214
869,0,-0.387379,-0.152099,1.69325,-0.0302546,0.451488,1.85214
870,0,-0.386911,-0.152521,1.69316,-0.0302546,0.451488,1.85214
871,0,-0.386373,-0.151387,1.69203,-0.0302546,0.451488,1.85214
872,0,-0.387499,-0.152527,1.69385,-0.0302546,0.451488,1.85214
873,0,-0.386844,-0.151634,1.69335,-0.0302546,0.451488,1.85214
874,0,-0.38736,-0.152117,1.69283,-0.0302546,0.451488,1.85214
875,0,-0.386706,-0.152007,1.69249,-0.0302546,0.451488,1.85214
876,0,-0.38666,-0.151134,1.69245,-0.0302546,0.451488,1.85214
877,0,-0.386639,-0.152304,1.69214,-0.0302546,0.451488,1.85214
878,0,-0.386629,-0.151563,1.69239,-0.0302546,0.451488,1.85214
879,0,-0.386788,-0.151489,1.69227,-0.0302546,0.451488,1.85214
880,0,-0.386668,-0.151481,1.69232,-0.0302546,0.451488,1.85214
881,0,-0.38734,-0.152144,1.69219,-0.0302546,0.451488,1.85214
882,0,-0.38708,-0.151347,1.69279,-0.0302546,0.451488,1.85214
883,0,-0.387275,-0.150323,1.69368,-0.0302546,0.451488,1.85214
884,0,-0.387326,-0.152284,1.69275,-0.0302546,0.451488,1.85214
885,0,-0.387363,-0.152297,1.69331,-0.0302546,0.451488,1.85214
886,0,-0.386737,-0.151874,1.6928,-0.0302546,0.451488,1.85214
887,0,-0.386981,-0.152882,1.69307,-0.0302546,0.451488,1.85214
888,0,-0.387266,-0.151281,1.69334,-0.0302546,0.451488,1.85214
889,0,-0.386863,-0.152102,1.69297,-0.0302546,0.451488,1.85214
890,0,-0.387482,-0.152162,1.69306,-0.0302546,0.451488,1.85214
892,0,-0.387306,-0.15195,1.69296,-0.0302546,0.451488,1.85214
893,0,-0.387913,-0.151381,1.6934,-0.0302546,0.451488,1.85214
894,0,-0.38713,-0.15198,1.69313,-0.0302546,0.451488,1.85214
895,0,-0.386982,-0.152201,1.69305,-0.0302546,0.451488,1.85214
896,0,-0.386672,-0.1508,1.69219,-0.0302546,0.451488,1.85214
897,0,-0.387437,-0.15239,1.69333,-0.0302546,0.451488,1.85214
898,0,-0.387431,-0.151058,1.69256,-0.0302546,0.451488,1.85214
899,0,-0.387242,-0.151596,1.69287,-0.0302546,0.451488,1.85214
900,0,-0.387404,-0.150921,1.69388,-0.0302546,0.451488,1.85214
901,0,-0.387287,-0.151577,1.69299,-0.0302546,0.451488,1.85214
902,0,-0.386926,-0.151812,1.6931,-0.0302546,0.451488,1.85214
903,0,-0.38772,-0.15253,1.69303,-0.0302546,0.451488,1.85214
904,0,-0.387696,-0.15111,1.69357,-0.0302546,0.451488,1.85214
905,0,-0.387667,-0.151831,1.69383,-0.0302546,0.451488,1.85214
906,0,-0.386531,-0.152064,1.69209,-0.0302546,0.451488,1.85214
907,0,-0.387762,-0.151896,1.69275,-0.0302546,0.451488,1.85214
909,0,-0.387614,-0.151892,1.69343,-0.0302546,0.451488,1.85214
910,0,-0.386783,-0.152328,1.69263,-0.0302546,0.451488,1.85214
911,0,-0.386971,-0.151525,1.6928,-0.0302546,0.451488,1.85214
912,0,-0.386637,-0.151418,1.69256,-0.0302546,0.451488,1.85214
913,0,-0.387111,-0.152074,1.69178,-0.0302546,0.451488,1.85214
914,0,-0.387271,-0.151845,1.69257,-0.0302546,0.451488,1.85214
915,0,-0.387203,-0.152379,1.69243,-0.0302546,0.451488,1.85214
916,0,-0.387523,-0.150646,1.69294,-0.0302546,0.451488,1.85214
917,0,-0.386436,-0.151348,1.69143,-0.0302546,0.451488,1.85214
918,0,-0.387266,-0.152087,1.69302,-0.0302546,0.451488,1.85214
919,0,-0.386881,-0.151847,1.69303,-0.0302546,0.451488,1.85214
920,0,-0.387846,-0.151545,1.69274,-0.0302546,0.451488,1.85214
921,0,-0.387503,-0.151624,1.69246,-0.0302546,0.451488,1.85214
922,0,-0.387581,-0.152181,1.69304,-0.0302546,0.451488,1.85214
923,0,-0.386881,-0.151941,1.69254,-0.0302546,0.451488,1.85214
924,0,-0.387075,-0.151851,1.69294,-0.0302546,0.451488,1.85214
925,0,-0.386931,-0.152417,1.69233,-0.0302546,0.451488,1.85214
926,0,-0.387043,-0.151654,1.69289,-0.0302546,0.451488,1.85214
927,0,-0.386632,-0.152391,1.69189,-0.0302546,0.451488,1.85214
928,0,-0.386665,-0.151691,1.69253,-0.0302546,0.451488,1.85214
929,0,-0.386898,-0.152379,1.69234,-0.0302546,0.451488,1.85214
930,0,-0.386601,-0.153003,1.69142,-0.0302546,0.451488,1.85214
931,0,-0.387126,-0.151056,1.69271,-0.0302546,0.451488,1.85214
932,0,-0.386598,-0.152853,1.69183,-0.0302546,0.451488,1.85214
933,0,-0.387165,-0.15237,1.69219,-0.0302546,0.451488,1.85214
934,0,-0.386542,-0.151335,1.69276,-0.0302546,0.451488,1.85214
935,0,-0.38661,-0.15181,1.69148,-0.0302546,0.451488,1.85214
936,0,-0.386967,-0.152229,1.69216,-0.0302546,0.451488,1.85214
937,0,-0.386983,-0.152104,1.69206,-0.0302546,0.451488,1.85214
938,0,-0.386645,-0.151987,1.6921,-0.0302546,0.451488,1.85214
939,0,-0.387218,-0.151888,1.69238,-0.0302546,0.451488,1.85214
940,0,-0.387405,-0.152346,1.69166,-0.0302546,0.451488,1.85214
941,0,-0.386669,-0.150846,1.69334,-0.0302546,0.451488,1.85214
942,0,-0.386992,-0.152215,1.69229,-0.0302546,0.451488,1.85214
943,0,-0.386753,-0.151625,1.69203,-0.0302546,0.451488,1.85214
944,0,-0.386759,-0.152306,1.69235,-0.0302546,0.451488,1.85214
945,0,-0.386997,-0.152176,1.69156,-0.0302546,0.451488,1.85214
946,0,-0.387438,-0.151747,1.69219,-0.0302546,0.451488,1.85214
947,0,-0.386908,-0.151787,1.69268,-0.0302546,0.451488,1.85214
948,0,-0.387156,-0.152393,1.69149,-0.0302546,0.451488,1.85214
949,0,-0.387182,-0.151787,1.69201,-0.0302546,0.451488,1.85214
950,0,-0.38693,-0.152295,1.69214,-0.0302546,0.451488,1.85214
951,0,-0.38736,-0.152359,1.69181,-0.0302546,0.451488,1.85214
952,0,-0.386778,-0.152174,1.69162,-0.0302546,0.451488,1.85214
953,0,-0.386702,-0.151783,1.69223,-0.0302546,0.451488,1.85214
954,0,-0.386806,-0.152231,1.69258,-0.0302546,0.451488,1.85214
955,0,-0.387288,-0.151273,1.69314,-0.0302546,0.451488,1.85214
956,0,-0.386843,-0.152518,1.69265,-0.0302546,0.451488,1.85214
957,0,-0.387093,-0.151066,1.69215,-0.0302546,0.451488,1.85214
958,0,-0.386322,-0.152394,1.69203,-0.0302546,0.451488,1.85214
959,0,-0.387147,-0.152179,1.69094,-0.0302546,0.451488,1.85214
960,0,-0.386516,-0.152106,1.69241,-0.0302546,0.451488,1.85214
961,0,-0.386421,-0.152027,1.69204,-0.0302546,0.451488,1.85214
962,0,-0.386867,-0.15099,1.69195,-0.0302546,0.451488,1.85214
963,0,-0.387293,-0.1523,1.69298,-0.0302546,0.451488,1.85214
964,0,-0.386698,-0.151381,1.69213,-0.0302546,0.451488,1.85214
965,0,-0.386754,-0.152138,1.69305,-0.0302546,0.451488,1.85214
967,0,-0.386633,-0.151468,1.69202,-0.0302546,0.451488,1.85214
968,0,-0.386976,-0.151899,1.69228,-0.0302546,0.451488,1.85214
969,0,-0.386645,-0.15239,1.69189,-0.0302546,0.451488,1.85214
970,0,-0.386914,-0.151951,1.69242,-0.0302546,0.451488,1.85214
971,0,-0.387369,-0.152382,1.69247,-0.0302546,0.451488,1.85214
972,0,-0.387781,-0.151466,1.69302,-0.0302546,0.451488,1.85214
973,0,-0.387178,-0.152571,1.69234,-0.0302546,0.451488,1.85214
974,0,-0.387287,-0.151972,1.69233,-0.0302546,0.451488,1.85214
975,0,-0.387042,-0.152571,1.69289,-0.0302546,0.451488,1.85214
976,0,-0.386758,-0.15216,1.69114,-0.0302546,0.451488,1.85214
977,0,-0.38681,-0.152672,1.69245,-0.0302546,0.451488,1.85214
978,0,-0.386433,-0.152682,1.69136,-0.0302546,0.451488,1.85214
979,1,-0.387386,-0.150832,1.69244,-0.0302546,0.451488,1.85214
980,1,-0.387072,-0.151603,1.69209,-0.0302546,0.451488,1.85214
981,1,-0.386638,-0.152343,1.69169,-0.0302546,0.451488,1.85214
982,1,-0.386782,-0.153256,1.69213,-0.0302546,0.451488,1.85214
983,1,-0.386754,-0.152937,1.69219,-0.0302546,0.451488,1.85214
984,1,-0.386862,-0.153802,1.69212,-0.0302546,0.451488,1.85214
985,1,-0.385475,-0.153822,1.69051,-0.0302546,0.451488,1.85214
986,1,-0.386603,-0.15247,1.6918,-0.0302546,0.451488,1.85214
987,1,-0.386924,-0.15275,1.69305,-0.0302546,0.451488,1.85214
988,1,-0.386513,-0.152861,1.69224,-0.0302546,0.451488,1.85214
989,1,-0.386741,-0.153568,1.69208,-0.0302546,0.451488,1.85214
990,1,-0.386631,-0.153354,1.69168,-0.0302546,0.451488,1.85214
991,1,-0.386638,-0.153242,1.6915,-0.0302546,0.451488,1.85214
992,1,-0.386486,-0.154202,1.6918,-0.0302546,0.451488,1.85214
993,1,-0.386655,-0.153829,1.69231,-0.0302546,0.451488,1.85214
994,1,-0.385839,-0.153628,1.691,-0.0302546,0.451488,1.85214
995,1,-0.386095,-0.153815,1.69157,-0.0302546,0.451488,1.85214
996,1,-0.386158,-0.153565,1.69144,-0.0302546,0.451488,1.85214
997,1,-0.38648,-0.153063,1.69224,-0.0302546,0.451488,1.85214
998,1,-0.385762,-0.153841,1.69128,-0.0302546,0.451488,1.85214
999,1,-0.385539,-0.154112,1.69174,-0.0302546,0.451488,1.85214
1000,1,-0.386636,-0.153067,1.69183,-0.0302546,0.451488,1.85214
1001,1,-0.387273,-0.152163,1.69183,-0.0302546,0.451488,1.85214
1002,1,-0.385476,-0.153264,1.68941,-0.0302546,0.451488,1.85214
1003,1,-0.386623,-0.153143,1.69075,-0.0302546,0.451488,1.85214
1004,1,-0.386391,-0.15256,1.68987,-0.0302546,0.451488,1.85214
1005,1,-0.387401,-0.152614,1.69159,-0.0302546,0.451488,1.85214
1006,1,-0.387079,-0.153007,1.69139,-0.0302546,0.451488,1.85214
1007,1,-0.38693,-0.153526,1.69093,-0.0302546,0.451488,1.85214
1008,1,-0.386904,-0.152799,1.69137,-0.0302546,0.451488,1.85214
1009,1,-0.387007,-0.152394,1.69087,-0.0302546,0.451488,1.85214
1010,1,-0.386861,-0.152592,1.69147,-0.0302546,0.451488,1.85214
1011,1,-0.387009,-0.152322,1.69031,-0.0302546,0.451488,1.85214
1012,1,-0.386439,-0.153276,1.69031,-0.0302546,0.451488,1.85214
1013,1,-0.387589,-0.153013,1.69064,-0.0302546,0.451488,1.85214
1014,1,-0.387128,-0.152846,1.69044,-0.0302546,0.451488,1.85214
1015,1,-0.386874,-0.153239,1.69113,-0.0302546,0.451488,1.85214
1016,1,-0.386397,-0.153294,1.69086,-0.0302546,0.451488,1.85214
1017,1,-0.386998,-0.152848,1.6914,-0.0302546,0.451488,1.85214
1018,1,-0.386817,-0.152491,1.69078,-0.0302546,0.451488,1.85214
1019,1,-0.38729,-0.152428,1.69111,-0.0302546,0.451488,1.85214
1020,1,-0.386904,-0.152494,1.69128,-0.0302546,0.451488,1.85214
1021,1,-0.387134,-0.152747,1.6906,-0.0302546,0.451488,1.85214
1022,1,-0.386948,-0.152591,1.69177,-0.0302546,0.451488,1.85214
1023,1,-0.386873,-0.152556,1.69256,-0.0302546,0.451488,1.85214
1024,1,-0.387371,-0.152744,1.69211,-0.0302546,0.451488,1.85214
1025,1,-0.386616,-0.152788,1.69098,-0.0302546,0.451488,1.85214
1026,1,-0.386459,-0.15306,1.68972,-0.0302546,0.451488,1.85214
1027,1,-0.386728,-0.153339,1.68977,-0.0302546,0.451488,1.85214
1028,1,-0.385996,-0.152977,1.68901,-0.0302546,0.451488,1.85214
1029,1,-0.386436,-0.15205,1.68778,-0.0302546,0.451488,1.85214
1030,1,-0.3873,-0.148008,1.68593,-0.0302546,0.451488,1.85214
1031,1,-0.385463,-0.142151,1.68024,-0.0302546,0.451488,1.85214
1032,1,-0.385046,-0.132199,1.67512,-0.0302546,0.451488,1.85214
1033,1,-0.38128,-0.121321,1.66497,-0.0302546,0.451488,1.85214
1034,1,-0.375382,-0.110613,1.65747,-0.0302546,0.451488,1.85214
1035,1,-0.367395,-0.0948342,1.64865,-0.0302546,0.451488,1.85214
1036,1,-0.355347,-0.0796907,1.63765,-0.0302546,0.451488,1.85214
1037,1,-0.341375,-0.0653614,1.62707,-0.0302546,0.451488,1.85214
1038,1,-0.324697,-0.0481035,1.61507,-0.0302546,0.451488,1.85214
1039,1,-0.305359,-0.031979,1.60541,-0.0302546,0.451488,1.85214
1040,1,-0.281915,-0.0170218,1.59527,-0.0302546,0.451488,1.85214
1041,1,-0.255435,-0.000630664,1.58741,-0.0302546,0.451488,1.85214
1042,1,-0.230889,0.00990637,1.57979,-0.0302546,0.451488,1.85214
1043,1,-0.201788,0.0219164,1.57412,-0.0302546,0.451488,1.85214
1044,1,-0.174409,0.0328869,1.57193,-0.0302546,0.451488,1.85214
1045,1,-0.140453,0.0412846,1.56627,-0.0302546,0.451488,1.85214
1046,1,-0.108004,0.0456143,1.56433,-0.0302546,0.451488,1.85214
1047,1,-0.0764472,0.0459845,1.56857,-0.0302546,0.451488,1.85214
1048,1,-0.0422184,0.0456079,1.5702,-0.0302546,0.451488,1.85214
1049,1,-0.00756418,0.0433239,1.57707,-0.0302546,0.451488,1.85214
1050,1,0.0272908,0.0368293,1.58162,-0.0302546,0.451488,1.85214
1051,1,0.0567366,0.0279841,1.59104,-0.0302546,0.451488,1.85214
1052,1,0.0981585,0.0277571,1.59328,-0.0302546,0.451488,1.85214
1053,1,0.114854,0.00877618,1.61835,-0.0302546,0.451488,1.85214
1054,1,0.143278,-0.00329209,1.62893,-0.0302546,0.451488,1.85214
1055,1,0.169908,-0.0172005,1.64259,-0.0302546,0.451488,1.85214
1056,1,0.194392,-0.0311642,1.65972,-0.0302546,0.451488,1.85214
1057,1,0.217921,-0.0466271,1.66961,-0.0302546,0.451488,1.85214
1058,1,0.237512,-0.0624645,1.6814,-0.0302546,0.451488,1.85214
1059,1,0.253202,-0.0743572,1.69766,-0.0302546,0.451488,1.85214
1060,1,0.26794,-0.0910344,1.70428,-0.0302546,0.451488,1.85214
1061,1,0.278714,-0.104511,1.71693,-0.0302546,0.451488,1.85214
1062,1,0.289571,-0.114624,1.72514,-0.0302546,0.451488,1.85214
1063,1,0.299194,-0.12568,1.73363,-0.0302546,0.451488,1.85214
1064,1,0.305381,-0.134967,1.73984,-0.0302546,0.451488,1.85214
1065,1,0.308403,-0.144893,1.74685,-0.0302546,0.451488,1.85214
1066,1,0.311631,-0.151118,1.75115,-0.0302546,0.451488,1.85214
1067,1,0.31388,-0.157222,1.75845,-0.0302546,0.451488,1.85214
1068,1,0.315453,-0.160842,1.76115,-0.0302546,0.451488,1.85214
1069,1,0.315068,-0.166258,1.76305,-0.0302546,0.451488,1.85214
1070,1,0.316724,-0.168558,1.76599,-0.0302546,0.451488,1.85214
1071,1,0.316118,-0.171467,1.76775,-0.0302546,0.451488,1.85214
1072,1,0.317299,-0.175159,1.77113,-0.0302546,0.451488,1.85214
1073,1,0.316755,-0.179042,1.77327,-0.0302546,0.451488,1.85214
1074,1,0.316599,-0.180639,1.77681,-0.0302546,0.451488,1.85214
1075,1,0.316756,-0.182405,1.78015,-0.0302546,0.451488,1.85214
1076,1,0.315317,-0.184165,1.78038,-0.0302546,0.451488,1.85214
1077,1,0.315861,-0.185018,1.78293,-0.0302546,0.451488,1.85214
1078,1,0.316298,-0.185656,1.78378,-0.0302546,0.451488,1.85214
1079,1,0.317612,-0.187037,1.78334,-0.0302546,0.451488,1.85214
1080,1,0.317594,-0.187994,1.78482,-0.0302546,0.451488,1.85214
1081,1,0.317532,-0.187353,1.78624,-0.0302546,0.451488,1.85214
1082,1,0.316697,-0.187871,1.78667,-0.0302546,0.451488,1.85214
1083,1,0.316188,-0.188183,1.78774,-0.0302546,0.451488,1.85214
1084,1,0.317,-0.189099,1.78813,-0.0302546,0.451488,1.85214
1085,1,0.317496,-0.188377,1.78723,-0.0302546,0.451488,1.85214
1086,1,0.31662,-0.187582,1.78806,-0.0302546,0.451488,1.85214
1087,1,0.316229,-0.188184,1.78685,-0.0302546,0.451488,1.85214
1088,1,0.316862,-0.188835,1.78663,-0.0302546,0.451488,1.85214
1089,1,0.317702,-0.191005,1.78585,-0.0302546,0.451488,1.85214
1090,1,0.320013,-0.191877,1.78628,-0.0302546,0.451488,1.85214
1091,1,0.320293,-0.192823,1.78246,-0.0302546,0.451488,1.85214
1092,1,0.32751,-0.187464,1.77167,-0.0302546,0.451488,1.85214
1093,0,0.318316,-0.191682,1.78684,-0.0302546,0.451488,1.85214
1094,0,0.318616,-0.191283,1.78603,-0.0302546,0.451488,1.85214
1095,0,0.319805,-0.192473,1.78647,-0.0302546,0.451488,1.85214
1096,0,0.319851,-0.19197,1.78559,-0.0302546,0.451488,1.85214
1097,0,0.320293,-0.193129,1.78503,-0.0302546,0.451488,1.85214
1098,0,0.318871,-0.191917,1.78658,-0.0302546,0.451488,1.85214
1099,0,0.318186,-0.190736,1.78621,-0.0302546,0.451488,1.85214
1100,0,0.318872,-0.192398,1.78742,-0.0302546,0.451488,1.85214
1101,0,0.3195,-0.193009,1.7859,-0.0302546,0.451488,1.85214
1102,0,0.31959,-0.191883,1.78593,-0.0302546,0.451488,1.85214
1103,0,0.319602,-0.192367,1.78706,-0.0302546,0.451488,1.85214
1104,0,0.321047,-0.19362,1.78606,-0.0302546,0.451488,1.85214
1105,0,0.320777,-0.192137,1.78555,-0.0302546,0.451488,1.85214
1106,0,0.319127,-0.191365,1.78693,-0.0302546,0.451488,1.85214
1107,0,0.319337,-0.191679,1.78648,-0.0302546,0.451488,1.85214
1108,0,0.319459,-0.191618,1.78673,-0.0302546,0.451488,1.85214
1109,0,0.319001,-0.192235,1.78747,-0.0302546,0.451488,1.85214
1110,0,0.319624,-0.192553,1.78655,-0.0302546,0.451488,1.85214
1111,0,0.319393,-0.192321,1.78717,-0.0302546,0.451488,1.85214
1112,0,0.320779,-0.192574,1.78595,-0.0302546,0.451488,1.85214
1113,0,0.319635,-0.192289,1.78644,-0.0302546,0.451488,1.85214
1114,0,0.318472,-0.191842,1.78681,-0.0302546,0.451488,1.85214
1115,0,0.318493,-0.191759,1.78758,-0.0302546,0.451488,1.85214
1116,0,0.31993,-0.193208,1.78561,-0.0302546,0.451488,1.85214
1117,0,0.319773,-0.192409,1.78724,-0.0302546,0.451488,1.85214
1118,0,0.320823,-0.193802,1.7854,-0.0302546,0.451488,1.85214
1119,0,0.31857,-0.192338,1.78618,-0.0302546,0.451488,1.85214
1120,0,0.319923,-0.192328,1.78582,-0.0302546,0.451488,1.85214
1121,0,0.319894,-0.19221,1.78616,-0.0302546,0.451488,1.85214
1122,0,0.319678,-0.192779,1.78613,-0.0302546,0.451488,1.85214
1123,0,0.319557,-0.192431,1.78711,-0.0302546,0.451488,1.85214
1124,0,0.319279,-0.19217,1.7861,-0.0302546,0.451488,1.85214
1125,0,0.318837,-0.191535,1.78647,-0.0302546,0.451488,1.85214
1126,0,0.320513,-0.192546,1.78587,-0.0302546,0.451488,1.85214
1127,0,0.319268,-0.191913,1.78558,-0.0302546,0.451488,1.85214
1128,0,0.319286,-0.192616,1.78593,-0.0302546,0.451488,1.85214
1129,0,0.320086,-0.191331,1.78734,-0.0302546,0.451488,1.85214
1130,0,0.318913,-0.192275,1.78716,-0.0302546,0.451488,1.85214
1131,0,0.320538,-0.191893,1.78757,-0.0302546,0.451488,1.85214
1132,0,0.32034,-0.192444,1.7877,-0.0302546,0.451488,1.85214
1133,0,0.319722,-0.191724,1.78669,-0.0302546,0.451488,1.85214
1134,0,0.31938,-0.192726,1.78736,-0.0302546,0.451488,1.85214
1135,0,0.31892,-0.19258,1.78692,-0.0302546,0.451488,1.85214
1136,0,0.318385,-0.191993,1.78688,-0.0302546,0.451488,1.85214
1137,0,0.319165,-0.191553,1.7857,-0.0302546,0.451488,1.85214
1138,0,0.320716,-0.194684,1.78543,-0.0302546,0.451488,1.85214
1139,0,0.319284,-0.191071,1.78588,-0.0302546,0.451488,1.85214
1140,0,0.320033,-0.191681,1.78618,-0.0302546,0.451488,1.85214
1141,0,0.320574,-0.191976,1.78639,-0.0302546,0.451488,1.85214
1142,1,0.320189,-0.191288,1.78587,-0.0302546,0.451488,1.85214
1143,0,0.319087,-0.191775,1.78575,-0.0302546,0.451488,1.85214
1144,0,0.320113,-0.191831,1.78625,-0.0302546,0.451488,1.85214
1145,0,0.321466,-0.191642,1.786,-0.0302546,0.451488,1.85214
1146,0,0.322105,-0.192619,1.7861,-0.0302546,0.451488,1.85214
1147,0,0.321642,-0.192193,1.78462,-0.0302546,0.451488,1.85214
1148,0,0.321668,-0.190614,1.78584,-0.0302546,0.451488,1.85214
1149,0,0.320784,-0.192066,1.7863,-0.0302546,0.451488,1.85214
1150,0,0.322859,-0.192788,1.78641,-0.0302546,0.451488,1.85214
1151,0,0.320886,-0.19239,1.78633,-0.0302546,0.451488,1.85214
1152,0,0.322069,-0.192531,1.78554,-0.0302546,0.451488,1.85214
1153,0,0.320389,-0.193261,1.78493,-0.0302546,0.451488,1.85214
1154,0,0.319649,-0.191898,1.78748,-0.0302546,0.451488,1.85214
1155,0,0.31886,-0.191988,1.786,-0.0302546,0.451488,1.85214
1156,0,0.319682,-0.192184,1.78669,-0.0302546,0.451488,1.85214
1157,0,0.319498,-0.192396,1.78748,-0.0302546,0.451488,1.85214
1158,0,0.318804,-0.191779,1.78727,-0.0302546,0.451488,1.85214
1159,0,0.320031,-0.192673,1.78603,-0.0302546,0.451488,1.85214
1160,0,0.320487,-0.193274,1.78634,-0.0302546,0.451488,1.85214
1161,0,0.319611,-0.19271,1.78633,-0.0302546,0.451488,1.85214
1162,0,0.319503,-0.193129,1.78698,-0.0302546,0.451488,1.85214
1163,0,0.319528,-0.192522,1.78633,-0.0302546,0.451488,1.85214
1164,0,0.319765,-0.192329,1.7864,-0.0302546,0.451488,1.85214
1165,0,0.320348,-0.193027,1.78559,-0.0302546,0.451488,1.85214
1166,0,0.319653,-0.192974,1.78547,-0.0302546,0.451488,1.85214
1167,0,0.319056,-0.192131,1.78605,-0.0302546,0.451488,1.85214
1168,0,0.318506,-0.192391,1.78607,-0.0302546,0.451488,1.85214
1169,0,0.319473,-0.192151,1.78554,-0.0302546,0.451488,1.85214
1170,0,0.320557,-0.193002,1.7853,-0.0302546,0.451488,1.85214
1171,0,0.321422,-0.193904,1.78636,-0.0302546,0.451488,1.85214
1172,0,0.320394,-0.192457,1.78683,-0.0302546,0.451488,1.85214
1173,0,0.319535,-0.192311,1.78661,-0.0302546,0.451488,1.85214
1174,0,0.320086,-0.192588,1.78651,-0.0302546,0.451488,1.85214
1175,0,0.320355,-0.192211,1.78586,-0.0302546,0.451488,1.85214
1176,0,0.319793,-0.193249,1.78644,-0.0302546,0.451488,1.85214
1177,0,0.321663,-0.193421,1.78734,-0.0302546,0.451488,1.85214
1178,0,0.320578,-0.193471,1.78753,-0.0302546,0.451488,1.85214
1179,0,0.319998,-0.19249,1.78622,-0.0302546,0.451488,1.85214
1180,0,0.320217,-0.193904,1.78628,-0.0302546,0.451488,1.85214
1181,0,0.320347,-0.192762,1.7863,-0.0302546,0.451488,1.85214
1182,0,0.320613,-0.192686,1.78539,-0.0302546,0.451488,1.85214
1183,0,0.320663,-0.192514,1.78556,-0.0302546,0.451488,1.85214
1184,0,0.321583,-0.193817,1.78543,-0.0302546,0.451488,1.85214
1185,0,0.319739,-0.192614,1.78662,-0.0302546,0.451488,1.85214
1186,0,0.320229,-0.192583,1.7859,-0.0302546,0.451488,1.85214
1187,0,0.319779,-0.192754,1.78603,-0.0302546,0.451488,1.85214
1188,0,0.319228,-0.192444,1.78693,-0.0302546,0.451488,1.85214
1189,0,0.318908,-0.192312,1.78495,-0.0302546,0.451488,1.85214
1190,0,0.320039,-0.193868,1.78616,-0.0302546,0.451488,1.85214
1191,0,0.319823,-0.193117,1.78613,-0.0302546,0.451488,1.85214
1192,0,0.319584,-0.1925,1.78698,-0.0302546,0.451488,1.85214
1193,0,0.3188,-0.191864,1.78634,-0.0302546,0.451488,1.85214
1194,0,0.319047,-0.192628,1.78603,-0.0302546,0.451488,1.85214
1195,0,0.319711,-0.191684,1.78621,-0.0302546,0.451488,1.85214
1196,0,0.319177,-0.191704,1.7864,-0.0302546,0.451488,1.85214
1197,0,0.319656,-0.191842,1.78748,-0.0302546,0.451488,1.85214
1198,0,0.318969,-0.192063,1.78735,-0.0302546,0.451488,1.85214
1199,0,0.318711,-0.192111,1.78678,-0.0302546,0.451488,1.85214
1200,0,0.319157,-0.19179,1.78643,-0.0302546,0.451488,1.85214
1201,0,0.319171,-0.191868,1.78517,-0.0302546,0.451488,1.85214
1202,0,0.319155,-0.193149,1.78685,-0.0302546,0.451488,1.85214
1203,0,0.319115,-0.191938,1.78643,-0.0302546,0.451488,1.85214
1204,0,0.319671,-0.191933,1.78643,-0.0302546,0.451488,1.85214
1205,0,0.319296,-0.191694,1.786,-0.0302546,0.451488,1.85214
1206,0,0.319707,-0.192026,1.78619,-0.0302546,0.451488,1.85214
1207,0,0.318912,-0.192543,1.78676,-0.0302546,0.451488,1.85214
1208,0,0.318581,-0.190961,1.78678,-0.0302546,0.451488,1.85214
1209,0,0.319164,-0.19248,1.78564,-0.0302546,0.451488,1.85214
1210,0,0.318828,-0.192757,1.78577,-0.0302546,0.451488,1.85214
1211,0,0.318321,-0.192114,1.78665,-0.0302546,0.451488,1.85214
1212,0,0.318074,-0.191618,1.78742,-0.0302546,0.451488,1.85214
1213,0,0.317885,-0.191342,1.78761,-0.0302546,0.451488,1.85214
1214,0,0.318813,-0.1915,1.78672,-0.0302546,0.451488,1.85214
1215,0,0.318558,-0.19149,1.78638,-0.0302546,0.451488,1.85214
1216,0,0.317811,-0.192,1.78683,-0.0302546,0.451488,1.85214
1217,0,0.319433,-0.192582,1.78593,-0.0302546,0.451488,1.85214
1218,0,0.318625,-0.191684,1.78744,-0.0302546,0.451488,1.85214
1219,0,0.319458,-0.192557,1.78666,-0.0302546,0.451488,1.85214
1220,0,0.319232,-0.192091,1.78659,-0.0302546,0.451488,1.85214
1221,0,0.318665,-0.192598,1.78659,-0.0302546,0.451488,1.85214
1222,0,0.319592,-0.192399,1.78654,-0.0302546,0.451488,1.85214
1223,0,0.319692,-0.192006,1.78606,-0.0302546,0.451488,1.85214
1224,0,0.319331,-0.192342,1.7875,-0.0302546,0.451488,1.85214
1225,0,0.319589,-0.192709,1.78737,-0.0302546,0.451488,1.85214
1226,0,0.319441,-0.192345,1.78613,-0.0302546,0.451488,1.85214
1227,0,0.31904,-0.192416,1.78742,-0.0302546,0.451488,1.85214
1228,0,0.319392,-0.192482,1.78735,-0.0302546,0.451488,1.85214
1229,0,0.319927,-0.192028,1.78667,-0.0302546,0.451488,1.85214
1230,0,0.320215,-0.19288,1.78582,-0.0302546,0.451488,1.85214
1231,0,0.319653,-0.192284,1.78668,-0.0302546,0.451488,1.85214
1232,0,0.319421,-0.192657,1.78618,-0.0302546,0.451488,1.85214
1233,0,0.319027,-0.191409,1.78888,-0.0302546,0.451488,1.85214
1234,0,0.319941,-0.192543,1.78656,-0.0302546,0.451488,1.85214
1235,0,0.319473,-0.192465,1.78687,-0.0302546,0.451488,1.85214
1236,0,0.319692,-0.193216,1.7871,-0.0302546,0.451488,1.85214
1237,0,0.319706,-0.192239,1.78613,-0.0302546,0.451488,1.85214
1238,0,0.318569,-0.191079,1.7855,-0.0302546,0.451488,1.85214
1239,0,0.319353,-0.19277,1.78707,-0.0302546,0.451488,1.85214
1240,0,0.319587,-0.192904,1.78692,-0.0302546,0.451488,1.85214
1241,0,0.320174,-0.192729,1.78732,-0.0302546,0.451488,1.85214
1242,0,0.320592,-0.19353,1.78626,-0.0302546,0.451488,1.85214
1243,0,0.319867,-0.19317,1.78529,-0.0302546,0.451488,1.85214
1244,0,0.319885,-0.192477,1.78588,-0.0302546,0.451488,1.85214
1245,0,0.319034,-0.19157,1.78694,-0.0302546,0.451488,1.85214
1246,0,0.32096,-0.193224,1.78628,-0.0302546,0.451488,1.85214
1247,0,0.320738,-0.193978,1.78675,-0.0302546,0.451488,1.85214
1248,0,0.318963,-0.192067,1.78681,-0.0302546,0.451488,1.85214
1249,0,0.319168,-0.19197,1.78643,-0.0302546,0.451488,1.85214
1250,0,0.319647,-0.192715,1.78667,-0.0302546,0.451488,1.85214
1251,0,0.320004,-0.192879,1.78697,-0.0302546,0.451488,1.85214
1252,0,0.319519,-0.192537,1.7866,-0.0302546,0.451488,1.85214
1253,0,0.318626,-0.191714,1.78706,-0.0302546,0.451488,1.85214
1254,0,0.320181,-0.192739,1.78743,-0.0302546,0.451488,1.85214
1255,0,0.321189,-0.193066,1.78581,-0.0302546,0.451488,1.85214
1256,0,0.320453,-0.192899,1.78626,-0.0302546,0.451488,1.85214
1257,0,0.320248,-0.192252,1.78665,-0.0302546,0.451488,1.85214
1258,0,0.321445,-0.193322,1.78519,-0.0302546,0.451488,1.85214
1259,0,0.32034,-0.192557,1.786,-0.0302546,0.451488,1.85214
1260,0,0.320589,-0.193458,1.78544,-0.0302546,0.451488,1.85214
1261,0,0.319417,-0.193135,1.78636,-0.0302546,0.451488,1.85214
1262,0,0.31979,-0.193645,1.78663,-0.0302546,0.451488,1.85214
