51,0,0.419087,-0.177422,1.89889,-nan,-nan,-nan
52,0,0.41823,-0.177683,1.89866,-nan,-nan,-nan
54,0,0.418668,-0.176966,1.89662,-nan,-nan,-nan
55,0,0.417824,-0.176576,1.89575,-nan,-nan,-nan
56,0,0.418236,-0.177105,1.89661,-nan,-nan,-nan
57,0,0.418133,-0.176809,1.89601,-nan,-nan,-nan
58,0,0.41701,-0.177341,1.89457,-nan,-nan,-nan
59,0,0.418478,-0.176865,1.89789,-nan,-nan,-nan
61,0,0.419087,-0.177577,1.89911,-nan,-nan,-nan
62,0,0.419804,-0.177057,1.89981,-0.108714,0.496275,1.72062
63,0,0.417994,-0.178179,1.89871,-0.108714,0.496275,1.72062
64,0,0.418806,-0.178091,1.90122,-0.108714,0.496275,1.72062
65,0,0.418441,-0.177613,1.90028,-0.108714,0.496275,1.72062
66,0,0.417884,-0.178036,1.89838,-0.108714,0.496275,1.72062
67,0,0.419027,-0.177615,1.89915,-0.108714,0.496275,1.72062
68,0,0.418557,-0.176878,1.89773,-0.108714,0.496275,1.72062
69,0,0.418927,-0.177095,1.89887,-0.108714,0.496275,1.72062
70,0,0.418985,-0.177906,1.89959,-0.108714,0.496275,1.72062
71,0,0.419124,-0.176998,1.89794,-0.108714,0.496275,1.72062
72,0,0.418753,-0.177789,1.89909,-0.108714,0.496275,1.72062
73,0,0.419095,-0.177222,1.89694,-0.108714,0.496275,1.72062
74,0,0.418205,-0.176844,1.89498,-0.108714,0.496275,1.72062
75,0,0.41876,-0.176709,1.89694,-0.108714,0.496275,1.72062
76,0,0.417836,-0.176613,1.89402,-0.108714,0.496275,1.72062
77,0,0.419158,-0.176669,1.89978,-0.108714,0.496275,1.72062
78,0,0.418387,-0.177324,1.89852,-0.108714,0.496275,1.72062
79,0,0.418207,-0.177276,1.89862,-0.108714,0.496275,1.72062
80,0,0.419427,-0.177673,1.90193,-0.108714,0.496275,1.72062
81,0,0.419417,-0.176682,1.89796,-0.108714,0.496275,1.72062
82,0,0.417159,-0.177384,1.8958,-0.108714,0.496275,1.72062
83,0,0.418435,-0.177062,1.89523,-0.108714,0.496275,1.72062
84,0,0.419629,-0.177584,1.90021,-0.108714,0.496275,1.72062
85,0,0.41838,-0.176704,1.89739,-0.108714,0.496275,1.72062
86,0,0.418839,-0.177027,1.89711,-0.108714,0.496275,1.72062
87,0,0.41814,-0.177014,1.89352,-0.108714,0.496275,1.72062
88,0,0.418011,-0.176857,1.89557,-0.108714,0.496275,1.72062
89,0,0.418481,-0.176689,1.89725,-0.108714,0.496275,1.72062
90,0,0.418789,-0.176618,1.89663,-0.108714,0.496275,1.72062
91,0,0.419027,-0.17786,1.89819,-0.108714,0.496275,1.72062
92,0,0.410721,-0.174064,1.86821,-0.108714,0.496275,1.72062
93,0,0.412833,-0.175034,1.86821,-0.108714,0.496275,1.72062
94,0,0.410569,-0.173456,1.86373,-0.108714,0.496275,1.72062
95,0,0.411582,-0.174435,1.86686,-0.108714,0.496275,1.72062
96,0,0.411058,-0.175436,1.86688,-0.108714,0.496275,1.72062
97,0,0.411406,-0.174917,1.86872,-0.108714,0.496275,1.72062
98,0,0.411435,-0.173866,1.86775,-0.108714,0.496275,1.72062
99,0,0.411107,-0.174479,1.86969,-0.108714,0.496275,1.72062
100,0,0.412008,-0.174608,1.86893,-0.108714,0.496275,1.72062
101,0,0.410448,-0.173832,1.86519,-0.108714,0.496275,1.72062
102,0,0.410561,-0.173926,1.86371,-0.108714,0.496275,1.72062
103,0,0.410744,-0.175254,1.86525,-0.108714,0.496275,1.72062
104,0,0.409717,-0.174364,1.86226,-0.108714,0.496275,1.72062
105,0,0.410926,-0.173965,1.86628,-0.108714,0.496275,1.72062
106,0,0.411349,-0.174642,1.86638,-0.108714,0.496275,1.72062
107,0,0.41164,-0.174577,1.86818,-0.108714,0.496275,1.72062
108,0,0.408928,-0.174512,1.8655,-0.108714,0.496275,1.72062
109,0,0.411315,-0.173893,1.86591,-0.108714,0.496275,1.72062
110,0,0.410633,-0.174094,1.86394,-0.108714,0.496275,1.72062
111,0,0.410621,-0.17392,1.86556,-0.108714,0.496275,1.72062
112,0,0.41125,-0.174128,1.86665,-0.108714,0.496275,1.72062
113,0,0.411483,-0.175261,1.868,-0.108714,0.496275,1.72062
114,0,0.41111,-0.174513,1.86709,-0.108714,0.496275,1.72062
115,0,0.410803,-0.174345,1.86482,-0.108714,0.496275,1.72062
116,0,0.411395,-0.174245,1.86742,-0.108714,0.496275,1.72062
117,0,0.411557,-0.174264,1.8667,-0.108714,0.496275,1.72062
118,0,0.415078,-0.175583,1.86223,-0.108714,0.496275,1.72062
119,0,0.409665,-0.174367,1.86478,-0.108714,0.496275,1.72062
120,0,0.411025,-0.174191,1.86637,-0.108714,0.496275,1.72062
121,0,0.411655,-0.174155,1.86678,-0.108714,0.496275,1.72062
122,0,0.41044,-0.173074,1.86381,-0.108714,0.496275,1.72062
123,0,0.411616,-0.174053,1.8686,-0.108714,0.496275,1.72062
124,0,0.411964,-0.174284,1.86962,-0.108714,0.496275,1.72062
125,0,0.410695,-0.174886,1.86678,-0.108714,0.496275,1.72062
126,0,0.41027,-0.173693,1.86555,-0.108714,0.496275,1.72062
127,0,0.412207,-0.174649,1.86829,-0.108714,0.496275,1.72062
128,0,0.414823,-0.176151,1.86092,-0.108714,0.496275,1.72062
129,0,0.411381,-0.174496,1.86558,-0.108714,0.496275,1.72062
130,0,0.411447,-0.173902,1.86655,-0.108714,0.496275,1.72062
131,0,0.412118,-0.174124,1.87119,-0.108714,0.496275,1.72062
132,0,0.411421,-0.174389,1.86778,-0.108714,0.496275,1.72062
133,0,0.4113,-0.17373,1.86633,-0.108714,0.496275,1.72062
134,0,0.411576,-0.174564,1.86914,-0.108714,0.496275,1.72062
135,0,0.411113,-0.174319,1.8703,-0.108714,0.496275,1.72062
136,0,0.41142,-0.17458,1.86703,-0.108714,0.496275,1.72062
137,0,0.411295,-0.174804,1.86581,-0.108714,0.496275,1.72062
138,0,0.410972,-0.175097,1.86492,-0.108714,0.496275,1.72062
139,0,0.411354,-0.175041,1.8651,-0.108714,0.496275,1.72062
140,0,0.410604,-0.174299,1.86452,-0.108714,0.496275,1.72062
141,0,0.41138,-0.174411,1.86668,-0.108714,0.496275,1.72062
142,0,0.410736,-0.174282,1.86311,-0.108714,0.496275,1.72062
143,0,0.410846,-0.174575,1.86541,-0.108714,0.496275,1.72062
144,0,0.411069,-0.174527,1.86603,-0.108714,0.496275,1.72062
145,0,0.411556,-0.17438,1.86671,-0.108714,0.496275,1.72062
146,0,0.411751,-0.174113,1.8662,-0.108714,0.496275,1.72062
147,0,0.411345,-0.17421,1.86606,-0.108714,0.496275,1.72062
148,0,0.411037,-0.174436,1.86506,-0.108714,0.496275,1.72062
149,0,0.411506,-0.174945,1.86813,-0.108714,0.496275,1.72062
150,0,0.411378,-0.174222,1.86672,-0.108714,0.496275,1.72062
151,0,0.410899,-0.17347,1.86458,-0.108714,0.496275,1.72062
152,0,0.4115,-0.174554,1.86541,-0.108714,0.496275,1.72062
153,0,0.410661,-0.174792,1.86577,-0.108714,0.496275,1.72062
154,0,0.411186,-0.174006,1.86464,-0.108714,0.496275,1.72062
155,0,0.41107,-0.174186,1.86649,-0.108714,0.496275,1.72062
156,0,0.412231,-0.174125,1.86738,-0.108714,0.496275,1.72062
157,0,0.412011,-0.17409,1.86708,-0.108714,0.496275,1.72062
158,0,0.411731,-0.174729,1.86824,-0.108714,0.496275,1.72062
159,0,0.41151,-0.174948,1.8666,-0.108714,0.496275,1.72062
160,0,0.410902,-0.174471,1.86511,-0.108714,0.496275,1.72062
161,0,0.410532,-0.174213,1.86469,-0.108714,0.496275,1.72062
162,0,0.410827,-0.173438,1.86495,-0.108714,0.496275,1.72062
163,0,0.411697,-0.174438,1.86536,-0.108714,0.496275,1.72062
164,0,0.4119,-0.174732,1.86713,-0.108714,0.496275,1.72062
165,0,0.412145,-0.173697,1.86729,-0.108714,0.496275,1.72062
166,0,0.412503,-0.173192,1.8681,-0.108714,0.496275,1.72062
167,0,0.414501,-0.174562,1.87811,-0.108714,0.496275,1.72062
168,0,0.414967,-0.175476,1.88029,-0.108714,0.496275,1.72062
169,0,0.415734,-0.174581,1.87905,-0.108714,0.496275,1.72062
170,0,0.414511,-0.176452,1.87887,-0.108714,0.496275,1.72062
171,0,0.414465,-0.175503,1.87819,-0.108714,0.496275,1.72062
172,0,0.414333,-0.176014,1.87918,-0.108714,0.496275,1.72062
173,0,0.413798,-0.176009,1.87883,-0.108714,0.496275,1.72062
174,0,0.413919,-0.175396,1.8774,-0.108714,0.496275,1.72062
175,0,0.413906,-0.175131,1.87728,-0.108714,0.496275,1.72062
176,0,0.413055,-0.175605,1.87503,-0.108714,0.496275,1.72062
177,0,0.413063,-0.174809,1.87433,-0.108714,0.496275,1.72062
178,0,0.41469,-0.175299,1.87739,-0.108714,0.496275,1.72062
179,0,0.414151,-0.175217,1.87782,-0.108714,0.496275,1.72062
180,0,0.413534,-0.175214,1.87692,-0.108714,0.496275,1.72062
181,0,0.414196,-0.17561,1.87842,-0.108714,0.496275,1.72062
182,0,0.413904,-0.175011,1.87648,-0.108714,0.496275,1.72062
183,0,0.41335,-0.175714,1.87612,-0.108714,0.496275,1.72062
184,0,0.413185,-0.175983,1.87547,-0.108714,0.496275,1.72062
185,0,0.414714,-0.17605,1.87772,-0.108714,0.496275,1.72062
186,0,0.41298,-0.17474,1.87587,-0.108714,0.496275,1.72062
187,0,0.414423,-0.175531,1.87849,-0.108714,0.496275,1.72062
188,0,0.414522,-0.175918,1.87635,-0.108714,0.496275,1.72062
189,0,0.413458,-0.175751,1.87525,-0.108714,0.496275,1.72062
190,0,0.414752,-0.175316,1.87585,-0.108714,0.496275,1.72062
191,0,0.415234,-0.176836,1.87069,-0.108714,0.496275,1.72062
192,0,0.414842,-0.175031,1.87741,-0.108714,0.496275,1.72062
193,0,0.413523,-0.172278,1.87561,-0.108714,0.496275,1.72062
194,0,0.412625,-0.171918,1.87447,-0.108714,0.496275,1.72062
195,0,0.414354,-0.175052,1.87752,-0.108714,0.496275,1.72062
196,0,0.413047,-0.175874,1.87341,-0.108714,0.496275,1.72062
197,0,0.413144,-0.174813,1.87638,-0.108714,0.496275,1.72062
198,0,0.413138,-0.175169,1.87656,-0.108714,0.496275,1.72062
199,0,0.413147,-0.175665,1.87804,-0.108714,0.496275,1.72062
200,0,0.413529,-0.175103,1.87669,-0.108714,0.496275,1.72062
201,0,0.413409,-0.175461,1.87629,-0.108714,0.496275,1.72062
202,0,0.414113,-0.175394,1.87729,-0.108714,0.496275,1.72062
203,0,0.413721,-0.175726,1.8766,-0.108714,0.496275,1.72062
204,0,0.412204,-0.174723,1.87549,-0.108714,0.496275,1.72062
205,0,0.41291,-0.175193,1.8758,-0.108714,0.496275,1.72062
206,0,0.412862,-0.175383,1.87655,-0.108714,0.496275,1.72062
207,0,0.415135,-0.175527,1.87802,-0.108714,0.496275,1.72062
208,0,0.414784,-0.176663,1.87892,-0.108714,0.496275,1.72062
209,0,0.414528,-0.175172,1.87825,-0.108714,0.496275,1.72062
210,0,0.412192,-0.175678,1.87717,-0.108714,0.496275,1.72062
211,0,0.413539,-0.1756,1.87576,-0.108714,0.496275,1.72062
212,0,0.41519,-0.176039,1.87914,-0.108714,0.496275,1.72062
213,0,0.414429,-0.175476,1.87576,-0.108714,0.496275,1.72062
214,0,0.414579,-0.176074,1.8795,-0.108714,0.496275,1.72062
215,0,0.413807,-0.175904,1.87719,-0.108714,0.496275,1.72062
216,0,0.413539,-0.175621,1.8746,-0.108714,0.496275,1.72062
217,0,0.413729,-0.175601,1.87586,-0.108714,0.496275,1.72062
218,0,0.414722,-0.176254,1.87981,-0.108714,0.496275,1.72062
219,0,0.414063,-0.175533,1.87602,-0.108714,0.496275,1.72062
220,0,0.414032,-0.174383,1.87746,-0.108714,0.496275,1.72062
221,0,0.414319,-0.176355,1.87773,-0.108714,0.496275,1.72062
222,0,0.412817,-0.175861,1.87753,-0.108714,0.496275,1.72062
223,0,0.41395,-0.175791,1.87872,-0.108714,0.496275,1.72062
224,0,0.413588,-0.175884,1.87849,-0.108714,0.496275,1.72062
225,0,0.414412,-0.175071,1.87982,-0.108714,0.496275,1.72062
226,0,0.41309,-0.17549,1.87701,-0.108714,0.496275,1.72062
227,0,0.413035,-0.175087,1.87608,-0.108714,0.496275,1.72062
228,0,0.413517,-0.175551,1.87666,-0.108714,0.496275,1.72062
229,0,0.412666,-0.175559,1.87696,-0.108714,0.496275,1.72062
230,0,0.414178,-0.175751,1.87695,-0.108714,0.496275,1.72062
231,0,0.413381,-0.175061,1.87689,-0.108714,0.496275,1.72062
232,0,0.414619,-0.175051,1.87831,-0.108714,0.496275,1.72062
233,0,0.414118,-0.175365,1.87867,-0.108714,0.496275,1.72062
234,0,0.41386,-0.175987,1.87741,-0.108714,0.496275,1.72062
235,0,0.413784,-0.176188,1.87993,-0.108714,0.496275,1.72062
236,0,0.412117,-0.175951,1.87805,-0.108714,0.496275,1.72062
237,0,0.415061,-0.176111,1.88146,-0.108714,0.496275,1.72062
238,0,0.413821,-0.175828,1.87844,-0.108714,0.496275,1.72062
239,0,0.414059,-0.175684,1.8777,-0.108714,0.496275,1.72062
240,0,0.414602,-0.175368,1.88011,-0.108714,0.496275,1.72062
241,0,0.41348,-0.175595,1.87969,-0.108714,0.496275,1.72062
242,0,0.415266,-0.176741,1.88099,-0.108714,0.496275,1.72062
243,0,0.414747,-0.176394,1.88084,-0.108714,0.496275,1.72062
244,0,0.4142,-0.175306,1.87795,-0.108714,0.496275,1.72062
245,0,0.413747,-0.176293,1.87568,-0.108714,0.496275,1.72062
246,0,0.414471,-0.175322,1.87805,-0.108714,0.496275,1.72062
247,0,0.413397,-0.174775,1.87693,-0.108714,0.496275,1.72062
248,0,0.415614,-0.176654,1.88051,-0.108714,0.496275,1.72062
249,0,0.413864,-0.176083,1.87901,-0.108714,0.496275,1.72062
250,0,0.413961,-0.176056,1.87978,-0.108714,0.496275,1.72062
251,0,0.414357,-0.17624,1.87631,-0.108714,0.496275,1.72062
252,1,0.417492,-0.176044,1.87463,-0.108714,0.496275,1.72062
253,1,0.41115,-0.170841,1.87179,-0.108714,0.496275,1.72062
254,1,0.414573,-0.170778,1.86513,-0.108714,0.496275,1.72062
255,1,0.411388,-0.168739,1.86153,-0.108714,0.496275,1.72062
256,1,0.41033,-0.17196,1.86329,-0.108714,0.496275,1.72062
257,1,0.410269,-0.172161,1.86583,-0.108714,0.496275,1.72062
258,1,0.410355,-0.171995,1.86515,-0.108714,0.496275,1.72062
259,1,0.409092,-0.174951,1.86622,-0.108714,0.496275,1.72062
260,1,0.409899,-0.173769,1.8675,-0.108714,0.496275,1.72062
261,1,0.410718,-0.176374,1.86979,-0.108714,0.496275,1.72062
262,1,0.410598,-0.176215,1.86852,-0.108714,0.496275,1.72062
263,1,0.416915,-0.173346,1.86354,-0.108714,0.496275,1.72062
264,1,0.414099,-0.174213,1.8587,-0.108714,0.496275,1.72062
265,1,0.412405,-0.174896,1.85834,-0.108714,0.496275,1.72062
266,1,0.412504,-0.175036,1.85925,-0.108714,0.496275,1.72062
267,1,0.412539,-0.171486,1.8617,-0.108714,0.496275,1.72062
268,1,0.411337,-0.171127,1.86191,-0.108714,0.496275,1.72062
269,1,0.405177,-0.170214,1.86152,-0.108714,0.496275,1.72062
270,1,0.396844,-0.168674,1.86045,-0.108714,0.496275,1.72062
271,1,0.384579,-0.163605,1.8559,-0.108714,0.496275,1.72062
272,1,0.388754,-0.12796,1.86289,-0.108714,0.496275,1.72062
273,1,0.372254,-0.119364,1.84745,-0.108714,0.496275,1.72062
274,1,0.355065,-0.108168,1.83712,-0.108714,0.496275,1.72062
275,1,0.335293,-0.0929082,1.82639,-0.108714,0.496275,1.72062
276,1,0.316242,-0.0630878,1.82699,-0.108714,0.496275,1.72062
277,1,0.294894,-0.0351706,1.81617,-0.108714,0.496275,1.72062
278,1,0.271044,-0.0073459,1.80269,-0.108714,0.496275,1.72062
279,1,0.247737,0.0192973,1.78572,-0.108714,0.496275,1.72062
280,1,0.220428,0.0527539,1.7684,-0.108714,0.496275,1.72062
281,1,0.1987,0.0788627,1.74729,-0.108714,0.496275,1.72062
282,1,0.158268,0.118531,1.72079,-0.108714,0.496275,1.72062
283,1,0.131907,0.147423,1.71058,-0.108714,0.496275,1.72062
284,1,0.107557,0.174409,1.70331,-0.108714,0.496275,1.72062
285,1,0.0839477,0.198009,1.69851,-0.108714,0.496275,1.72062
286,1,0.0673283,0.21824,1.69753,-0.108714,0.496275,1.72062
287,1,0.0530413,0.237111,1.69884,-0.108714,0.496275,1.72062
288,1,0.0359267,0.254011,1.69683,-0.108714,0.496275,1.72062
289,1,0.0234638,0.271085,1.69739,-0.108714,0.496275,1.72062
290,1,0.01254,0.280216,1.69853,-0.108714,0.496275,1.72062
291,1,0.00346946,0.290114,1.69994,-0.108714,0.496275,1.72062
292,1,-0.00468945,0.298436,1.70174,-0.108714,0.496275,1.72062
293,1,-0.00889999,0.302202,1.70217,-0.108714,0.496275,1.72062
294,1,-0.0120247,0.305252,1.70534,-0.108714,0.496275,1.72062
295,1,-0.0140563,0.310121,1.71089,-0.108714,0.496275,1.72062
296,1,-0.0179989,0.310452,1.7114,-0.108714,0.496275,1.72062
297,1,-0.0193287,0.309454,1.71137,-0.108714,0.496275,1.72062
298,1,-0.01933,0.310179,1.71106,-0.108714,0.496275,1.72062
299,1,-0.0197255,0.309268,1.71152,-0.108714,0.496275,1.72062
300,1,-0.0217273,0.306818,1.70738,-0.108714,0.496275,1.72062
301,1,-0.0216192,0.306154,1.70645,-0.108714,0.496275,1.72062
302,1,-0.0208039,0.307312,1.70271,-0.108714,0.496275,1.72062
303,1,-0.0192027,0.304656,1.70286,-0.108714,0.496275,1.72062
304,1,-0.0189596,0.306076,1.70168,-0.108714,0.496275,1.72062
305,1,-0.0203099,0.304372,1.70095,-0.108714,0.496275,1.72062
306,1,-0.0193809,0.305281,1.70342,-0.108714,0.496275,1.72062
307,1,-0.0191042,0.305374,1.70436,-0.108714,0.496275,1.72062
308,1,-0.0182639,0.306103,1.70754,-0.108714,0.496275,1.72062
309,1,-0.0163108,0.30696,1.70927,-0.108714,0.496275,1.72062
310,1,-0.0162829,0.308449,1.71055,-0.108714,0.496275,1.72062
311,1,-0.0152297,0.308199,1.71209,-0.108714,0.496275,1.72062
312,1,-0.0152936,0.308302,1.71155,-0.108714,0.496275,1.72062
313,1,-0.016089,0.309182,1.71438,-0.108714,0.496275,1.72062
314,1,-0.0156724,0.309137,1.71374,-0.108714,0.496275,1.72062
315,1,-0.0144883,0.309237,1.71449,-0.108714,0.496275,1.72062
316,1,-0.0152711,0.30945,1.71414,-0.108714,0.496275,1.72062
317,1,-0.0149179,0.30969,1.71523,-0.108714,0.496275,1.72062
318,1,-0.0161715,0.309016,1.71254,-0.108714,0.496275,1.72062
319,1,-0.016188,0.309832,1.71571,-0.108714,0.496275,1.72062
320,1,-0.0149393,0.308915,1.71511,-0.108714,0.496275,1.72062
321,1,-0.0123023,0.310077,1.71594,-0.108714,0.496275,1.72062
322,1,-0.0139457,0.310288,1.71498,-0.108714,0.496275,1.72062
323,1,-0.0143492,0.310191,1.71505,-0.108714,0.496275,1.72062
324,1,-0.014792,0.308045,1.71271,-0.108714,0.496275,1.72062
325,1,-0.0155837,0.308749,1.71476,-0.108714,0.496275,1.72062
326,1,-0.015311,0.309236,1.71463,-0.108714,0.496275,1.72062
327,1,-0.0163409,0.310015,1.71619,-0.108714,0.496275,1.72062
328,1,-0.0154959,0.309323,1.71515,-0.108714,0.496275,1.72062
329,1,-0.0158902,0.309532,1.71595,-0.108714,0.496275,1.72062
330,1,-0.0166081,0.309916,1.71493,-0.108714,0.496275,1.72062
331,1,-0.0177367,0.310158,1.71568,-0.108714,0.496275,1.72062
332,1,-0.0179123,0.310505,1.71633,-0.108714,0.496275,1.72062
333,1,-0.0193053,0.30902,1.71522,-0.108714,0.496275,1.72062
335,1,-0.0187228,0.31046,1.7147,-0.108714,0.496275,1.72062
336,1,-0.0212707,0.309999,1.71358,-0.108714,0.496275,1.72062
337,1,-0.0191857,0.31058,1.71538,-0.108714,0.496275,1.72062
338,1,-0.0215344,0.310599,1.71404,-0.108714,0.496275,1.72062
339,1,-0.0222807,0.31052,1.71446,-0.108714,0.496275,1.72062
340,1,-0.0208766,0.310626,1.7136,-0.108714,0.496275,1.72062
341,1,-0.0214158,0.310908,1.71432,-0.108714,0.496275,1.72062
342,1,-0.0209056,0.311345,1.7148,-0.108714,0.496275,1.72062
343,1,-0.0216304,0.311948,1.71305,-0.108714,0.496275,1.72062
344,1,-0.0203777,0.312302,1.71383,-0.108714,0.496275,1.72062
345,1,-0.0216033,0.313223,1.71339,-0.108714,0.496275,1.72062
346,1,-0.0223406,0.312026,1.71263,-0.108714,0.496275,1.72062
347,1,-0.0242575,0.310798,1.71032,-0.108714,0.496275,1.72062
348,1,-0.0222515,0.310364,1.7098,-0.108714,0.496275,1.72062
349,1,-0.0248707,0.311683,1.71128,-0.108714,0.496275,1.72062
350,1,-0.022755,0.311118,1.70853,-0.108714,0.496275,1.72062
351,1,-0.0234043,0.311683,1.71088,-0.108714,0.496275,1.72062
352,1,-0.0219799,0.310814,1.71166,-0.108714,0.496275,1.72062
353,1,-0.0222541,0.312671,1.71448,-0.108714,0.496275,1.72062
354,1,-0.0196016,0.313033,1.71481,-0.108714,0.496275,1.72062
355,1,-0.0217132,0.312648,1.71502,-0.108714,0.496275,1.72062
356,1,-0.0184342,0.312422,1.71509,-0.108714,0.496275,1.72062
357,1,-0.0212887,0.313208,1.71516,-0.108714,0.496275,1.72062
358,1,-0.0213012,0.312225,1.71348,-0.108714,0.496275,1.72062
359,1,-0.0192225,0.313337,1.71579,-0.108714,0.496275,1.72062
360,1,-0.0208122,0.310554,1.71228,-0.108714,0.496275,1.72062
361,1,-0.021602,0.312063,1.71332,-0.108714,0.496275,1.72062
362,1,-0.0211499,0.311951,1.71472,-0.108714,0.496275,1.72062
363,1,-0.0192841,0.31348,1.71538,-0.108714,0.496275,1.72062
364,1,-0.0234607,0.310396,1.71243,-0.108714,0.496275,1.72062
365,1,-0.0217821,0.312069,1.71405,-0.108714,0.496275,1.72062
366,1,-0.0208892,0.310514,1.71151,-0.108714,0.496275,1.72062
367,1,-0.0215538,0.311289,1.71201,-0.108714,0.496275,1.72062
368,1,-0.0194802,0.310603,1.71247,-0.108714,0.496275,1.72062
369,1,-0.0195074,0.310342,1.71118,-0.108714,0.496275,1.72062
370,1,-0.0207086,0.308528,1.71042,-0.108714,0.496275,1.72062
371,1,-0.0196624,0.309335,1.71013,-0.108714,0.496275,1.72062
372,1,-0.0207926,0.310588,1.71166,-0.108714,0.496275,1.72062
373,1,-0.0190869,0.31016,1.71092,-0.108714,0.496275,1.72062
374,1,-0.0197947,0.310298,1.71257,-0.108714,0.496275,1.72062
375,1,-0.0203967,0.309803,1.71235,-0.108714,0.496275,1.72062
376,1,-0.0203921,0.310443,1.71216,-0.108714,0.496275,1.72062
377,1,-0.0184845,0.309337,1.71398,-0.108714,0.496275,1.72062
378,1,-0.0206549,0.305888,1.71178,-0.108714,0.496275,1.72062
379,1,-0.019883,0.303599,1.71023,-0.108714,0.496275,1.72062
380,1,-0.0232395,0.292662,1.70275,-0.108714,0.496275,1.72062
382,1,-0.014117,0.279523,1.70419,-0.108714,0.496275,1.72062
383,1,-0.0105626,0.257149,1.70317,-0.108714,0.496275,1.72062
384,1,-0.00749013,0.232329,1.70117,-0.108714,0.496275,1.72062
385,1,-0.00397925,0.206541,1.69964,-0.108714,0.496275,1.72062
386,1,-0.00540865,0.174777,1.69746,-0.108714,0.496275,1.72062
387,1,-0.00454969,0.138794,1.69796,-0.108714,0.496275,1.72062
388,1,-0.00410845,0.0988324,1.69956,-0.108714,0.496275,1.72062
389,1,-0.00746744,0.0557711,1.71188,-0.108714,0.496275,1.72062
390,1,-0.0146937,0.0128067,1.71711,-0.108714,0.496275,1.72062
391,1,-0.0212985,-0.0302524,1.72743,-0.108714,0.496275,1.72062
392,1,-0.0288546,-0.0712019,1.73353,-0.108714,0.496275,1.72062
393,1,-0.036257,-0.107954,1.74387,-0.108714,0.496275,1.72062
394,1,-0.0406372,-0.135526,1.75031,-0.108714,0.496275,1.72062
395,1,-0.0419353,-0.160026,1.75594,-0.108714,0.496275,1.72062
396,1,-0.0461419,-0.178952,1.76342,-0.108714,0.496275,1.72062
397,1,-0.0495985,-0.19609,1.76672,-0.108714,0.496275,1.72062
398,1,-0.0484402,-0.210429,1.77291,-0.108714,0.496275,1.72062
399,1,-0.049273,-0.217228,1.77419,-0.108714,0.496275,1.72062
400,1,-0.0477734,-0.223079,1.77341,-0.108714,0.496275,1.72062
401,1,-0.0439669,-0.228299,1.77347,-0.108714,0.496275,1.72062
403,1,-0.0440651,-0.232706,1.77549,-0.108714,0.496275,1.72062
404,1,-0.0454257,-0.238975,1.77801,-0.108714,0.496275,1.72062
405,1,-0.0445545,-0.244376,1.7772,-0.108714,0.496275,1.72062
406,1,-0.0466412,-0.247759,1.78494,-0.108714,0.496275,1.72062
407,1,-0.0467326,-0.253448,1.78518,-0.108714,0.496275,1.72062
408,1,-0.0497817,-0.258787,1.7896,-0.108714,0.496275,1.72062
409,1,-0.0500023,-0.259554,1.78936,-0.108714,0.496275,1.72062
410,1,-0.0490711,-0.259689,1.78818,-0.108714,0.496275,1.72062
411,1,-0.0506635,-0.260307,1.78916,-0.108714,0.496275,1.72062
412,1,-0.0496476,-0.260935,1.78913,-0.108714,0.496275,1.72062
413,1,-0.0501014,-0.260942,1.79134,-0.108714,0.496275,1.72062
414,1,-0.0497117,-0.261484,1.78902,-0.108714,0.496275,1.72062
415,1,-0.0510895,-0.262501,1.79031,-0.108714,0.496275,1.72062
416,1,-0.0531279,-0.262512,1.79154,-0.108714,0.496275,1.72062
417,1,-0.0534491,-0.261738,1.78987,-0.108714,0.496275,1.72062
418,1,-0.0542641,-0.260249,1.78998,-0.108714,0.496275,1.72062
419,1,-0.0544153,-0.261,1.7898,-0.108714,0.496275,1.72062
422,1,-0.053998,-0.264323,1.78949,-0.108714,0.496275,1.72062
423,1,-0.057325,-0.259863,1.79328,-0.108714,0.496275,1.72062
424,1,-0.0584999,-0.26171,1.79331,-0.108714,0.496275,1.72062
425,1,-0.0558039,-0.263275,1.79486,-0.108714,0.496275,1.72062
426,1,-0.0531852,-0.264788,1.7964,-0.108714,0.496275,1.72062
427,1,-0.0533504,-0.265594,1.79573,-0.108714,0.496275,1.72062
428,0,-0.0524062,-0.263561,1.79439,-0.108714,0.496275,1.72062
429,0,-0.0542912,-0.265699,1.795,-0.108714,0.496275,1.72062
430,0,-0.0541022,-0.265445,1.79529,-0.108714,0.496275,1.72062
431,0,-0.0540968,-0.2656,1.7966,-0.108714,0.496275,1.72062
432,0,-0.0540436,-0.265232,1.79478,-0.108714,0.496275,1.72062
433,0,-0.0542485,-0.265369,1.79477,-0.108714,0.496275,1.72062
434,0,-0.0543361,-0.265552,1.79563,-0.108714,0.496275,1.72062
435,1,-0.0540089,-0.265709,1.79492,-0.108714,0.496275,1.72062
436,0,-0.0542563,-0.265827,1.79562,-0.108714,0.496275,1.72062
437,0,-0.0539622,-0.265788,1.79617,-0.108714,0.496275,1.72062
438,0,-0.053826,-0.265142,1.79387,-0.108714,0.496275,1.72062
439,0,-0.0547307,-0.265902,1.79637,-0.108714,0.496275,1.72062
440,1,-0.0541619,-0.265359,1.79508,-0.108714,0.496275,1.72062
441,0,-0.0540542,-0.265467,1.79591,-0.108714,0.496275,1.72062
442,0,-0.0542072,-0.265671,1.79517,-0.108714,0.496275,1.72062
443,1,-0.0539555,-0.265348,1.79465,-0.108714,0.496275,1.72062
444,0,-0.0543112,-0.265912,1.79464,-0.108714,0.496275,1.72062
445,0,-0.0538778,-0.265886,1.79465,-0.108714,0.496275,1.72062
446,0,-0.0543385,-0.266145,1.79587,-0.108714,0.496275,1.72062
447,0,-0.0539943,-0.265886,1.79602,-0.108714,0.496275,1.72062
448,0,-0.0544013,-0.265688,1.79342,-0.108714,0.496275,1.72062
449,0,-0.0542661,-0.265733,1.79457,-0.108714,0.496275,1.72062
450,0,-0.0540796,-0.265603,1.79505,-0.108714,0.496275,1.72062
451,0,-0.054311,-0.265632,1.79354,-0.108714,0.496275,1.72062
453,0,-0.0538085,-0.265464,1.79329,-0.108714,0.496275,1.72062
454,0,-0.0541785,-0.265504,1.79423,-0.108714,0.496275,1.72062
455,0,-0.0548293,-0.266334,1.79615,-0.108714,0.496275,1.72062
456,0,-0.0542384,-0.265888,1.79401,-0.108714,0.496275,1.72062
457,0,-0.0544424,-0.26592,1.79436,-0.108714,0.496275,1.72062
458,0,-0.0542156,-0.265483,1.79401,-0.108714,0.496275,1.72062
459,0,-0.0542362,-0.265393,1.79312,-0.108714,0.496275,1.72062
460,0,-0.0537137,-0.265772,1.79561,-0.108714,0.496275,1.72062
461,0,-0.0536458,-0.266082,1.79563,-0.108714,0.496275,1.72062
462,0,-0.0544755,-0.265421,1.79513,-0.108714,0.496275,1.72062
463,0,-0.0542241,-0.266025,1.79523,-0.108714,0.496275,1.72062
464,0,-0.0544315,-0.265591,1.79386,-0.108714,0.496275,1.72062
465,0,-0.0541279,-0.265731,1.79415,-0.108714,0.496275,1.72062
466,0,-0.054358,-0.265508,1.79573,-0.108714,0.496275,1.72062
467,0,-0.054488,-0.265998,1.79696,-0.108714,0.496275,1.72062
469,0,-0.0540885,-0.265439,1.79423,-0.108714,0.496275,1.72062
470,0,-0.0536933,-0.266071,1.79544,-0.108714,0.496275,1.72062
471,0,-0.0536888,-0.265678,1.79561,-0.108714,0.496275,1.72062
472,0,-0.0540706,-0.266138,1.79539,-0.108714,0.496275,1.72062
473,0,-0.0541613,-0.265712,1.7955,-0.108714,0.496275,1.72062
474,0,-0.0537938,-0.265482,1.79614,-0.108714,0.496275,1.72062
475,0,-0.0542144,-0.265883,1.79543,-0.108714,0.496275,1.72062
476,0,-0.0539802,-0.266031,1.79648,-0.108714,0.496275,1.72062
477,0,-0.0538566,-0.265555,1.79472,-0.108714,0.496275,1.72062
478,0,-0.0539852,-0.265704,1.79334,-0.108714,0.496275,1.72062
479,0,-0.0542764,-0.265481,1.79479,-0.108714,0.496275,1.72062
480,0,-0.0546524,-0.265143,1.79349,-0.108714,0.496275,1.72062
481,1,-0.0542991,-0.262553,1.79328,-0.108714,0.496275,1.72062
482,1,-0.0569943,-0.260912,1.79152,-0.108714,0.496275,1.72062
483,1,-0.0578896,-0.257741,1.78974,-0.108714,0.496275,1.72062
484,1,-0.0555364,-0.260544,1.79103,-0.108714,0.496275,1.72062
485,1,-0.0542149,-0.260761,1.79182,-0.108714,0.496275,1.72062
486,1,-0.05467,-0.261928,1.79082,-0.108714,0.496275,1.72062
487,1,-0.053296,-0.262216,1.79214,-0.108714,0.496275,1.72062
488,1,-0.0534553,-0.26269,1.79017,-0.108714,0.496275,1.72062
489,1,-0.0548964,-0.261095,1.7907,-0.108714,0.496275,1.72062
490,1,-0.0539261,-0.262004,1.79225,-0.108714,0.496275,1.72062
491,1,-0.0566075,-0.260521,1.79343,-0.108714,0.496275,1.72062
492,1,-0.0543787,-0.261267,1.79107,-0.108714,0.496275,1.72062
493,1,-0.0539664,-0.260758,1.78992,-0.108714,0.496275,1.72062
494,1,-0.0532745,-0.26023,1.7905,-0.108714,0.496275,1.72062
495,1,-0.0517211,-0.26041,1.79088,-0.108714,0.496275,1.72062
496,1,-0.0521715,-0.25974,1.79173,-0.108714,0.496275,1.72062
497,1,-0.052359,-0.259461,1.79071,-0.108714,0.496275,1.72062
498,1,-0.0496976,-0.259637,1.79146,-0.108714,0.496275,1.72062
499,1,-0.0482206,-0.258681,1.79445,-0.108714,0.496275,1.72062
500,1,-0.0489443,-0.253238,1.79076,-0.108714,0.496275,1.72062
501,1,-0.0438761,-0.241562,1.78538,-0.108714,0.496275,1.72062
502,1,-0.040188,-0.223169,1.77695,-0.108714,0.496275,1.72062
503,1,-0.0333954,-0.199486,1.76612,-0.108714,0.496275,1.72062
504,1,-0.0255098,-0.170838,1.75459,-0.108714,0.496275,1.72062
505,1,-0.0203177,-0.139772,1.74037,-0.108714,0.496275,1.72062
506,1,-0.0160102,-0.105739,1.72343,-0.108714,0.496275,1.72062
507,1,-0.011453,-0.0684827,1.71376,-0.108714,0.496275,1.72062
508,1,-0.00993861,-0.030311,1.70078,-0.108714,0.496275,1.72062
509,1,-0.00698627,0.00768478,1.69397,-0.108714,0.496275,1.72062
510,1,-0.00150076,0.0478918,1.68367,-0.108714,0.496275,1.72062
511,1,-0.00930229,0.0851344,1.67967,-0.108714,0.496275,1.72062
512,1,-0.0133868,0.11805,1.67316,-0.108714,0.496275,1.72062
513,1,-0.015843,0.149825,1.67389,-0.108714,0.496275,1.72062
514,1,-0.0197925,0.173847,1.67344,-0.108714,0.496275,1.72062
515,1,-0.0234391,0.20029,1.67523,-0.108714,0.496275,1.72062
516,1,-0.0263556,0.22426,1.67819,-0.108714,0.496275,1.72062
517,1,-0.0290294,0.245785,1.68093,-0.108714,0.496275,1.72062
518,1,-0.02913,0.263871,1.68449,-0.108714,0.496275,1.72062
519,1,-0.030501,0.279286,1.68904,-0.108714,0.496275,1.72062
520,1,-0.0330096,0.289057,1.68967,-0.108714,0.496275,1.72062
521,1,-0.0335662,0.29758,1.69306,-0.108714,0.496275,1.72062
522,1,-0.0344487,0.302419,1.69352,-0.108714,0.496275,1.72062
523,1,-0.0326798,0.30788,1.6975,-0.108714,0.496275,1.72062
524,1,-0.0309545,0.31014,1.69804,-0.108714,0.496275,1.72062
525,1,-0.0323108,0.311659,1.70112,-0.108714,0.496275,1.72062
526,1,-0.0333235,0.313667,1.70265,-0.108714,0.496275,1.72062
527,1,-0.0288361,0.316571,1.70513,-0.108714,0.496275,1.72062
528,1,-0.029198,0.315813,1.70481,-0.108714,0.496275,1.72062
529,1,-0.0298282,0.317548,1.70514,-0.108714,0.496275,1.72062
530,1,-0.0296234,0.321207,1.70618,-0.108714,0.496275,1.72062
531,1,-0.0308651,0.322679,1.70565,-0.108714,0.496275,1.72062
532,1,-0.0293435,0.319929,1.70269,-0.108714,0.496275,1.72062
533,1,-0.0291245,0.320333,1.70216,-0.108714,0.496275,1.72062
534,1,-0.028716,0.320568,1.70176,-0.108714,0.496275,1.72062
535,1,-0.0286958,0.321946,1.70206,-0.108714,0.496275,1.72062
536,1,-0.0294871,0.320721,1.6997,-0.108714,0.496275,1.72062
537,1,-0.0293405,0.322088,1.70109,-0.108714,0.496275,1.72062
538,1,-0.0296989,0.321999,1.70167,-0.108714,0.496275,1.72062
539,1,-0.029306,0.322592,1.7005,-0.108714,0.496275,1.72062
540,1,-0.0315068,0.319967,1.6991,-0.108714,0.496275,1.72062
541,1,-0.030673,0.321436,1.69847,-0.108714,0.496275,1.72062
542,1,-0.0309372,0.320912,1.6975,-0.108714,0.496275,1.72062
543,1,-0.0328989,0.320313,1.6963,-0.108714,0.496275,1.72062
544,1,-0.0319624,0.320666,1.69635,-0.108714,0.496275,1.72062
545,1,-0.0328469,0.319596,1.69566,-0.108714,0.496275,1.72062
546,1,-0.0326632,0.318961,1.69451,-0.108714,0.496275,1.72062
547,1,-0.0315905,0.317961,1.69255,-0.108714,0.496275,1.72062
548,1,-0.0333837,0.316823,1.69104,-0.108714,0.496275,1.72062
549,1,-0.0352773,0.316348,1.69085,-0.108714,0.496275,1.72062
550,1,-0.0358658,0.317044,1.69212,-0.108714,0.496275,1.72062
551,1,-0.0356632,0.311241,1.68537,-0.108714,0.496275,1.72062
552,1,-0.0399721,0.306677,1.68435,-0.108714,0.496275,1.72062
553,1,-0.039824,0.30106,1.67925,-0.108714,0.496275,1.72062
554,1,-0.0420152,0.296719,1.67493,-0.108714,0.496275,1.72062
555,1,-0.0437804,0.289167,1.66632,-0.108714,0.496275,1.72062
556,1,-0.0503924,0.276008,1.6533,-0.108714,0.496275,1.72062
557,1,-0.0557159,0.256876,1.64324,-0.108714,0.496275,1.72062
558,1,-0.0651742,0.235908,1.62867,-0.108714,0.496275,1.72062
559,1,-0.0737632,0.209675,1.61215,-0.108714,0.496275,1.72062
560,1,-0.0879607,0.180169,1.59292,-0.108714,0.496275,1.72062
561,1,-0.102463,0.148743,1.56969,-0.108714,0.496275,1.72062
562,1,-0.122099,0.108727,1.54576,-0.108714,0.496275,1.72062
563,1,-0.148234,0.0753816,1.51393,-0.108714,0.496275,1.72062
564,1,-0.172807,0.0446953,1.49708,-0.108714,0.496275,1.72062
565,1,-0.196864,0.00728514,1.48409,-0.108714,0.496275,1.72062
566,1,-0.222088,-0.0331411,1.46581,-0.108714,0.496275,1.72062
567,1,-0.24891,-0.0667651,1.44927,-0.108714,0.496275,1.72062
568,1,-0.272644,-0.096491,1.4388,-0.108714,0.496275,1.72062
569,1,-0.293066,-0.121608,1.43091,-0.108714,0.496275,1.72062
570,1,-0.31266,-0.148343,1.42242,-0.108714,0.496275,1.72062
571,1,-0.329902,-0.168708,1.42342,-0.108714,0.496275,1.72062
572,1,-0.343003,-0.195078,1.41843,-0.108714,0.496275,1.72062
573,1,-0.35236,-0.21406,1.42405,-0.108714,0.496275,1.72062
574,1,-0.360181,-0.236853,1.42659,-0.108714,0.496275,1.72062
575,1,-0.367969,-0.257838,1.42739,-0.108714,0.496275,1.72062
576,1,-0.37633,-0.276139,1.42782,-0.108714,0.496275,1.72062
577,1,-0.384575,-0.287357,1.42995,-0.108714,0.496275,1.72062
578,1,-0.392783,-0.300901,1.42891,-0.108714,0.496275,1.72062
579,1,-0.403644,-0.309849,1.43181,-0.108714,0.496275,1.72062
580,1,-0.411261,-0.318957,1.43187,-0.108714,0.496275,1.72062
581,1,-0.416902,-0.326698,1.42945,-0.108714,0.496275,1.72062
582,1,-0.422443,-0.331731,1.43092,-0.108714,0.496275,1.72062
583,1,-0.425628,-0.337311,1.43188,-0.108714,0.496275,1.72062
584,1,-0.42636,-0.345627,1.43042,-0.108714,0.496275,1.72062
585,1,-0.426947,-0.350472,1.43279,-0.108714,0.496275,1.72062
586,1,-0.427141,-0.356504,1.43739,-0.108714,0.496275,1.72062
587,1,-0.428093,-0.362129,1.44089,-0.108714,0.496275,1.72062
588,1,-0.427978,-0.365548,1.44401,-0.108714,0.496275,1.72062
589,1,-0.425601,-0.369951,1.44251,-0.108714,0.496275,1.72062
590,1,-0.426361,-0.371565,1.44345,-0.108714,0.496275,1.72062
591,1,-0.42646,-0.372149,1.44235,-0.108714,0.496275,1.72062
592,1,-0.426431,-0.371775,1.44058,-0.108714,0.496275,1.72062
593,1,-0.426154,-0.371761,1.44035,-0.108714,0.496275,1.72062
594,1,-0.425993,-0.371853,1.44026,-0.108714,0.496275,1.72062
595,1,-0.426686,-0.371871,1.44108,-0.108714,0.496275,1.72062
596,1,-0.428068,-0.372139,1.44164,-0.108714,0.496275,1.72062
597,1,-0.428582,-0.372021,1.44016,-0.108714,0.496275,1.72062
598,1,-0.42986,-0.372529,1.44163,-0.108714,0.496275,1.72062
599,1,-0.430715,-0.372247,1.4416,-0.108714,0.496275,1.72062
600,1,-0.433226,-0.371374,1.44202,-0.108714,0.496275,1.72062
601,1,-0.435297,-0.371694,1.44251,-0.108714,0.496275,1.72062
602,1,-0.437964,-0.37466,1.44096,-0.108714,0.496275,1.72062
603,1,-0.439557,-0.372087,1.44362,-0.108714,0.496275,1.72062
604,1,-0.439946,-0.372097,1.44606,-0.108714,0.496275,1.72062
605,0,-0.438533,-0.372355,1.44281,-0.108714,0.496275,1.72062
606,0,-0.437554,-0.373378,1.44332,-0.108714,0.496275,1.72062
607,0,-0.436112,-0.373459,1.44292,-0.108714,0.496275,1.72062
608,0,-0.433126,-0.374219,1.44213,-0.108714,0.496275,1.72062
609,0,-0.43363,-0.373903,1.4415,-0.108714,0.496275,1.72062
610,0,-0.433446,-0.37439,1.44175,-0.108714,0.496275,1.72062
611,0,-0.434002,-0.373987,1.44187,-0.108714,0.496275,1.72062
612,0,-0.435057,-0.373996,1.44276,-0.108714,0.496275,1.72062
613,0,-0.435351,-0.373805,1.44326,-0.108714,0.496275,1.72062
614,0,-0.437298,-0.373532,1.44385,-0.108714,0.496275,1.72062
615,0,-0.437058,-0.37351,1.44382,-0.108714,0.496275,1.72062
616,0,-0.437625,-0.373037,1.44406,-0.108714,0.496275,1.72062
617,0,-0.436885,-0.372845,1.44271,-0.108714,0.496275,1.72062
618,0,-0.43597,-0.372987,1.44271,-0.108714,0.496275,1.72062
619,0,-0.435344,-0.373347,1.44257,-0.108714,0.496275,1.72062
620,0,-0.436059,-0.373561,1.44222,-0.108714,0.496275,1.72062
621,0,-0.436308,-0.373985,1.44292,-0.108714,0.496275,1.72062
622,0,-0.436182,-0.3739,1.44249,-0.108714,0.496275,1.72062
623,0,-0.436586,-0.373423,1.44295,-0.108714,0.496275,1.72062
624,0,-0.435934,-0.372968,1.44333,-0.108714,0.496275,1.72062
625,0,-0.436721,-0.373369,1.44321,-0.108714,0.496275,1.72062
626,0,-0.436731,-0.373009,1.44271,-0.108714,0.496275,1.72062
627,0,-0.436338,-0.373137,1.44218,-0.108714,0.496275,1.72062
628,0,-0.436776,-0.373339,1.44222,-0.108714,0.496275,1.72062
629,0,-0.43835,-0.375416,1.43987,-0.108714,0.496275,1.72062
630,0,-0.436427,-0.373686,1.44331,-0.108714,0.496275,1.72062
631,0,-0.436389,-0.373267,1.44282,-0.108714,0.496275,1.72062
632,0,-0.436293,-0.372791,1.44264,-0.108714,0.496275,1.72062
633,0,-0.436993,-0.373284,1.44257,-0.108714,0.496275,1.72062
634,0,-0.436551,-0.37297,1.44176,-0.108714,0.496275,1.72062
635,0,-0.43705,-0.373439,1.44272,-0.108714,0.496275,1.72062
636,0,-0.436833,-0.373715,1.44319,-0.108714,0.496275,1.72062
637,0,-0.436439,-0.374146,1.44221,-0.108714,0.496275,1.72062
638,0,-0.436571,-0.372975,1.44251,-0.108714,0.496275,1.72062
639,0,-0.436882,-0.373305,1.44244,-0.108714,0.496275,1.72062
640,0,-0.436508,-0.373511,1.44395,-0.108714,0.496275,1.72062
641,0,-0.4372,-0.373609,1.44361,-0.108714,0.496275,1.72062
642,0,-0.43724,-0.373656,1.44378,-0.108714,0.496275,1.72062
643,0,-0.436988,-0.373294,1.44205,-0.108714,0.496275,1.72062
644,0,-0.436882,-0.37343,1.44283,-0.108714,0.496275,1.72062
645,0,-0.436663,-0.373293,1.44317,-0.108714,0.496275,1.72062
646,0,-0.43751,-0.375279,1.44041,-0.108714,0.496275,1.72062
647,0,-0.436225,-0.373579,1.44094,-0.108714,0.496275,1.72062
648,0,-0.436181,-0.373635,1.44368,-0.108714,0.496275,1.72062
649,0,-0.436634,-0.373564,1.44309,-0.108714,0.496275,1.72062
650,0,-0.436373,-0.37339,1.44206,-0.108714,0.496275,1.72062
651,0,-0.436846,-0.373315,1.4427,-0.108714,0.496275,1.72062
652,0,-0.436377,-0.373182,1.44214,-0.108714,0.496275,1.72062
653,0,-0.43684,-0.374594,1.44144,-0.108714,0.496275,1.72062
654,0,-0.435709,-0.373469,1.44302,-0.108714,0.496275,1.72062
655,0,-0.436836,-0.373576,1.44335,-0.108714,0.496275,1.72062
656,0,-0.436929,-0.373503,1.44243,-0.108714,0.496275,1.72062
657,0,-0.436918,-0.373692,1.4431,-0.108714,0.496275,1.72062
658,0,-0.436387,-0.37327,1.44267,-0.108714,0.496275,1.72062
659,0,-0.436135,-0.373613,1.44269,-0.108714,0.496275,1.72062
660,0,-0.43635,-0.372727,1.44127,-0.108714,0.496275,1.72062
661,0,-0.436645,-0.373408,1.44276,-0.108714,0.496275,1.72062
662,0,-0.437596,-0.375239,1.43948,-0.108714,0.496275,1.72062
663,0,-0.436871,-0.37338,1.44251,-0.108714,0.496275,1.72062
664,0,-0.436497,-0.373665,1.44329,-0.108714,0.496275,1.72062
665,0,-0.437042,-0.373488,1.44309,-0.108714,0.496275,1.72062
666,0,-0.436207,-0.373525,1.44252,-0.108714,0.496275,1.72062
667,0,-0.43615,-0.373406,1.44264,-0.108714,0.496275,1.72062
668,0,-0.436255,-0.373729,1.44151,-0.108714,0.496275,1.72062
669,0,-0.436185,-0.373553,1.44315,-0.108714,0.496275,1.72062
670,0,-0.437108,-0.373724,1.44087,-0.108714,0.496275,1.72062
671,0,-0.436563,-0.373559,1.44273,-0.108714,0.496275,1.72062
672,0,-0.436568,-0.373749,1.44224,-0.108714,0.496275,1.72062
673,0,-0.43639,-0.372583,1.44259,-0.108714,0.496275,1.72062
674,0,-0.436415,-0.373987,1.44159,-0.108714,0.496275,1.72062
675,0,-0.435768,-0.372894,1.44224,-0.108714,0.496275,1.72062
676,0,-0.437033,-0.373182,1.44273,-0.108714,0.496275,1.72062
677,0,-0.436432,-0.374197,1.44287,-0.108714,0.496275,1.72062
678,0,-0.436731,-0.373378,1.44336,-0.108714,0.496275,1.72062
679,0,-0.436561,-0.373009,1.44296,-0.108714,0.496275,1.72062
680,0,-0.436102,-0.373505,1.44301,-0.108714,0.496275,1.72062
681,0,-0.436288,-0.373607,1.44339,-0.108714,0.496275,1.72062
682,0,-0.436618,-0.373509,1.44273,-0.108714,0.496275,1.72062
683,0,-0.436633,-0.373624,1.44223,-0.108714,0.496275,1.72062
684,0,-0.437486,-0.374553,1.44139,-0.108714,0.496275,1.72062
685,0,-0.436698,-0.373754,1.44355,-0.108714,0.496275,1.72062
686,0,-0.436774,-0.373136,1.44281,-0.108714,0.496275,1.72062
687,0,-0.436358,-0.372964,1.44151,-0.108714,0.496275,1.72062
688,0,-0.436741,-0.373269,1.44347,-0.108714,0.496275,1.72062
689,0,-0.436523,-0.373333,1.44266,-0.108714,0.496275,1.72062
690,0,-0.436642,-0.373392,1.44276,-0.108714,0.496275,1.72062
691,0,-0.43555,-0.372779,1.44157,-0.108714,0.496275,1.72062
692,0,-0.436639,-0.373104,1.44228,-0.108714,0.496275,1.72062
693,0,-0.436477,-0.373395,1.44211,-0.108714,0.496275,1.72062
694,0,-0.436544,-0.372997,1.44209,-0.108714,0.496275,1.72062
695,0,-0.436458,-0.373031,1.44173,-0.108714,0.496275,1.72062
697,0,-0.436377,-0.373189,1.44192,-0.108714,0.496275,1.72062
698,0,-0.436222,-0.37331,1.44128,-0.108714,0.496275,1.72062
699,0,-0.436549,-0.373333,1.44225,-0.108714,0.496275,1.72062
700,0,-0.436402,-0.373623,1.44015,-0.108714,0.496275,1.72062
701,0,-0.435939,-0.372722,1.44089,-0.108714,0.496275,1.72062
702,0,-0.436259,-0.373022,1.44203,-0.108714,0.496275,1.72062
703,0,-0.436141,-0.373143,1.44245,-0.108714,0.496275,1.72062
704,0,-0.436039,-0.374231,1.44083,-0.108714,0.496275,1.72062
705,0,-0.436273,-0.374205,1.44067,-0.108714,0.496275,1.72062
706,0,-0.436518,-0.37326,1.44258,-0.108714,0.496275,1.72062
707,0,-0.436422,-0.373129,1.4418,-0.108714,0.496275,1.72062
708,0,-0.435912,-0.373169,1.44213,-0.108714,0.496275,1.72062
709,0,-0.435933,-0.373748,1.44282,-0.108714,0.496275,1.72062
710,0,-0.436587,-0.37313,1.44197,-0.108714,0.496275,1.72062
711,0,-0.436109,-0.373329,1.44201,-0.108714,0.496275,1.72062
712,0,-0.436302,-0.373273,1.4409,-0.108714,0.496275,1.72062
713,0,-0.436056,-0.373229,1.44148,-0.108714,0.496275,1.72062
714,0,-0.435157,-0.373137,1.44228,-0.108714,0.496275,1.72062
715,0,-0.436309,-0.373284,1.44176,-0.108714,0.496275,1.72062
716,0,-0.436391,-0.373043,1.4417,-0.108714,0.496275,1.72062
717,0,-0.436137,-0.373198,1.44164,-0.108714,0.496275,1.72062
718,0,-0.436414,-0.373425,1.44243,-0.108714,0.496275,1.72062
719,0,-0.436349,-0.373257,1.44218,-0.108714,0.496275,1.72062
720,0,-0.435661,-0.373204,1.44188,-0.108714,0.496275,1.72062
721,0,-0.435806,-0.372926,1.44061,-0.108714,0.496275,1.72062
722,0,-0.435988,-0.373287,1.44155,-0.108714,0.496275,1.72062
723,0,-0.43631,-0.373331,1.44185,-0.108714,0.496275,1.72062
724,0,-0.436312,-0.373407,1.43971,-0.108714,0.496275,1.72062
725,0,-0.436299,-0.373079,1.44138,-0.108714,0.496275,1.72062
726,0,-0.436105,-0.373354,1.44213,-0.108714,0.496275,1.72062
727,0,-0.435988,-0.373619,1.44268,-0.108714,0.496275,1.72062
728,0,-0.436821,-0.37318,1.44269,-0.108714,0.496275,1.72062
729,0,-0.435673,-0.373114,1.44203,-0.108714,0.496275,1.72062
730,0,-0.436164,-0.37321,1.4417,-0.108714,0.496275,1.72062
731,0,-0.435948,-0.37302,1.44056,-0.108714,0.496275,1.72062
732,0,-0.436169,-0.373211,1.44182,-0.108714,0.496275,1.72062
733,0,-0.436376,-0.373346,1.44243,-0.108714,0.496275,1.72062
734,0,-0.436309,-0.373388,1.44265,-0.108714,0.496275,1.72062
735,0,-0.436284,-0.373492,1.44318,-0.108714,0.496275,1.72062
736,0,-0.436461,-0.373322,1.44225,-0.108714,0.496275,1.72062
737,0,-0.435958,-0.373531,1.44163,-0.108714,0.496275,1.72062
738,0,-0.436918,-0.373198,1.44408,-0.108714,0.496275,1.72062
739,0,-0.435889,-0.373426,1.44193,-0.108714,0.496275,1.72062
740,0,-0.437071,-0.373966,1.44078,-0.108714,0.496275,1.72062
741,0,-0.436713,-0.37378,1.44099,-0.108714,0.496275,1.72062
742,0,-0.436063,-0.373226,1.44139,-0.108714,0.496275,1.72062
743,0,-0.435996,-0.373056,1.44156,-0.108714,0.496275,1.72062
744,0,-0.43702,-0.374145,1.44124,-0.108714,0.496275,1.72062
745,0,-0.436002,-0.373345,1.44153,-0.108714,0.496275,1.72062
746,0,-0.435632,-0.37319,1.44093,-0.108714,0.496275,1.72062
747,0,-0.436006,-0.373061,1.44134,-0.108714,0.496275,1.72062
748,0,-0.435797,-0.373341,1.441,-0.108714,0.496275,1.72062
749,0,-0.435652,-0.373401,1.44181,-0.108714,0.496275,1.72062
750,0,-0.43608,-0.372836,1.44088,-0.108714,0.496275,1.72062
751,0,-0.436881,-0.373755,1.44273,-0.108714,0.496275,1.72062
752,0,-0.435856,-0.373207,1.44175,-0.108714,0.496275,1.72062
753,0,-0.436003,-0.373062,1.44145,-0.108714,0.496275,1.72062
754,0,-0.435978,-0.373217,1.44146,-0.108714,0.496275,1.72062
755,0,-0.436397,-0.373693,1.44237,-0.108714,0.496275,1.72062
