51,0,0.432247,-0.227727,1.7695,-nan,-nan,-nan
52,0,0.431221,-0.226839,1.77271,-nan,-nan,-nan
53,0,0.430467,-0.226007,1.77346,-nan,-nan,-nan
55,0,0.428598,-0.22627,1.77535,-nan,-nan,-nan
56,0,0.433119,-0.226522,1.77337,-0.0561051,0.414265,1.75048
57,0,0.430041,-0.225481,1.77933,-0.0561051,0.414265,1.75048
58,0,0.429323,-0.226465,1.77652,-0.0561051,0.414265,1.75048
59,0,0.434386,-0.227848,1.76856,-0.0561051,0.414265,1.75048
60,0,0.42784,-0.22678,1.77595,-0.0561051,0.414265,1.75048
61,0,0.435533,-0.228191,1.76741,-0.0561051,0.414265,1.75048
62,0,0.430598,-0.226661,1.7774,-0.0561051,0.414265,1.75048
63,0,0.432657,-0.227385,1.776,-0.0561051,0.414265,1.75048
64,0,0.430136,-0.226488,1.77558,-0.0561051,0.414265,1.75048
65,0,0.432916,-0.228087,1.77515,-0.0561051,0.414265,1.75048
66,0,0.43469,-0.228698,1.76911,-0.0561051,0.414265,1.75048
67,0,0.42912,-0.226294,1.77866,-0.0561051,0.414265,1.75048
68,0,0.431015,-0.227493,1.77839,-0.0561051,0.414265,1.75048
69,0,0.431674,-0.228054,1.77611,-0.0561051,0.414265,1.75048
70,0,0.432668,-0.226887,1.77453,-0.0561051,0.414265,1.75048
71,0,0.428497,-0.226034,1.77778,-0.0561051,0.414265,1.75048
72,0,0.429818,-0.226377,1.77625,-0.0561051,0.414265,1.75048
73,0,0.428672,-0.226209,1.77894,-0.0561051,0.414265,1.75048
74,0,0.427868,-0.226399,1.77773,-0.0561051,0.414265,1.75048
75,0,0.426212,-0.225327,1.78039,-0.0561051,0.414265,1.75048
76,0,0.431777,-0.228028,1.76997,-0.0561051,0.414265,1.75048
77,0,0.429498,-0.226898,1.77718,-0.0561051,0.414265,1.75048
78,0,0.429754,-0.227007,1.7785,-0.0561051,0.414265,1.75048
79,0,0.427405,-0.224819,1.7821,-0.0561051,0.414265,1.75048
80,0,0.428935,-0.226254,1.78084,-0.0561051,0.414265,1.75048
81,0,0.431523,-0.227251,1.77876,-0.0561051,0.414265,1.75048
82,0,0.430671,-0.226412,1.78121,-0.0561051,0.414265,1.75048
83,0,0.429577,-0.226387,1.77906,-0.0561051,0.414265,1.75048
84,0,0.430245,-0.226995,1.7781,-0.0561051,0.414265,1.75048
85,0,0.426511,-0.225031,1.77964,-0.0561051,0.414265,1.75048
86,0,0.429932,-0.226607,1.78003,-0.0561051,0.414265,1.75048
87,0,0.42799,-0.225293,1.7819,-0.0561051,0.414265,1.75048
88,0,0.428702,-0.22597,1.78211,-0.0561051,0.414265,1.75048
89,0,0.430833,-0.227399,1.7772,-0.0561051,0.414265,1.75048
90,0,0.431616,-0.226245,1.77898,-0.0561051,0.414265,1.75048
91,0,0.431135,-0.226095,1.78014,-0.0561051,0.414265,1.75048
92,0,0.429075,-0.225959,1.77885,-0.0561051,0.414265,1.75048
93,0,0.424144,-0.222808,1.75986,-0.0561051,0.414265,1.75048
94,0,0.423856,-0.223329,1.7618,-0.0561051,0.414265,1.75048
95,0,0.423032,-0.22303,1.76112,-0.0561051,0.414265,1.75048
96,0,0.427052,-0.224969,1.76112,-0.0561051,0.414265,1.75048
97,0,0.427184,-0.22403,1.75554,-0.0561051,0.414265,1.75048
98,0,0.42282,-0.222996,1.75987,-0.0561051,0.414265,1.75048
99,0,0.425243,-0.223374,1.75776,-0.0561051,0.414265,1.75048
100,0,0.423086,-0.223353,1.76276,-0.0561051,0.414265,1.75048
101,0,0.424697,-0.222724,1.75996,-0.0561051,0.414265,1.75048
102,0,0.424357,-0.224795,1.759,-0.0561051,0.414265,1.75048
103,0,0.423423,-0.222534,1.76053,-0.0561051,0.414265,1.75048
104,0,0.424748,-0.223713,1.75985,-0.0561051,0.414265,1.75048
105,0,0.422707,-0.223203,1.76186,-0.0561051,0.414265,1.75048
106,0,0.423655,-0.22319,1.76035,-0.0561051,0.414265,1.75048
107,0,0.422773,-0.223051,1.76053,-0.0561051,0.414265,1.75048
108,1,0.420634,-0.222313,1.7608,-0.0561051,0.414265,1.75048
109,1,0.425423,-0.224135,1.76012,-0.0561051,0.414265,1.75048
110,1,0.422758,-0.222486,1.76337,-0.0561051,0.414265,1.75048
111,1,0.424684,-0.223879,1.76055,-0.0561051,0.414265,1.75048
112,1,0.42275,-0.223257,1.76213,-0.0561051,0.414265,1.75048
113,1,0.422878,-0.222579,1.76218,-0.0561051,0.414265,1.75048
114,1,0.42418,-0.222667,1.76112,-0.0561051,0.414265,1.75048
115,1,0.423549,-0.223127,1.76223,-0.0561051,0.414265,1.75048
116,1,0.42462,-0.224397,1.76183,-0.0561051,0.414265,1.75048
117,1,0.423331,-0.223143,1.76197,-0.0561051,0.414265,1.75048
118,1,0.424292,-0.223736,1.75813,-0.0561051,0.414265,1.75048
119,1,0.423968,-0.223314,1.76153,-0.0561051,0.414265,1.75048
120,1,0.423523,-0.222984,1.76083,-0.0561051,0.414265,1.75048
121,1,0.423517,-0.223429,1.76118,-0.0561051,0.414265,1.75048
122,1,0.422753,-0.223292,1.7641,-0.0561051,0.414265,1.75048
123,1,0.423429,-0.223321,1.76078,-0.0561051,0.414265,1.75048
124,1,0.424397,-0.223721,1.76068,-0.0561051,0.414265,1.75048
125,1,0.424703,-0.223946,1.76288,-0.0561051,0.414265,1.75048
126,1,0.422586,-0.223253,1.76222,-0.0561051,0.414265,1.75048
127,1,0.424584,-0.223583,1.76342,-0.0561051,0.414265,1.75048
128,1,0.423146,-0.222749,1.76203,-0.0561051,0.414265,1.75048
129,1,0.424326,-0.223676,1.76168,-0.0561051,0.414265,1.75048
130,1,0.420391,-0.223198,1.76784,-0.0561051,0.414265,1.75048
131,1,0.422181,-0.222053,1.76955,-0.0561051,0.414265,1.75048
132,1,0.424669,-0.223633,1.76396,-0.0561051,0.414265,1.75048
133,1,0.425789,-0.223139,1.76279,-0.0561051,0.414265,1.75048
134,1,0.42163,-0.22276,1.76793,-0.0561051,0.414265,1.75048
135,1,0.421886,-0.222666,1.76238,-0.0561051,0.414265,1.75048
136,1,0.423943,-0.223101,1.76577,-0.0561051,0.414265,1.75048
137,1,0.420963,-0.22299,1.76985,-0.0561051,0.414265,1.75048
138,1,0.42375,-0.223446,1.76545,-0.0561051,0.414265,1.75048
139,1,0.423233,-0.223282,1.76458,-0.0561051,0.414265,1.75048
140,1,0.423589,-0.223581,1.76785,-0.0561051,0.414265,1.75048
141,1,0.42314,-0.223728,1.76807,-0.0561051,0.414265,1.75048
142,1,0.42196,-0.224019,1.76738,-0.0561051,0.414265,1.75048
143,1,0.426784,-0.227293,1.76466,-0.0561051,0.414265,1.75048
144,1,0.426147,-0.226631,1.76305,-0.0561051,0.414265,1.75048
145,1,0.424441,-0.223658,1.75997,-0.0561051,0.414265,1.75048
146,1,0.417559,-0.217942,1.74937,-0.0561051,0.414265,1.75048
147,1,0.410455,-0.208395,1.74678,-0.0561051,0.414265,1.75048
148,1,0.415145,-0.203458,1.7308,-0.0561051,0.414265,1.75048
149,1,0.403319,-0.192359,1.7233,-0.0561051,0.414265,1.75048
150,1,0.397877,-0.182918,1.71107,-0.0561051,0.414265,1.75048
151,1,0.391967,-0.169096,1.70219,-0.0561051,0.414265,1.75048
152,1,0.38491,-0.155698,1.68642,-0.0561051,0.414265,1.75048
153,1,0.370443,-0.143307,1.68206,-0.0561051,0.414265,1.75048
154,1,0.35557,-0.130796,1.67863,-0.0561051,0.414265,1.75048
155,1,0.340414,-0.117038,1.6673,-0.0561051,0.414265,1.75048
156,1,0.32814,-0.105011,1.65177,-0.0561051,0.414265,1.75048
157,1,0.310106,-0.0935117,1.64696,-0.0561051,0.414265,1.75048
158,1,0.285492,-0.0861442,1.64503,-0.0561051,0.414265,1.75048
159,1,0.275962,-0.0782236,1.6292,-0.0561051,0.414265,1.75048
160,1,0.255876,-0.0726682,1.62217,-0.0561051,0.414265,1.75048
161,1,0.227883,-0.0674638,1.62261,-0.0561051,0.414265,1.75048
162,1,0.208229,-0.067435,1.61573,-0.0561051,0.414265,1.75048
163,1,0.18595,-0.0677453,1.61392,-0.0561051,0.414265,1.75048
164,1,0.171046,-0.068527,1.60409,-0.0561051,0.414265,1.75048
165,1,0.14907,-0.0689491,1.60228,-0.0561051,0.414265,1.75048
166,1,0.128357,-0.0736519,1.6029,-0.0561051,0.414265,1.75048
167,1,0.111008,-0.0828844,1.60733,-0.0561051,0.414265,1.75048
168,1,0.0867914,-0.0913349,1.61566,-0.0561051,0.414265,1.75048
169,1,0.0694242,-0.100845,1.61786,-0.0561051,0.414265,1.75048
170,1,0.058628,-0.111506,1.61747,-0.0561051,0.414265,1.75048
171,1,0.0390124,-0.123878,1.62992,-0.0561051,0.414265,1.75048
172,1,0.0186104,-0.136625,1.64331,-0.0561051,0.414265,1.75048
173,1,0.00124666,-0.147567,1.65503,-0.0561051,0.414265,1.75048
174,1,-0.00712751,-0.163952,1.65726,-0.0561051,0.414265,1.75048
175,1,-0.0211532,-0.175678,1.67174,-0.0561051,0.414265,1.75048
176,1,-0.0160894,-0.193622,1.66394,-0.0561051,0.414265,1.75048
177,1,-0.0300916,-0.203448,1.6868,-0.0561051,0.414265,1.75048
178,1,-0.0404189,-0.21452,1.70164,-0.0561051,0.414265,1.75048
179,1,-0.0377794,-0.227477,1.70325,-0.0561051,0.414265,1.75048
180,1,-0.041624,-0.238264,1.71094,-0.0561051,0.414265,1.75048
181,1,-0.0531538,-0.243782,1.73148,-0.0561051,0.414265,1.75048
182,1,-0.0536165,-0.249759,1.73353,-0.0561051,0.414265,1.75048
183,1,-0.0561937,-0.256764,1.74369,-0.0561051,0.414265,1.75048
184,1,-0.0524852,-0.266084,1.74154,-0.0561051,0.414265,1.75048
185,1,-0.0508271,-0.271906,1.73834,-0.0561051,0.414265,1.75048
186,1,-0.0567356,-0.271686,1.74481,-0.0561051,0.414265,1.75048
187,1,-0.052859,-0.27795,1.74179,-0.0561051,0.414265,1.75048
188,1,-0.0538931,-0.280137,1.74538,-0.0561051,0.414265,1.75048
189,1,-0.0559392,-0.283144,1.74792,-0.0561051,0.414265,1.75048
190,1,-0.0564475,-0.283892,1.74949,-0.0561051,0.414265,1.75048
191,1,-0.0580916,-0.284107,1.75045,-0.0561051,0.414265,1.75048
192,1,-0.061105,-0.284079,1.75335,-0.0561051,0.414265,1.75048
193,1,-0.0602796,-0.283587,1.75157,-0.0561051,0.414265,1.75048
194,1,-0.0611494,-0.284726,1.75533,-0.0561051,0.414265,1.75048
195,1,-0.0636251,-0.283237,1.75486,-0.0561051,0.414265,1.75048
196,1,-0.0668775,-0.283415,1.75697,-0.0561051,0.414265,1.75048
197,1,-0.073162,-0.281332,1.76735,-0.0561051,0.414265,1.75048
198,1,-0.0730864,-0.283699,1.76754,-0.0561051,0.414265,1.75048
199,1,-0.0760925,-0.282771,1.76644,-0.0561051,0.414265,1.75048
200,1,-0.0710575,-0.285002,1.76186,-0.0561051,0.414265,1.75048
201,1,-0.0657941,-0.287712,1.75586,-0.0561051,0.414265,1.75048
202,1,-0.0616146,-0.289114,1.75488,-0.0561051,0.414265,1.75048
203,1,-0.0540955,-0.291719,1.74676,-0.0561051,0.414265,1.75048
204,1,-0.0470426,-0.29345,1.74132,-0.0561051,0.414265,1.75048
205,1,-0.039709,-0.295456,1.73537,-0.0561051,0.414265,1.75048
206,1,-0.0365667,-0.295506,1.73572,-0.0561051,0.414265,1.75048
207,1,-0.0287434,-0.295857,1.72995,-0.0561051,0.414265,1.75048
208,1,-0.0298157,-0.293946,1.73495,-0.0561051,0.414265,1.75048
209,1,-0.0279824,-0.294284,1.73681,-0.0561051,0.414265,1.75048
210,1,-0.0323909,-0.291584,1.74305,-0.0561051,0.414265,1.75048
211,1,-0.0328341,-0.291534,1.7431,-0.0561051,0.414265,1.75048
212,1,-0.0362597,-0.289532,1.74771,-0.0561051,0.414265,1.75048
213,1,-0.0353733,-0.287947,1.74791,-0.0561051,0.414265,1.75048
214,1,-0.0452441,-0.2841,1.75849,-0.0561051,0.414265,1.75048
215,1,-0.0525642,-0.280939,1.77108,-0.0561051,0.414265,1.75048
216,1,-0.0580956,-0.279601,1.77275,-0.0561051,0.414265,1.75048
217,1,-0.0607797,-0.280237,1.77432,-0.0561051,0.414265,1.75048
218,1,-0.0646551,-0.278459,1.777,-0.0561051,0.414265,1.75048
219,1,-0.0609098,-0.280281,1.77416,-0.0561051,0.414265,1.75048
220,1,-0.058981,-0.281441,1.77103,-0.0561051,0.414265,1.75048
221,1,-0.0549324,-0.282301,1.76842,-0.0561051,0.414265,1.75048
222,1,-0.0399797,-0.288525,1.75095,-0.0561051,0.414265,1.75048
223,1,-0.035091,-0.2905,1.7465,-0.0561051,0.414265,1.75048
224,1,-0.0325539,-0.292221,1.7465,-0.0561051,0.414265,1.75048
225,1,-0.0278054,-0.294766,1.74336,-0.0561051,0.414265,1.75048
226,1,-0.0282903,-0.295471,1.74466,-0.0561051,0.414265,1.75048
227,1,-0.0259678,-0.29647,1.74122,-0.0561051,0.414265,1.75048
228,1,-0.0282726,-0.295299,1.74361,-0.0561051,0.414265,1.75048
229,1,-0.0318804,-0.294172,1.74546,-0.0561051,0.414265,1.75048
230,1,-0.034362,-0.293427,1.73841,-0.0561051,0.414265,1.75048
231,1,-0.0404221,-0.292269,1.74797,-0.0561051,0.414265,1.75048
232,1,-0.0551213,-0.286991,1.76495,-0.0561051,0.414265,1.75048
233,1,-0.0580777,-0.286585,1.768,-0.0561051,0.414265,1.75048
234,1,-0.0658737,-0.283485,1.775,-0.0561051,0.414265,1.75048
235,1,-0.0626742,-0.2845,1.77053,-0.0561051,0.414265,1.75048
236,1,-0.064539,-0.283141,1.7751,-0.0561051,0.414265,1.75048
237,1,-0.0566087,-0.286461,1.76531,-0.0561051,0.414265,1.75048
238,1,-0.0438798,-0.291551,1.7547,-0.0561051,0.414265,1.75048
239,1,-0.0402241,-0.292172,1.74887,-0.0561051,0.414265,1.75048
240,1,-0.034834,-0.294373,1.74115,-0.0561051,0.414265,1.75048
241,1,-0.031986,-0.296316,1.74327,-0.0561051,0.414265,1.75048
242,1,-0.0311389,-0.29633,1.74359,-0.0561051,0.414265,1.75048
243,1,-0.030557,-0.296764,1.74506,-0.0561051,0.414265,1.75048
244,1,-0.0329776,-0.295244,1.74325,-0.0561051,0.414265,1.75048
245,1,-0.0364322,-0.294089,1.74729,-0.0561051,0.414265,1.75048
246,1,-0.0381425,-0.293507,1.74767,-0.0561051,0.414265,1.75048
247,1,-0.0493235,-0.290241,1.75794,-0.0561051,0.414265,1.75048
248,1,-0.0633836,-0.28484,1.77417,-0.0561051,0.414265,1.75048
249,1,-0.066973,-0.283985,1.7776,-0.0561051,0.414265,1.75048
250,1,-0.0697129,-0.283073,1.77836,-0.0561051,0.414265,1.75048
251,1,-0.0703003,-0.282645,1.7776,-0.0561051,0.414265,1.75048
252,1,-0.0761254,-0.281294,1.78337,-0.0561051,0.414265,1.75048
253,1,-0.070328,-0.282484,1.77864,-0.0561051,0.414265,1.75048
254,1,-0.0662579,-0.283764,1.77694,-0.0561051,0.414265,1.75048
255,1,-0.0480987,-0.291479,1.7575,-0.0561051,0.414265,1.75048
256,1,-0.0405762,-0.293278,1.74688,-0.0561051,0.414265,1.75048
257,1,-0.0377692,-0.293393,1.74491,-0.0561051,0.414265,1.75048
258,1,-0.0312861,-0.296431,1.73877,-0.0561051,0.414265,1.75048
259,1,-0.0299294,-0.297029,1.73752,-0.0561051,0.414265,1.75048
260,1,-0.03053,-0.29688,1.73993,-0.0561051,0.414265,1.75048
261,1,-0.0337179,-0.295319,1.74086,-0.0561051,0.414265,1.75048
262,1,-0.0384735,-0.294668,1.74764,-0.0561051,0.414265,1.75048
263,1,-0.0474527,-0.292614,1.75598,-0.0561051,0.414265,1.75048
264,1,-0.0564717,-0.288981,1.76595,-0.0561051,0.414265,1.75048
265,1,-0.0672116,-0.285509,1.77634,-0.0561051,0.414265,1.75048
266,1,-0.0679816,-0.284768,1.77655,-0.0561051,0.414265,1.75048
267,1,-0.0731872,-0.283741,1.77825,-0.0561051,0.414265,1.75048
268,1,-0.0715723,-0.283713,1.77906,-0.0561051,0.414265,1.75048
269,1,-0.0733637,-0.283972,1.77919,-0.0561051,0.414265,1.75048
270,1,-0.0691253,-0.284393,1.77602,-0.0561051,0.414265,1.75048
271,1,-0.0659711,-0.285304,1.77588,-0.0561051,0.414265,1.75048
272,1,-0.0592184,-0.286639,1.76617,-0.0561051,0.414265,1.75048
273,1,-0.0481645,-0.291278,1.75606,-0.0561051,0.414265,1.75048
274,1,-0.0389614,-0.293596,1.74357,-0.0561051,0.414265,1.75048
275,1,-0.0385582,-0.293628,1.74726,-0.0561051,0.414265,1.75048
276,1,-0.0340614,-0.295622,1.7418,-0.0561051,0.414265,1.75048
277,1,-0.0350545,-0.294538,1.74153,-0.0561051,0.414265,1.75048
278,1,-0.0380729,-0.293359,1.7453,-0.0561051,0.414265,1.75048
279,1,-0.040431,-0.291915,1.74687,-0.0561051,0.414265,1.75048
280,1,-0.0428851,-0.291746,1.75041,-0.0561051,0.414265,1.75048
281,1,-0.0614583,-0.285941,1.77363,-0.0561051,0.414265,1.75048
282,1,-0.0672194,-0.284123,1.77592,-0.0561051,0.414265,1.75048
283,1,-0.0672934,-0.28424,1.77447,-0.0561051,0.414265,1.75048
284,1,-0.0703763,-0.282752,1.77533,-0.0561051,0.414265,1.75048
285,1,-0.0735665,-0.282358,1.77885,-0.0561051,0.414265,1.75048
286,1,-0.0714256,-0.283012,1.77809,-0.0561051,0.414265,1.75048
287,1,-0.0686153,-0.283364,1.77545,-0.0561051,0.414265,1.75048
288,1,-0.0674862,-0.283018,1.77506,-0.0561051,0.414265,1.75048
289,1,-0.06369,-0.284263,1.7749,-0.0561051,0.414265,1.75048
290,1,-0.0514989,-0.288892,1.75661,-0.0561051,0.414265,1.75048
291,1,-0.0439945,-0.291597,1.75194,-0.0561051,0.414265,1.75048
292,1,-0.0435744,-0.291185,1.74886,-0.0561051,0.414265,1.75048
293,1,-0.0422161,-0.29224,1.74857,-0.0561051,0.414265,1.75048
294,1,-0.0377637,-0.293468,1.74576,-0.0561051,0.414265,1.75048
295,1,-0.0383025,-0.292985,1.74635,-0.0561051,0.414265,1.75048
296,1,-0.0385846,-0.291826,1.74413,-0.0561051,0.414265,1.75048
297,1,-0.0423465,-0.290476,1.74515,-0.0561051,0.414265,1.75048
298,1,-0.0405074,-0.291188,1.74748,-0.0561051,0.414265,1.75048
299,1,-0.0438091,-0.289441,1.74577,-0.0561051,0.414265,1.75048
300,1,-0.0441463,-0.289727,1.74622,-0.0561051,0.414265,1.75048
301,1,-0.0446365,-0.288693,1.74672,-0.0561051,0.414265,1.75048
302,1,-0.0430837,-0.288996,1.74635,-0.0561051,0.414265,1.75048
303,1,-0.0503701,-0.286699,1.7545,-0.0561051,0.414265,1.75048
304,1,-0.0458397,-0.287362,1.74522,-0.0561051,0.414265,1.75048
305,1,-0.0495202,-0.285138,1.75058,-0.0561051,0.414265,1.75048
306,1,-0.0483015,-0.28583,1.74758,-0.0561051,0.414265,1.75048
307,1,-0.0439871,-0.286405,1.74043,-0.0561051,0.414265,1.75048
308,1,-0.0449236,-0.286277,1.73945,-0.0561051,0.414265,1.75048
309,1,-0.0467454,-0.285201,1.74292,-0.0561051,0.414265,1.75048
310,1,-0.046927,-0.285513,1.74176,-0.0561051,0.414265,1.75048
311,1,-0.0460826,-0.28602,1.74407,-0.0561051,0.414265,1.75048
312,1,-0.0452947,-0.285779,1.7411,-0.0561051,0.414265,1.75048
313,1,-0.0479168,-0.284295,1.7461,-0.0561051,0.414265,1.75048
314,1,-0.0489064,-0.282384,1.74582,-0.0561051,0.414265,1.75048
315,1,-0.0455941,-0.281266,1.74474,-0.0561051,0.414265,1.75048
316,1,-0.0448677,-0.277935,1.74753,-0.0561051,0.414265,1.75048
317,1,-0.0418552,-0.275832,1.7419,-0.0561051,0.414265,1.75048
318,1,-0.0439834,-0.271378,1.742,-0.0561051,0.414265,1.75048
319,1,-0.043669,-0.267412,1.73609,-0.0561051,0.414265,1.75048
320,1,-0.0543027,-0.257692,1.73964,-0.0561051,0.414265,1.75048
321,1,-0.0561784,-0.251272,1.73295,-0.0561051,0.414265,1.75048
322,1,-0.0505883,-0.246981,1.71731,-0.0561051,0.414265,1.75048
323,1,-0.0477832,-0.240873,1.70587,-0.0561051,0.414265,1.75048
324,1,-0.0567851,-0.230659,1.70514,-0.0561051,0.414265,1.75048
325,1,-0.0637647,-0.220801,1.70102,-0.0561051,0.414265,1.75048
326,1,-0.0710699,-0.212566,1.69733,-0.0561051,0.414265,1.75048
327,1,-0.0739861,-0.205865,1.688,-0.0561051,0.414265,1.75048
328,1,-0.081971,-0.197259,1.68552,-0.0561051,0.414265,1.75048
329,1,-0.0892403,-0.186267,1.67721,-0.0561051,0.414265,1.75048
330,1,-0.0962751,-0.17754,1.66902,-0.0561051,0.414265,1.75048
331,1,-0.11261,-0.16421,1.66835,-0.0561051,0.414265,1.75048
332,1,-0.125709,-0.155545,1.66659,-0.0561051,0.414265,1.75048
333,1,-0.13065,-0.148898,1.65121,-0.0561051,0.414265,1.75048
334,1,-0.14378,-0.138755,1.64486,-0.0561051,0.414265,1.75048
335,1,-0.157741,-0.125091,1.64063,-0.0561051,0.414265,1.75048
336,1,-0.168636,-0.114805,1.63329,-0.0561051,0.414265,1.75048
337,1,-0.188679,-0.0996012,1.63056,-0.0561051,0.414265,1.75048
338,1,-0.202588,-0.0863861,1.62321,-0.0561051,0.414265,1.75048
339,1,-0.216101,-0.0765916,1.60936,-0.0561051,0.414265,1.75048
340,1,-0.23215,-0.0664394,1.59963,-0.0561051,0.414265,1.75048
341,1,-0.251969,-0.0590343,1.5959,-0.0561051,0.414265,1.75048
342,1,-0.266725,-0.0555114,1.58495,-0.0561051,0.414265,1.75048
343,1,-0.287871,-0.0509838,1.58548,-0.0561051,0.414265,1.75048
344,1,-0.305419,-0.0471392,1.58678,-0.0561051,0.414265,1.75048
345,1,-0.325888,-0.0439801,1.5896,-0.0561051,0.414265,1.75048
346,1,-0.345831,-0.0471588,1.58874,-0.0561051,0.414265,1.75048
347,1,-0.361485,-0.049878,1.58227,-0.0561051,0.414265,1.75048
348,1,-0.381812,-0.0533739,1.57854,-0.0561051,0.414265,1.75048
349,1,-0.399328,-0.0577487,1.57669,-0.0561051,0.414265,1.75048
350,1,-0.42335,-0.0638636,1.596,-0.0561051,0.414265,1.75048
351,1,-0.440665,-0.0712899,1.60221,-0.0561051,0.414265,1.75048
352,1,-0.46026,-0.0851573,1.61295,-0.0561051,0.414265,1.75048
353,1,-0.47387,-0.0997456,1.61312,-0.0561051,0.414265,1.75048
354,1,-0.490301,-0.115081,1.63307,-0.0561051,0.414265,1.75048
355,1,-0.498812,-0.13136,1.63407,-0.0561051,0.414265,1.75048
356,1,-0.515264,-0.149003,1.65167,-0.0561051,0.414265,1.75048
357,1,-0.520726,-0.167669,1.65432,-0.0561051,0.414265,1.75048
358,1,-0.525272,-0.184851,1.65588,-0.0561051,0.414265,1.75048
359,1,-0.533387,-0.200642,1.66493,-0.0561051,0.414265,1.75048
360,1,-0.537938,-0.217981,1.66701,-0.0561051,0.414265,1.75048
361,1,-0.539564,-0.230824,1.66908,-0.0561051,0.414265,1.75048
363,1,-0.545465,-0.24874,1.67641,-0.0561051,0.414265,1.75048
364,1,-0.548584,-0.263406,1.66596,-0.0561051,0.414265,1.75048
365,1,-0.550731,-0.269068,1.67215,-0.0561051,0.414265,1.75048
366,1,-0.552219,-0.277271,1.67323,-0.0561051,0.414265,1.75048
367,1,-0.552191,-0.28454,1.66816,-0.0561051,0.414265,1.75048
368,1,-0.555954,-0.288354,1.66968,-0.0561051,0.414265,1.75048
369,1,-0.555113,-0.294195,1.67274,-0.0561051,0.414265,1.75048
370,1,-0.553662,-0.297967,1.67329,-0.0561051,0.414265,1.75048
371,1,-0.553556,-0.297035,1.67183,-0.0561051,0.414265,1.75048
372,1,-0.550922,-0.29625,1.67069,-0.0561051,0.414265,1.75048
373,1,-0.551834,-0.296704,1.67348,-0.0561051,0.414265,1.75048
374,1,-0.551115,-0.297821,1.66937,-0.0561051,0.414265,1.75048
375,1,-0.553806,-0.295854,1.67374,-0.0561051,0.414265,1.75048
376,1,-0.552096,-0.296745,1.6707,-0.0561051,0.414265,1.75048
377,1,-0.551285,-0.296893,1.66831,-0.0561051,0.414265,1.75048
378,1,-0.551339,-0.298013,1.66592,-0.0561051,0.414265,1.75048
379,1,-0.553875,-0.297052,1.6723,-0.0561051,0.414265,1.75048
380,1,-0.556868,-0.29807,1.67427,-0.0561051,0.414265,1.75048
381,1,-0.556269,-0.297823,1.67362,-0.0561051,0.414265,1.75048
383,1,-0.556385,-0.297133,1.67134,-0.0561051,0.414265,1.75048
384,1,-0.557809,-0.298433,1.6755,-0.0561051,0.414265,1.75048
385,1,-0.557321,-0.298149,1.67446,-0.0561051,0.414265,1.75048
386,1,-0.557727,-0.298216,1.67446,-0.0561051,0.414265,1.75048
387,1,-0.554466,-0.298104,1.66794,-0.0561051,0.414265,1.75048
388,1,-0.557324,-0.29669,1.67335,-0.0561051,0.414265,1.75048
389,1,-0.557448,-0.2978,1.67418,-0.0561051,0.414265,1.75048
390,1,-0.556993,-0.297639,1.67375,-0.0561051,0.414265,1.75048
391,1,-0.556982,-0.298264,1.6727,-0.0561051,0.414265,1.75048
392,1,-0.557593,-0.297374,1.67292,-0.0561051,0.414265,1.75048
393,1,-0.555304,-0.295879,1.66518,-0.0561051,0.414265,1.75048
394,0,-0.554623,-0.295244,1.6665,-0.0561051,0.414265,1.75048
395,0,-0.556079,-0.295549,1.66123,-0.0561051,0.414265,1.75048
396,0,-0.55684,-0.295809,1.6633,-0.0561051,0.414265,1.75048
397,0,-0.554161,-0.29584,1.66325,-0.0561051,0.414265,1.75048
398,0,-0.556255,-0.295807,1.66202,-0.0561051,0.414265,1.75048
399,0,-0.554626,-0.295234,1.66415,-0.0561051,0.414265,1.75048
400,0,-0.555302,-0.296096,1.65951,-0.0561051,0.414265,1.75048
401,0,-0.556713,-0.295234,1.66299,-0.0561051,0.414265,1.75048
402,0,-0.555447,-0.294597,1.66521,-0.0561051,0.414265,1.75048
403,0,-0.554508,-0.294552,1.66468,-0.0561051,0.414265,1.75048
404,0,-0.556416,-0.295454,1.66201,-0.0561051,0.414265,1.75048
405,0,-0.554664,-0.294311,1.66501,-0.0561051,0.414265,1.75048
406,0,-0.557281,-0.296065,1.66507,-0.0561051,0.414265,1.75048
407,0,-0.554185,-0.296374,1.65788,-0.0561051,0.414265,1.75048
408,0,-0.556107,-0.295798,1.66227,-0.0561051,0.414265,1.75048
409,0,-0.554488,-0.295813,1.66531,-0.0561051,0.414265,1.75048
410,0,-0.556051,-0.295889,1.66063,-0.0561051,0.414265,1.75048
411,0,-0.557229,-0.296614,1.66405,-0.0561051,0.414265,1.75048
412,0,-0.556771,-0.297163,1.66432,-0.0561051,0.414265,1.75048
413,0,-0.557312,-0.296759,1.66463,-0.0561051,0.414265,1.75048
414,0,-0.554696,-0.295492,1.66588,-0.0561051,0.414265,1.75048
415,0,-0.554932,-0.296361,1.66538,-0.0561051,0.414265,1.75048
416,0,-0.554461,-0.296778,1.66406,-0.0561051,0.414265,1.75048
417,0,-0.556684,-0.296244,1.6629,-0.0561051,0.414265,1.75048
418,0,-0.557342,-0.29635,1.66488,-0.0561051,0.414265,1.75048
419,0,-0.554816,-0.295972,1.66578,-0.0561051,0.414265,1.75048
420,0,-0.556713,-0.296685,1.6629,-0.0561051,0.414265,1.75048
421,0,-0.55339,-0.297278,1.6594,-0.0561051,0.414265,1.75048
422,0,-0.557037,-0.296646,1.66368,-0.0561051,0.414265,1.75048
423,0,-0.555461,-0.296534,1.66611,-0.0561051,0.414265,1.75048
424,0,-0.554817,-0.296113,1.6653,-0.0561051,0.414265,1.75048
425,0,-0.557635,-0.295806,1.66478,-0.0561051,0.414265,1.75048
426,0,-0.554965,-0.296336,1.66562,-0.0561051,0.414265,1.75048
427,0,-0.555321,-0.295837,1.66599,-0.0561051,0.414265,1.75048
428,0,-0.557147,-0.296387,1.66309,-0.0561051,0.414265,1.75048
429,0,-0.556882,-0.295664,1.66276,-0.0561051,0.414265,1.75048
430,0,-0.556475,-0.296541,1.66342,-0.0561051,0.414265,1.75048
431,0,-0.55546,-0.295947,1.66564,-0.0561051,0.414265,1.75048
432,0,-0.553735,-0.29647,1.65718,-0.0561051,0.414265,1.75048
433,0,-0.554978,-0.295666,1.66537,-0.0561051,0.414265,1.75048
434,0,-0.554555,-0.295374,1.66402,-0.0561051,0.414265,1.75048
435,0,-0.554962,-0.297054,1.65843,-0.0561051,0.414265,1.75048
436,0,-0.554173,-0.296558,1.65771,-0.0561051,0.414265,1.75048
437,0,-0.554561,-0.295417,1.66499,-0.0561051,0.414265,1.75048
438,0,-0.553965,-0.296584,1.66353,-0.0561051,0.414265,1.75048
439,0,-0.554284,-0.297354,1.65828,-0.0561051,0.414265,1.75048
440,0,-0.551899,-0.297137,1.65916,-0.0561051,0.414265,1.75048
441,0,-0.552809,-0.296576,1.66053,-0.0561051,0.414265,1.75048
442,0,-0.556709,-0.296779,1.66304,-0.0561051,0.414265,1.75048
443,0,-0.554376,-0.29569,1.66337,-0.0561051,0.414265,1.75048
444,0,-0.556757,-0.295356,1.6635,-0.0561051,0.414265,1.75048
445,0,-0.55272,-0.296045,1.66001,-0.0561051,0.414265,1.75048
446,0,-0.554856,-0.296954,1.65747,-0.0561051,0.414265,1.75048
447,0,-0.555442,-0.295029,1.66692,-0.0561051,0.414265,1.75048
448,0,-0.556632,-0.295272,1.66329,-0.0561051,0.414265,1.75048
449,0,-0.554294,-0.296596,1.65809,-0.0561051,0.414265,1.75048
450,0,-0.554362,-0.296101,1.65611,-0.0561051,0.414265,1.75048
451,0,-0.553355,-0.296425,1.66024,-0.0561051,0.414265,1.75048
452,0,-0.55449,-0.296182,1.65777,-0.0561051,0.414265,1.75048
453,0,-0.554333,-0.296455,1.65726,-0.0561051,0.414265,1.75048
454,0,-0.554785,-0.295807,1.65856,-0.0561051,0.414265,1.75048
455,0,-0.554591,-0.296514,1.65807,-0.0561051,0.414265,1.75048
456,0,-0.554125,-0.296135,1.65792,-0.0561051,0.414265,1.75048
457,0,-0.552517,-0.295953,1.6593,-0.0561051,0.414265,1.75048
458,0,-0.55195,-0.296352,1.65873,-0.0561051,0.414265,1.75048
459,0,-0.554804,-0.2971,1.65811,-0.0561051,0.414265,1.75048
460,0,-0.552042,-0.296131,1.66052,-0.0561051,0.414265,1.75048
461,0,-0.55254,-0.296852,1.65942,-0.0561051,0.414265,1.75048
462,0,-0.555444,-0.295204,1.66708,-0.0561051,0.414265,1.75048
463,0,-0.551963,-0.296535,1.65957,-0.0561051,0.414265,1.75048
464,0,-0.555721,-0.296942,1.65968,-0.0561051,0.414265,1.75048
465,0,-0.552168,-0.296197,1.65978,-0.0561051,0.414265,1.75048
466,0,-0.554574,-0.296507,1.65651,-0.0561051,0.414265,1.75048
467,0,-0.554703,-0.296482,1.65818,-0.0561051,0.414265,1.75048
468,0,-0.551962,-0.296542,1.65886,-0.0561051,0.414265,1.75048
469,0,-0.554975,-0.296471,1.65794,-0.0561051,0.414265,1.75048
470,0,-0.552433,-0.296364,1.65992,-0.0561051,0.414265,1.75048
471,0,-0.55178,-0.296807,1.65909,-0.0561051,0.414265,1.75048
472,0,-0.553257,-0.295909,1.66011,-0.0561051,0.414265,1.75048
473,0,-0.554971,-0.295979,1.65856,-0.0561051,0.414265,1.75048
474,0,-0.552122,-0.296339,1.65867,-0.0561051,0.414265,1.75048
475,0,-0.556448,-0.295605,1.66352,-0.0561051,0.414265,1.75048
476,0,-0.555075,-0.295696,1.66435,-0.0561051,0.414265,1.75048
477,0,-0.552691,-0.29616,1.65767,-0.0561051,0.414265,1.75048
478,0,-0.551827,-0.295521,1.65845,-0.0561051,0.414265,1.75048
479,0,-0.553439,-0.296246,1.65628,-0.0561051,0.414265,1.75048
480,0,-0.554405,-0.295339,1.66562,-0.0561051,0.414265,1.75048
481,0,-0.552709,-0.296335,1.66075,-0.0561051,0.414265,1.75048
482,0,-0.554298,-0.295533,1.66482,-0.0561051,0.414265,1.75048
483,0,-0.551726,-0.296651,1.65796,-0.0561051,0.414265,1.75048
484,0,-0.552822,-0.296653,1.66043,-0.0561051,0.414265,1.75048
485,0,-0.554919,-0.295806,1.66555,-0.0561051,0.414265,1.75048
486,1,-0.553392,-0.296719,1.66023,-0.0561051,0.414265,1.75048
487,1,-0.552432,-0.295801,1.65926,-0.0561051,0.414265,1.75048
488,1,-0.554674,-0.296533,1.66692,-0.0561051,0.414265,1.75048
489,1,-0.555279,-0.29538,1.66733,-0.0561051,0.414265,1.75048
490,1,-0.552917,-0.296633,1.66161,-0.0561051,0.414265,1.75048
491,1,-0.553972,-0.296043,1.66575,-0.0561051,0.414265,1.75048
492,1,-0.554951,-0.296178,1.66662,-0.0561051,0.414265,1.75048
493,1,-0.554712,-0.295795,1.6651,-0.0561051,0.414265,1.75048
494,1,-0.554847,-0.295534,1.66587,-0.0561051,0.414265,1.75048
495,1,-0.556376,-0.294551,1.67022,-0.0561051,0.414265,1.75048
496,1,-0.554757,-0.296298,1.66587,-0.0561051,0.414265,1.75048
497,1,-0.552031,-0.296723,1.65965,-0.0561051,0.414265,1.75048
498,1,-0.554721,-0.295898,1.66649,-0.0561051,0.414265,1.75048
499,1,-0.553721,-0.295399,1.6644,-0.0561051,0.414265,1.75048
500,1,-0.554004,-0.29464,1.6636,-0.0561051,0.414265,1.75048
501,1,-0.554984,-0.296582,1.66557,-0.0561051,0.414265,1.75048
502,1,-0.554417,-0.29575,1.66651,-0.0561051,0.414265,1.75048
503,1,-0.553806,-0.294915,1.66429,-0.0561051,0.414265,1.75048
504,1,-0.554029,-0.295256,1.66572,-0.0561051,0.414265,1.75048
505,1,-0.554176,-0.295759,1.66394,-0.0561051,0.414265,1.75048
506,1,-0.55382,-0.294738,1.66412,-0.0561051,0.414265,1.75048
507,1,-0.552062,-0.296602,1.65993,-0.0561051,0.414265,1.75048
508,1,-0.551762,-0.295867,1.65833,-0.0561051,0.414265,1.75048
509,1,-0.552303,-0.297412,1.65915,-0.0561051,0.414265,1.75048
510,1,-0.554611,-0.295957,1.66522,-0.0561051,0.414265,1.75048
511,1,-0.553737,-0.295162,1.66422,-0.0561051,0.414265,1.75048
512,1,-0.553758,-0.296059,1.66501,-0.0561051,0.414265,1.75048
513,1,-0.55444,-0.295487,1.66505,-0.0561051,0.414265,1.75048
514,1,-0.55402,-0.295399,1.66563,-0.0561051,0.414265,1.75048
515,1,-0.55356,-0.296419,1.66405,-0.0561051,0.414265,1.75048
516,1,-0.553903,-0.296055,1.66385,-0.0561051,0.414265,1.75048
517,1,-0.554873,-0.296288,1.66657,-0.0561051,0.414265,1.75048
518,1,-0.554102,-0.296077,1.66593,-0.0561051,0.414265,1.75048
519,1,-0.553781,-0.295209,1.66361,-0.0561051,0.414265,1.75048
520,1,-0.554259,-0.295897,1.66442,-0.0561051,0.414265,1.75048
521,1,-0.554343,-0.295564,1.6651,-0.0561051,0.414265,1.75048
522,1,-0.551862,-0.296113,1.65882,-0.0561051,0.414265,1.75048
523,1,-0.553642,-0.296264,1.66277,-0.0561051,0.414265,1.75048
524,1,-0.554615,-0.295537,1.6653,-0.0561051,0.414265,1.75048
525,1,-0.552517,-0.296371,1.66124,-0.0561051,0.414265,1.75048
526,1,-0.551611,-0.295405,1.65871,-0.0561051,0.414265,1.75048
527,1,-0.55391,-0.295934,1.66382,-0.0561051,0.414265,1.75048
528,1,-0.553831,-0.295657,1.66408,-0.0561051,0.414265,1.75048
529,1,-0.555269,-0.295548,1.66493,-0.0561051,0.414265,1.75048
530,1,-0.554224,-0.296342,1.66385,-0.0561051,0.414265,1.75048
531,1,-0.554394,-0.295765,1.66416,-0.0561051,0.414265,1.75048
532,1,-0.553976,-0.296614,1.66387,-0.0561051,0.414265,1.75048
533,1,-0.552292,-0.297047,1.65812,-0.0561051,0.414265,1.75048
534,1,-0.553588,-0.297225,1.66227,-0.0561051,0.414265,1.75048
535,1,-0.554463,-0.296545,1.66661,-0.0561051,0.414265,1.75048
536,1,-0.555517,-0.296806,1.66761,-0.0561051,0.414265,1.75048
537,1,-0.552723,-0.298178,1.66086,-0.0561051,0.414265,1.75048
538,1,-0.554152,-0.298661,1.66016,-0.0561051,0.414265,1.75048
539,1,-0.555921,-0.300026,1.65989,-0.0561051,0.414265,1.75048
540,1,-0.557154,-0.29276,1.65926,-0.0561051,0.414265,1.75048
541,1,-0.554067,-0.285735,1.65186,-0.0561051,0.414265,1.75048
542,1,-0.550908,-0.278985,1.64499,-0.0561051,0.414265,1.75048
543,1,-0.550427,-0.26948,1.64263,-0.0561051,0.414265,1.75048
544,1,-0.548589,-0.254341,1.64076,-0.0561051,0.414265,1.75048
545,1,-0.542524,-0.244164,1.63171,-0.0561051,0.414265,1.75048
546,1,-0.535121,-0.233124,1.61948,-0.0561051,0.414265,1.75048
547,1,-0.532019,-0.217997,1.61567,-0.0561051,0.414265,1.75048
548,1,-0.525358,-0.20087,1.61059,-0.0561051,0.414265,1.75048
549,1,-0.515375,-0.186078,1.60178,-0.0561051,0.414265,1.75048
550,1,-0.506498,-0.171567,1.59868,-0.0561051,0.414265,1.75048
551,1,-0.496011,-0.156583,1.59075,-0.0561051,0.414265,1.75048
552,1,-0.487388,-0.139678,1.58607,-0.0561051,0.414265,1.75048
553,1,-0.475312,-0.128838,1.57523,-0.0561051,0.414265,1.75048
554,1,-0.46239,-0.115448,1.57125,-0.0561051,0.414265,1.75048
555,1,-0.447612,-0.100106,1.56581,-0.0561051,0.414265,1.75048
556,1,-0.426709,-0.0884875,1.55293,-0.0561051,0.414265,1.75048
557,1,-0.410147,-0.0781494,1.5508,-0.0561051,0.414265,1.75048
558,1,-0.391308,-0.067989,1.54833,-0.0561051,0.414265,1.75048
559,1,-0.369077,-0.0630292,1.53641,-0.0561051,0.414265,1.75048
560,1,-0.34413,-0.0571423,1.52913,-0.0561051,0.414265,1.75048
561,1,-0.320059,-0.0541268,1.5267,-0.0561051,0.414265,1.75048
562,1,-0.290804,-0.050074,1.51685,-0.0561051,0.414265,1.75048
563,1,-0.265415,-0.0464712,1.52914,-0.0561051,0.414265,1.75048
564,1,-0.23237,-0.0428099,1.5376,-0.0561051,0.414265,1.75048
565,1,-0.200807,-0.0412062,1.52855,-0.0561051,0.414265,1.75048
566,1,-0.169969,-0.0385417,1.5372,-0.0561051,0.414265,1.75048
567,1,-0.140666,-0.0399089,1.56018,-0.0561051,0.414265,1.75048
568,1,-0.1066,-0.0389897,1.56663,-0.0561051,0.414265,1.75048
569,1,-0.0711882,-0.0410874,1.57529,-0.0561051,0.414265,1.75048
570,1,-0.0325943,-0.0428165,1.57414,-0.0561051,0.414265,1.75048
571,1,0.00530383,-0.0441314,1.59135,-0.0561051,0.414265,1.75048
572,1,0.0389974,-0.0479677,1.58865,-0.0561051,0.414265,1.75048
573,1,0.0745306,-0.0534492,1.59667,-0.0561051,0.414265,1.75048
574,1,0.107751,-0.0549879,1.60665,-0.0561051,0.414265,1.75048
575,1,0.135426,-0.0605502,1.62981,-0.0561051,0.414265,1.75048
576,1,0.173762,-0.0655502,1.63917,-0.0561051,0.414265,1.75048
577,1,0.197335,-0.0732114,1.65498,-0.0561051,0.414265,1.75048
578,1,0.234515,-0.0784729,1.6637,-0.0561051,0.414265,1.75048
579,1,0.253561,-0.0860257,1.6782,-0.0561051,0.414265,1.75048
580,1,0.280463,-0.0916822,1.69046,-0.0561051,0.414265,1.75048
581,1,0.308543,-0.0989946,1.69938,-0.0561051,0.414265,1.75048
582,1,0.337148,-0.10926,1.70748,-0.0561051,0.414265,1.75048
583,1,0.35484,-0.11773,1.71456,-0.0561051,0.414265,1.75048
584,1,0.375189,-0.125435,1.71535,-0.0561051,0.414265,1.75048
585,1,0.377407,-0.136633,1.73502,-0.0561051,0.414265,1.75048
586,1,0.397077,-0.144651,1.73136,-0.0561051,0.414265,1.75048
587,1,0.40997,-0.151967,1.73908,-0.0561051,0.414265,1.75048
588,1,0.403787,-0.160548,1.75953,-0.0561051,0.414265,1.75048
589,1,0.41876,-0.170199,1.75608,-0.0561051,0.414265,1.75048
590,1,0.422105,-0.175604,1.7648,-0.0561051,0.414265,1.75048
591,1,0.42567,-0.181292,1.76847,-0.0561051,0.414265,1.75048
592,1,0.430284,-0.188122,1.778,-0.0561051,0.414265,1.75048
593,1,0.431138,-0.192752,1.78402,-0.0561051,0.414265,1.75048
594,1,0.432923,-0.19745,1.78695,-0.0561051,0.414265,1.75048
595,1,0.431409,-0.198967,1.79352,-0.0561051,0.414265,1.75048
596,1,0.439035,-0.203347,1.78773,-0.0561051,0.414265,1.75048
597,1,0.432522,-0.204975,1.7953,-0.0561051,0.414265,1.75048
598,1,0.429601,-0.207122,1.80038,-0.0561051,0.414265,1.75048
599,1,0.435069,-0.210249,1.79628,-0.0561051,0.414265,1.75048
600,1,0.431485,-0.21242,1.80194,-0.0561051,0.414265,1.75048
601,1,0.446624,-0.21853,1.79026,-0.0561051,0.414265,1.75048
602,1,0.44075,-0.220089,1.79549,-0.0561051,0.414265,1.75048
603,1,0.438943,-0.222646,1.79701,-0.0561051,0.414265,1.75048
604,1,0.437428,-0.225197,1.79377,-0.0561051,0.414265,1.75048
605,1,0.435247,-0.224985,1.79436,-0.0561051,0.414265,1.75048
606,1,0.437901,-0.225201,1.79259,-0.0561051,0.414265,1.75048
607,1,0.440365,-0.224616,1.79148,-0.0561051,0.414265,1.75048
608,1,0.435449,-0.222763,1.79937,-0.0561051,0.414265,1.75048
609,1,0.434947,-0.222518,1.79596,-0.0561051,0.414265,1.75048
610,1,0.434863,-0.222538,1.79631,-0.0561051,0.414265,1.75048
611,1,0.436308,-0.223206,1.7968,-0.0561051,0.414265,1.75048
612,1,0.436242,-0.223028,1.79737,-0.0561051,0.414265,1.75048
613,1,0.435593,-0.223412,1.7985,-0.0561051,0.414265,1.75048
614,1,0.436225,-0.222868,1.80003,-0.0561051,0.414265,1.75048
615,1,0.43488,-0.222919,1.80028,-0.0561051,0.414265,1.75048
616,1,0.435638,-0.223138,1.79852,-0.0561051,0.414265,1.75048
617,1,0.438336,-0.224037,1.79853,-0.0561051,0.414265,1.75048
618,1,0.437531,-0.223166,1.79999,-0.0561051,0.414265,1.75048
619,1,0.435016,-0.223178,1.80651,-0.0561051,0.414265,1.75048
620,1,0.4339,-0.223192,1.80336,-0.0561051,0.414265,1.75048
621,1,0.439083,-0.223556,1.79537,-0.0561051,0.414265,1.75048
622,1,0.433625,-0.223284,1.80381,-0.0561051,0.414265,1.75048
623,1,0.435589,-0.223332,1.80067,-0.0561051,0.414265,1.75048
624,1,0.43147,-0.22241,1.80543,-0.0561051,0.414265,1.75048
625,1,0.437375,-0.223267,1.79884,-0.0561051,0.414265,1.75048
626,1,0.439541,-0.223943,1.80203,-0.0561051,0.414265,1.75048
627,1,0.434018,-0.222932,1.80516,-0.0561051,0.414265,1.75048
628,0,0.436501,-0.223259,1.80535,-0.0561051,0.414265,1.75048
629,0,0.438029,-0.223563,1.80157,-0.0561051,0.414265,1.75048
630,0,0.440159,-0.224018,1.80161,-0.0561051,0.414265,1.75048
631,0,0.436922,-0.223761,1.80046,-0.0561051,0.414265,1.75048
632,0,0.436949,-0.22375,1.80289,-0.0561051,0.414265,1.75048
633,0,0.4356,-0.223109,1.79948,-0.0561051,0.414265,1.75048
634,0,0.442975,-0.224972,1.79641,-0.0561051,0.414265,1.75048
635,0,0.437745,-0.223689,1.80222,-0.0561051,0.414265,1.75048
636,0,0.439757,-0.223862,1.79991,-0.0561051,0.414265,1.75048
637,0,0.438769,-0.223897,1.80056,-0.0561051,0.414265,1.75048
638,0,0.437241,-0.223571,1.80098,-0.0561051,0.414265,1.75048
639,0,0.437194,-0.223286,1.80147,-0.0561051,0.414265,1.75048
640,0,0.437823,-0.223407,1.80259,-0.0561051,0.414265,1.75048
641,0,0.440141,-0.224506,1.80049,-0.0561051,0.414265,1.75048
642,0,0.436511,-0.223828,1.80216,-0.0561051,0.414265,1.75048
643,0,0.4385,-0.223923,1.80253,-0.0561051,0.414265,1.75048
644,0,0.438167,-0.223719,1.79917,-0.0561051,0.414265,1.75048
645,0,0.438215,-0.223689,1.80054,-0.0561051,0.414265,1.75048
646,0,0.437328,-0.223714,1.80221,-0.0561051,0.414265,1.75048
647,0,0.43695,-0.223361,1.79961,-0.0561051,0.414265,1.75048
648,0,0.438212,-0.223812,1.80087,-0.0561051,0.414265,1.75048
649,0,0.437605,-0.223432,1.79994,-0.0561051,0.414265,1.75048
650,0,0.443359,-0.224624,1.79561,-0.0561051,0.414265,1.75048
651,0,0.437271,-0.223863,1.80018,-0.0561051,0.414265,1.75048
652,0,0.438283,-0.223823,1.79961,-0.0561051,0.414265,1.75048
653,0,0.434831,-0.223257,1.80307,-0.0561051,0.414265,1.75048
654,0,0.4329,-0.223264,1.80699,-0.0561051,0.414265,1.75048
655,0,0.436731,-0.223099,1.80606,-0.0561051,0.414265,1.75048
656,0,0.437182,-0.223806,1.80098,-0.0561051,0.414265,1.75048
657,0,0.438193,-0.224171,1.80085,-0.0561051,0.414265,1.75048
658,0,0.439033,-0.224255,1.79904,-0.0561051,0.414265,1.75048
659,0,0.439162,-0.223998,1.80052,-0.0561051,0.414265,1.75048
660,0,0.436274,-0.223635,1.80209,-0.0561051,0.414265,1.75048
661,0,0.437509,-0.223511,1.79994,-0.0561051,0.414265,1.75048
662,0,0.434888,-0.223107,1.80562,-0.0561051,0.414265,1.75048
663,0,0.437297,-0.223834,1.79953,-0.0561051,0.414265,1.75048
664,0,0.43822,-0.223584,1.80166,-0.0561051,0.414265,1.75048
665,0,0.437055,-0.223397,1.80131,-0.0561051,0.414265,1.75048
666,0,0.440667,-0.224204,1.80059,-0.0561051,0.414265,1.75048
667,0,0.437325,-0.224153,1.80082,-0.0561051,0.414265,1.75048
668,0,0.437153,-0.223661,1.80147,-0.0561051,0.414265,1.75048
669,0,0.439355,-0.224223,1.80057,-0.0561051,0.414265,1.75048
670,0,0.439175,-0.224193,1.8008,-0.0561051,0.414265,1.75048
671,0,0.438236,-0.223668,1.79947,-0.0561051,0.414265,1.75048
672,0,0.437749,-0.223575,1.79946,-0.0561051,0.414265,1.75048
673,0,0.436953,-0.223964,1.80289,-0.0561051,0.414265,1.75048
674,0,0.438505,-0.224038,1.7991,-0.0561051,0.414265,1.75048
675,0,0.436838,-0.224238,1.80175,-0.0561051,0.414265,1.75048
676,0,0.43795,-0.224012,1.8032,-0.0561051,0.414265,1.75048
677,0,0.438456,-0.223774,1.80252,-0.0561051,0.414265,1.75048
678,0,0.438283,-0.224392,1.80222,-0.0561051,0.414265,1.75048
679,0,0.436698,-0.223707,1.80154,-0.0561051,0.414265,1.75048
680,0,0.437222,-0.224161,1.80129,-0.0561051,0.414265,1.75048
681,0,0.434583,-0.223235,1.80097,-0.0561051,0.414265,1.75048
682,0,0.438188,-0.224372,1.80195,-0.0561051,0.414265,1.75048
683,0,0.440168,-0.22432,1.80129,-0.0561051,0.414265,1.75048
684,0,0.437379,-0.224006,1.80282,-0.0561051,0.414265,1.75048
685,0,0.438182,-0.223594,1.80032,-0.0561051,0.414265,1.75048
686,0,0.436629,-0.223995,1.80266,-0.0561051,0.414265,1.75048
687,0,0.430488,-0.222314,1.80732,-0.0561051,0.414265,1.75048
688,0,0.438808,-0.224556,1.80078,-0.0561051,0.414265,1.75048
689,0,0.436447,-0.223249,1.80654,-0.0561051,0.414265,1.75048
690,1,0.439587,-0.223799,1.80001,-0.0561051,0.414265,1.75048
691,1,0.43498,-0.223421,1.80035,-0.0561051,0.414265,1.75048
692,0,0.440263,-0.224962,1.79611,-0.0561051,0.414265,1.75048
693,0,0.436675,-0.224503,1.80136,-0.0561051,0.414265,1.75048
694,0,0.43605,-0.223704,1.7991,-0.0561051,0.414265,1.75048
695,0,0.436805,-0.223341,1.79903,-0.0561051,0.414265,1.75048
696,0,0.431239,-0.223231,1.80431,-0.0561051,0.414265,1.75048
697,0,0.441146,-0.225,1.79623,-0.0561051,0.414265,1.75048
698,0,0.43578,-0.223646,1.80006,-0.0561051,0.414265,1.75048
699,0,0.433469,-0.223479,1.80378,-0.0561051,0.414265,1.75048
700,0,0.431948,-0.223459,1.80079,-0.0561051,0.414265,1.75048
701,0,0.43427,-0.223324,1.80474,-0.0561051,0.414265,1.75048
702,0,0.437421,-0.223381,1.79876,-0.0561051,0.414265,1.75048
703,0,0.436976,-0.223249,1.8,-0.0561051,0.414265,1.75048
704,0,0.430748,-0.223635,1.80497,-0.0561051,0.414265,1.75048
705,0,0.436591,-0.223655,1.80424,-0.0561051,0.414265,1.75048
706,0,0.434605,-0.223491,1.80432,-0.0561051,0.414265,1.75048
707,0,0.434645,-0.223555,1.79891,-0.0561051,0.414265,1.75048
708,0,0.432601,-0.223218,1.80357,-0.0561051,0.414265,1.75048
709,0,0.434621,-0.223683,1.79997,-0.0561051,0.414265,1.75048
710,0,0.435197,-0.223638,1.7994,-0.0561051,0.414265,1.75048
711,0,0.430469,-0.223133,1.80436,-0.0561051,0.414265,1.75048
712,0,0.433238,-0.22312,1.79972,-0.0561051,0.414265,1.75048
713,0,0.437744,-0.224446,1.79837,-0.0561051,0.414265,1.75048
714,0,0.435278,-0.223924,1.79912,-0.0561051,0.414265,1.75048
715,0,0.434489,-0.223911,1.80142,-0.0561051,0.414265,1.75048
716,0,0.430987,-0.222953,1.8037,-0.0561051,0.414265,1.75048
717,0,0.434617,-0.223177,1.80374,-0.0561051,0.414265,1.75048
718,0,0.434168,-0.223835,1.80044,-0.0561051,0.414265,1.75048
719,0,0.434265,-0.223831,1.79833,-0.0561051,0.414265,1.75048
720,0,0.437334,-0.223926,1.80153,-0.0561051,0.414265,1.75048
721,0,0.433132,-0.223836,1.80099,-0.0561051,0.414265,1.75048
722,0,0.432605,-0.2238,1.80377,-0.0561051,0.414265,1.75048
723,0,0.435578,-0.224108,1.79812,-0.0561051,0.414265,1.75048
724,0,0.434937,-0.223973,1.79798,-0.0561051,0.414265,1.75048
725,0,0.433011,-0.223079,1.79867,-0.0561051,0.414265,1.75048
727,0,0.435052,-0.223946,1.8006,-0.0561051,0.414265,1.75048
728,0,0.427506,-0.222448,1.80375,-0.0561051,0.414265,1.75048
729,0,0.429559,-0.222382,1.8039,-0.0561051,0.414265,1.75048
730,0,0.434663,-0.223745,1.79818,-0.0561051,0.414265,1.75048
731,0,0.430619,-0.223256,1.79928,-0.0561051,0.414265,1.75048
732,0,0.431804,-0.222653,1.80578,-0.0561051,0.414265,1.75048
733,0,0.435989,-0.223425,1.79504,-0.0561051,0.414265,1.75048
734,0,0.432812,-0.223283,1.80018,-0.0561051,0.414265,1.75048
735,0,0.429059,-0.222562,1.80592,-0.0561051,0.414265,1.75048
736,0,0.434188,-0.223524,1.79681,-0.0561051,0.414265,1.75048
737,0,0.431469,-0.223139,1.79894,-0.0561051,0.414265,1.75048
738,0,0.427495,-0.221963,1.80254,-0.0561051,0.414265,1.75048
739,0,0.430867,-0.222931,1.80388,-0.0561051,0.414265,1.75048
740,0,0.433457,-0.223137,1.79772,-0.0561051,0.414265,1.75048
741,0,0.43297,-0.223346,1.79874,-0.0561051,0.414265,1.75048
742,0,0.429601,-0.222328,1.80403,-0.0561051,0.414265,1.75048
743,0,0.436015,-0.22341,1.79693,-0.0561051,0.414265,1.75048
744,0,0.432881,-0.222218,1.79878,-0.0561051,0.414265,1.75048
745,0,0.435933,-0.223734,1.79642,-0.0561051,0.414265,1.75048
746,0,0.432558,-0.223571,1.80228,-0.0561051,0.414265,1.75048
747,0,0.430157,-0.223203,1.80086,-0.0561051,0.414265,1.75048
748,0,0.437353,-0.224083,1.79688,-0.0561051,0.414265,1.75048
749,0,0.430284,-0.223078,1.8028,-0.0561051,0.414265,1.75048
750,0,0.430352,-0.223158,1.80185,-0.0561051,0.414265,1.75048
751,0,0.431583,-0.222923,1.80287,-0.0561051,0.414265,1.75048
752,0,0.43339,-0.222768,1.80134,-0.0561051,0.414265,1.75048
754,0,0.430869,-0.222903,1.80283,-0.0561051,0.414265,1.75048
755,0,0.430895,-0.222716,1.80308,-0.0561051,0.414265,1.75048
756,0,0.429889,-0.223069,1.80267,-0.0561051,0.414265,1.75048
757,0,0.435718,-0.223596,1.79708,-0.0561051,0.414265,1.75048
758,0,0.436239,-0.223572,1.79565,-0.0561051,0.414265,1.75048
759,0,0.432329,-0.223578,1.80133,-0.0561051,0.414265,1.75048
760,0,0.430588,-0.222965,1.80153,-0.0561051,0.414265,1.75048
761,0,0.428245,-0.222472,1.80283,-0.0561051,0.414265,1.75048
762,0,0.429207,-0.222806,1.80146,-0.0561051,0.414265,1.75048
763,0,0.432394,-0.223472,1.80247,-0.0561051,0.414265,1.75048
764,0,0.432667,-0.223454,1.8016,-0.0561051,0.414265,1.75048
765,0,0.435858,-0.22409,1.79665,-0.0561051,0.414265,1.75048
766,0,0.434374,-0.224032,1.80114,-0.0561051,0.414265,1.75048
767,0,0.43708,-0.22382,1.79508,-0.0561051,0.414265,1.75048
768,0,0.434722,-0.22303,1.79636,-0.0561051,0.414265,1.75048
769,0,0.432972,-0.223239,1.80203,-0.0561051,0.414265,1.75048
770,0,0.432038,-0.223237,1.80091,-0.0561051,0.414265,1.75048
771,0,0.437996,-0.224241,1.79739,-0.0561051,0.414265,1.75048
772,0,0.432889,-0.223168,1.79784,-0.0561051,0.414265,1.75048
773,0,0.43682,-0.224012,1.79656,-0.0561051,0.414265,1.75048
774,0,0.434992,-0.223954,1.7971,-0.0561051,0.414265,1.75048
775,0,0.431817,-0.223656,1.79963,-0.0561051,0.414265,1.75048
776,0,0.431498,-0.223563,1.80275,-0.0561051,0.414265,1.75048
777,0,0.433397,-0.223297,1.80164,-0.0561051,0.414265,1.75048
778,0,0.437073,-0.224225,1.79505,-0.0561051,0.414265,1.75048
779,0,0.434055,-0.223011,1.80098,-0.0561051,0.414265,1.75048
780,0,0.430146,-0.223113,1.80241,-0.0561051,0.414265,1.75048
781,0,0.436119,-0.223713,1.79792,-0.0561051,0.414265,1.75048
782,0,0.432355,-0.222862,1.79897,-0.0561051,0.414265,1.75048
783,0,0.433267,-0.223313,1.79697,-0.0561051,0.414265,1.75048
784,0,0.429661,-0.222352,1.80345,-0.0561051,0.414265,1.75048
785,0,0.431267,-0.222697,1.79935,-0.0561051,0.414265,1.75048
786,0,0.433328,-0.222939,1.80392,-0.0561051,0.414265,1.75048
787,0,0.434539,-0.223232,1.79859,-0.0561051,0.414265,1.75048
788,0,0.432514,-0.223185,1.79878,-0.0561051,0.414265,1.75048
