51,0,0.444031,-0.223672,1.80919,-0.0222338,0.434786,1.79343
52,0,0.443589,-0.223787,1.81094,-0.0222338,0.434786,1.79343
53,0,0.445253,-0.224337,1.80696,-0.0222338,0.434786,1.79343
54,0,0.440164,-0.222918,1.81419,-0.0222338,0.434786,1.79343
55,0,0.444717,-0.22399,1.80692,-0.0222338,0.434786,1.79343
56,0,0.444508,-0.223872,1.80929,-0.0222338,0.434786,1.79343
57,0,0.44443,-0.223987,1.80817,-0.0222338,0.434786,1.79343
58,0,0.444883,-0.224286,1.80921,-0.0222338,0.434786,1.79343
59,0,0.446208,-0.223696,1.80765,-0.0222338,0.434786,1.79343
60,0,0.445177,-0.224007,1.80827,-0.0222338,0.434786,1.79343
61,0,0.444249,-0.223942,1.80887,-0.0222338,0.434786,1.79343
62,0,0.445938,-0.223943,1.80886,-0.0222338,0.434786,1.79343
63,0,0.443607,-0.223758,1.80877,-0.0222338,0.434786,1.79343
64,0,0.442968,-0.224001,1.80901,-0.0222338,0.434786,1.79343
65,0,0.444082,-0.223506,1.80775,-0.0222338,0.434786,1.79343
66,0,0.44376,-0.224134,1.8088,-0.0222338,0.434786,1.79343
67,0,0.443236,-0.223504,1.80692,-0.0222338,0.434786,1.79343
68,0,0.443548,-0.223615,1.80698,-0.0222338,0.434786,1.79343
69,0,0.4427,-0.223627,1.8073,-0.0222338,0.434786,1.79343
70,0,0.443675,-0.223753,1.80824,-0.0222338,0.434786,1.79343
71,0,0.443433,-0.22365,1.80826,-0.0222338,0.434786,1.79343
72,0,0.445451,-0.22389,1.80853,-0.0222338,0.434786,1.79343
73,0,0.441395,-0.22309,1.8077,-0.0222338,0.434786,1.79343
74,0,0.440533,-0.222892,1.80785,-0.0222338,0.434786,1.79343
75,0,0.440172,-0.222783,1.80792,-0.0222338,0.434786,1.79343
76,0,0.442053,-0.223599,1.8095,-0.0222338,0.434786,1.79343
77,0,0.443496,-0.223102,1.80675,-0.0222338,0.434786,1.79343
78,0,0.441972,-0.223469,1.80735,-0.0222338,0.434786,1.79343
79,0,0.434639,-0.221204,1.81438,-0.0222338,0.434786,1.79343
80,0,0.441302,-0.223094,1.80756,-0.0222338,0.434786,1.79343
81,0,0.439899,-0.222739,1.80809,-0.0222338,0.434786,1.79343
82,0,0.442033,-0.222982,1.80673,-0.0222338,0.434786,1.79343
83,0,0.438834,-0.222161,1.81238,-0.0222338,0.434786,1.79343
84,0,0.442496,-0.223595,1.80685,-0.0222338,0.434786,1.79343
85,0,0.438976,-0.222378,1.81263,-0.0222338,0.434786,1.79343
86,0,0.444158,-0.223666,1.80714,-0.0222338,0.434786,1.79343
87,0,0.443848,-0.223815,1.80775,-0.0222338,0.434786,1.79343
88,0,0.44013,-0.222881,1.809,-0.0222338,0.434786,1.79343
89,0,0.44326,-0.223498,1.80651,-0.0222338,0.434786,1.79343
90,0,0.444508,-0.223304,1.80495,-0.0222338,0.434786,1.79343
91,0,0.443115,-0.223274,1.80681,-0.0222338,0.434786,1.79343
92,0,0.440131,-0.220599,1.78016,-0.0222338,0.434786,1.79343
93,0,0.438092,-0.219946,1.78369,-0.0222338,0.434786,1.79343
94,0,0.439624,-0.22062,1.78197,-0.0222338,0.434786,1.79343
95,0,0.438703,-0.220274,1.78103,-0.0222338,0.434786,1.79343
96,0,0.439889,-0.220596,1.77981,-0.0222338,0.434786,1.79343
97,0,0.44092,-0.220228,1.77616,-0.0222338,0.434786,1.79343
98,0,0.441873,-0.220492,1.77939,-0.0222338,0.434786,1.79343
99,0,0.440669,-0.220843,1.7811,-0.0222338,0.434786,1.79343
100,0,0.440772,-0.220224,1.78127,-0.0222338,0.434786,1.79343
101,0,0.440912,-0.220873,1.77986,-0.0222338,0.434786,1.79343
102,0,0.441555,-0.220392,1.77893,-0.0222338,0.434786,1.79343
103,0,0.440329,-0.220152,1.77737,-0.0222338,0.434786,1.79343
104,0,0.441952,-0.219987,1.7768,-0.0222338,0.434786,1.79343
105,0,0.439659,-0.220026,1.77715,-0.0222338,0.434786,1.79343
106,0,0.440965,-0.22082,1.78,-0.0222338,0.434786,1.79343
107,0,0.440812,-0.220195,1.78101,-0.0222338,0.434786,1.79343
108,0,0.439116,-0.220648,1.78165,-0.0222338,0.434786,1.79343
109,0,0.433724,-0.218738,1.77889,-0.0222338,0.434786,1.79343
110,1,0.422889,-0.216582,1.78023,-0.0222338,0.434786,1.79343
111,1,0.437203,-0.219718,1.77932,-0.0222338,0.434786,1.79343
112,1,0.438689,-0.220607,1.77838,-0.0222338,0.434786,1.79343
113,1,0.435547,-0.220426,1.77939,-0.0222338,0.434786,1.79343
114,1,0.434138,-0.218903,1.7819,-0.0222338,0.434786,1.79343
115,1,0.434679,-0.219862,1.77888,-0.0222338,0.434786,1.79343
116,1,0.437614,-0.220703,1.77831,-0.0222338,0.434786,1.79343
117,1,0.438759,-0.220139,1.77828,-0.0222338,0.434786,1.79343
118,1,0.439464,-0.220348,1.77609,-0.0222338,0.434786,1.79343
119,1,0.438289,-0.220181,1.77968,-0.0222338,0.434786,1.79343
120,1,0.43884,-0.220372,1.78551,-0.0222338,0.434786,1.79343
121,1,0.441174,-0.220651,1.78111,-0.0222338,0.434786,1.79343
122,1,0.438304,-0.221064,1.77797,-0.0222338,0.434786,1.79343
123,1,0.437562,-0.219851,1.78306,-0.0222338,0.434786,1.79343
124,1,0.439653,-0.220462,1.7775,-0.0222338,0.434786,1.79343
125,1,0.439767,-0.220311,1.77772,-0.0222338,0.434786,1.79343
126,1,0.439441,-0.220896,1.77923,-0.0222338,0.434786,1.79343
127,1,0.44069,-0.220557,1.77832,-0.0222338,0.434786,1.79343
128,1,0.440481,-0.221139,1.78027,-0.0222338,0.434786,1.79343
129,1,0.44028,-0.221001,1.77708,-0.0222338,0.434786,1.79343
130,1,0.43749,-0.219942,1.78296,-0.0222338,0.434786,1.79343
131,1,0.439162,-0.220534,1.77836,-0.0222338,0.434786,1.79343
132,1,0.439166,-0.220298,1.77833,-0.0222338,0.434786,1.79343
133,1,0.443295,-0.220632,1.77604,-0.0222338,0.434786,1.79343
134,1,0.443215,-0.22082,1.77708,-0.0222338,0.434786,1.79343
135,1,0.439112,-0.220235,1.78033,-0.0222338,0.434786,1.79343
136,1,0.441702,-0.2205,1.77664,-0.0222338,0.434786,1.79343
137,1,0.436374,-0.219673,1.7828,-0.0222338,0.434786,1.79343
138,1,0.435447,-0.219602,1.78177,-0.0222338,0.434786,1.79343
139,1,0.438653,-0.220158,1.78,-0.0222338,0.434786,1.79343
140,1,0.441781,-0.220481,1.77964,-0.0222338,0.434786,1.79343
141,1,0.439238,-0.220207,1.7811,-0.0222338,0.434786,1.79343
142,1,0.442743,-0.220536,1.7781,-0.0222338,0.434786,1.79343
143,1,0.440649,-0.221004,1.77724,-0.0222338,0.434786,1.79343
144,1,0.434986,-0.219493,1.78056,-0.0222338,0.434786,1.79343
145,1,0.441032,-0.221017,1.77783,-0.0222338,0.434786,1.79343
146,1,0.435359,-0.21927,1.78296,-0.0222338,0.434786,1.79343
147,1,0.43506,-0.219521,1.77618,-0.0222338,0.434786,1.79343
148,1,0.442879,-0.218939,1.76582,-0.0222338,0.434786,1.79343
149,1,0.430124,-0.207215,1.76287,-0.0222338,0.434786,1.79343
150,1,0.436024,-0.197652,1.74407,-0.0222338,0.434786,1.79343
151,1,0.424078,-0.181219,1.7319,-0.0222338,0.434786,1.79343
152,1,0.416837,-0.166871,1.7202,-0.0222338,0.434786,1.79343
153,1,0.400465,-0.149245,1.71136,-0.0222338,0.434786,1.79343
154,1,0.389145,-0.130381,1.68955,-0.0222338,0.434786,1.79343
155,1,0.360359,-0.110765,1.68,-0.0222338,0.434786,1.79343
156,1,0.34081,-0.0930833,1.65985,-0.0222338,0.434786,1.79343
157,1,0.307969,-0.078329,1.64884,-0.0222338,0.434786,1.79343
158,1,0.283356,-0.0661823,1.63576,-0.0222338,0.434786,1.79343
159,1,0.257383,-0.0567441,1.61633,-0.0222338,0.434786,1.79343
160,1,0.219171,-0.056717,1.61165,-0.0222338,0.434786,1.79343
161,1,0.193436,-0.0572444,1.59857,-0.0222338,0.434786,1.79343
162,1,0.165181,-0.0602689,1.58913,-0.0222338,0.434786,1.79343
163,1,0.133675,-0.0673285,1.58529,-0.0222338,0.434786,1.79343
164,1,0.106312,-0.0767874,1.58151,-0.0222338,0.434786,1.79343
165,1,0.0811974,-0.0903315,1.58613,-0.0222338,0.434786,1.79343
166,1,0.0600851,-0.102174,1.58632,-0.0222338,0.434786,1.79343
167,1,0.0306736,-0.117064,1.59947,-0.0222338,0.434786,1.79343
168,1,0.0168879,-0.13348,1.60455,-0.0222338,0.434786,1.79343
169,1,-0.00547735,-0.14848,1.6239,-0.0222338,0.434786,1.79343
170,1,-0.0206151,-0.163077,1.63812,-0.0222338,0.434786,1.79343
171,1,-0.0339639,-0.176538,1.6436,-0.0222338,0.434786,1.79343
172,1,-0.0350044,-0.193579,1.63925,-0.0222338,0.434786,1.79343
173,1,-0.0441562,-0.206332,1.65466,-0.0222338,0.434786,1.79343
174,1,-0.052687,-0.218398,1.67138,-0.0222338,0.434786,1.79343
175,1,-0.0604883,-0.230411,1.69095,-0.0222338,0.434786,1.79343
176,1,-0.0588675,-0.24243,1.69805,-0.0222338,0.434786,1.79343
177,1,-0.0597872,-0.253537,1.70823,-0.0222338,0.434786,1.79343
178,1,-0.060742,-0.263278,1.71991,-0.0222338,0.434786,1.79343
179,1,-0.0601866,-0.268825,1.72564,-0.0222338,0.434786,1.79343
180,1,-0.0624729,-0.27467,1.73247,-0.0222338,0.434786,1.79343
181,1,-0.064315,-0.279359,1.74029,-0.0222338,0.434786,1.79343
182,1,-0.0641734,-0.286072,1.7408,-0.0222338,0.434786,1.79343
183,1,-0.0631511,-0.284823,1.73777,-0.0222338,0.434786,1.79343
184,1,-0.0639192,-0.285243,1.73898,-0.0222338,0.434786,1.79343
185,1,-0.0651743,-0.283883,1.7406,-0.0222338,0.434786,1.79343
186,1,-0.0662377,-0.282272,1.74555,-0.0222338,0.434786,1.79343
187,1,-0.0668961,-0.281721,1.74651,-0.0222338,0.434786,1.79343
188,1,-0.0691669,-0.281003,1.75293,-0.0222338,0.434786,1.79343
189,1,-0.0752511,-0.277988,1.76194,-0.0222338,0.434786,1.79343
190,1,-0.0795004,-0.276605,1.76893,-0.0222338,0.434786,1.79343
191,1,-0.0817131,-0.274602,1.77146,-0.0222338,0.434786,1.79343
192,1,-0.0798022,-0.275319,1.7701,-0.0222338,0.434786,1.79343
193,1,-0.0766505,-0.277131,1.77058,-0.0222338,0.434786,1.79343
194,1,-0.0657993,-0.281532,1.75652,-0.0222338,0.434786,1.79343
195,1,-0.058396,-0.284325,1.7507,-0.0222338,0.434786,1.79343
196,1,-0.0512518,-0.28705,1.73647,-0.0222338,0.434786,1.79343
197,1,-0.0395373,-0.292875,1.72707,-0.0222338,0.434786,1.79343
198,1,-0.0331993,-0.295427,1.72155,-0.0222338,0.434786,1.79343
199,1,-0.0356811,-0.294996,1.72573,-0.0222338,0.434786,1.79343
200,1,-0.0378875,-0.294873,1.72772,-0.0222338,0.434786,1.79343
201,1,-0.0420005,-0.292224,1.73178,-0.0222338,0.434786,1.79343
202,1,-0.0486205,-0.28988,1.74005,-0.0222338,0.434786,1.79343
203,1,-0.0556172,-0.287494,1.74733,-0.0222338,0.434786,1.79343
204,1,-0.0671736,-0.282921,1.76465,-0.0222338,0.434786,1.79343
205,1,-0.0772772,-0.279575,1.77397,-0.0222338,0.434786,1.79343
206,1,-0.0799412,-0.278785,1.77632,-0.0222338,0.434786,1.79343
207,1,-0.0831591,-0.277571,1.77992,-0.0222338,0.434786,1.79343
208,1,-0.0776764,-0.280233,1.77752,-0.0222338,0.434786,1.79343
209,1,-0.0698622,-0.283646,1.76723,-0.0222338,0.434786,1.79343
210,1,-0.0556175,-0.291383,1.74762,-0.0222338,0.434786,1.79343
211,1,-0.0496763,-0.293987,1.73752,-0.0222338,0.434786,1.79343
212,1,-0.0440542,-0.297022,1.73564,-0.0222338,0.434786,1.79343
213,1,-0.035269,-0.301747,1.73074,-0.0222338,0.434786,1.79343
214,1,-0.0356418,-0.300278,1.72791,-0.0222338,0.434786,1.79343
215,1,-0.0403857,-0.296728,1.73035,-0.0222338,0.434786,1.79343
216,1,-0.0485882,-0.293698,1.74125,-0.0222338,0.434786,1.79343
217,1,-0.0520908,-0.293576,1.74824,-0.0222338,0.434786,1.79343
218,1,-0.0648677,-0.28744,1.76449,-0.0222338,0.434786,1.79343
219,1,-0.0763624,-0.283989,1.768,-0.0222338,0.434786,1.79343
220,1,-0.0812834,-0.282118,1.77447,-0.0222338,0.434786,1.79343
221,1,-0.0807242,-0.283001,1.77201,-0.0222338,0.434786,1.79343
222,1,-0.0781225,-0.282781,1.77191,-0.0222338,0.434786,1.79343
223,1,-0.068267,-0.286665,1.76713,-0.0222338,0.434786,1.79343
224,1,-0.0558366,-0.291534,1.74813,-0.0222338,0.434786,1.79343
225,1,-0.0462262,-0.294,1.7386,-0.0222338,0.434786,1.79343
226,1,-0.0411173,-0.295698,1.73623,-0.0222338,0.434786,1.79343
227,1,-0.0394075,-0.296737,1.73839,-0.0222338,0.434786,1.79343
228,1,-0.0392135,-0.295612,1.73851,-0.0222338,0.434786,1.79343
229,1,-0.0459374,-0.292722,1.74534,-0.0222338,0.434786,1.79343
230,1,-0.052541,-0.291347,1.75188,-0.0222338,0.434786,1.79343
231,1,-0.063484,-0.287329,1.76526,-0.0222338,0.434786,1.79343
232,1,-0.0736467,-0.283798,1.77668,-0.0222338,0.434786,1.79343
233,1,-0.082,-0.281505,1.77952,-0.0222338,0.434786,1.79343
234,1,-0.0815431,-0.281455,1.7768,-0.0222338,0.434786,1.79343
235,1,-0.0837407,-0.280993,1.77866,-0.0222338,0.434786,1.79343
236,1,-0.0828578,-0.279702,1.7827,-0.0222338,0.434786,1.79343
237,1,-0.0706825,-0.28437,1.76809,-0.0222338,0.434786,1.79343
238,1,-0.060405,-0.287385,1.75587,-0.0222338,0.434786,1.79343
239,1,-0.0481829,-0.29228,1.74617,-0.0222338,0.434786,1.79343
240,1,-0.0404436,-0.294924,1.73732,-0.0222338,0.434786,1.79343
241,1,-0.0371001,-0.29539,1.73503,-0.0222338,0.434786,1.79343
242,1,-0.0372129,-0.294482,1.73262,-0.0222338,0.434786,1.79343
243,1,-0.0406156,-0.292742,1.73721,-0.0222338,0.434786,1.79343
244,1,-0.0500787,-0.289974,1.75105,-0.0222338,0.434786,1.79343
245,1,-0.0625304,-0.284561,1.76481,-0.0222338,0.434786,1.79343
246,1,-0.0722993,-0.281953,1.77439,-0.0222338,0.434786,1.79343
247,1,-0.0791917,-0.279696,1.7818,-0.0222338,0.434786,1.79343
248,1,-0.0833617,-0.277767,1.78377,-0.0222338,0.434786,1.79343
249,1,-0.0832226,-0.278124,1.78523,-0.0222338,0.434786,1.79343
250,1,-0.0828001,-0.27835,1.78331,-0.0222338,0.434786,1.79343
251,1,-0.0770005,-0.27986,1.77857,-0.0222338,0.434786,1.79343
252,1,-0.067455,-0.284356,1.76988,-0.0222338,0.434786,1.79343
253,1,-0.052816,-0.288713,1.75067,-0.0222338,0.434786,1.79343
254,1,-0.0452803,-0.291757,1.74145,-0.0222338,0.434786,1.79343
255,1,-0.0385229,-0.295355,1.73705,-0.0222338,0.434786,1.79343
256,1,-0.0332816,-0.297506,1.72975,-0.0222338,0.434786,1.79343
257,1,-0.0356546,-0.294654,1.73138,-0.0222338,0.434786,1.79343
258,1,-0.0443067,-0.291506,1.74157,-0.0222338,0.434786,1.79343
259,1,-0.0520846,-0.288182,1.75454,-0.0222338,0.434786,1.79343
260,1,-0.0604712,-0.285247,1.76554,-0.0222338,0.434786,1.79343
261,1,-0.0668989,-0.283186,1.76658,-0.0222338,0.434786,1.79343
262,1,-0.076796,-0.279479,1.78225,-0.0222338,0.434786,1.79343
263,1,-0.0813273,-0.277969,1.78232,-0.0222338,0.434786,1.79343
264,1,-0.0820703,-0.277842,1.78359,-0.0222338,0.434786,1.79343
265,1,-0.0798418,-0.278778,1.78315,-0.0222338,0.434786,1.79343
266,1,-0.0766613,-0.280538,1.77682,-0.0222338,0.434786,1.79343
267,1,-0.0637983,-0.283968,1.76252,-0.0222338,0.434786,1.79343
268,1,-0.0530407,-0.289521,1.74892,-0.0222338,0.434786,1.79343
269,1,-0.04577,-0.293507,1.73897,-0.0222338,0.434786,1.79343
270,1,-0.0411847,-0.295554,1.73759,-0.0222338,0.434786,1.79343
271,1,-0.0394346,-0.296471,1.73548,-0.0222338,0.434786,1.79343
272,1,-0.0428343,-0.292671,1.73841,-0.0222338,0.434786,1.79343
273,1,-0.0514934,-0.289135,1.74943,-0.0222338,0.434786,1.79343
274,1,-0.0624316,-0.28486,1.76718,-0.0222338,0.434786,1.79343
275,1,-0.0749926,-0.28161,1.78325,-0.0222338,0.434786,1.79343
276,1,-0.0789751,-0.280413,1.78838,-0.0222338,0.434786,1.79343
277,1,-0.0829826,-0.278369,1.78995,-0.0222338,0.434786,1.79343
278,1,-0.0835439,-0.277049,1.78923,-0.0222338,0.434786,1.79343
279,1,-0.0828154,-0.276852,1.78476,-0.0222338,0.434786,1.79343
280,1,-0.0792494,-0.27832,1.78279,-0.0222338,0.434786,1.79343
281,1,-0.0688883,-0.283003,1.76899,-0.0222338,0.434786,1.79343
282,1,-0.0505535,-0.288363,1.74843,-0.0222338,0.434786,1.79343
283,1,-0.0442417,-0.29006,1.7411,-0.0222338,0.434786,1.79343
284,1,-0.0375618,-0.292914,1.73518,-0.0222338,0.434786,1.79343
285,1,-0.0328093,-0.293934,1.72651,-0.0222338,0.434786,1.79343
286,1,-0.0376529,-0.291379,1.73222,-0.0222338,0.434786,1.79343
287,1,-0.0486037,-0.289425,1.75,-0.0222338,0.434786,1.79343
288,1,-0.0574923,-0.287523,1.76625,-0.0222338,0.434786,1.79343
289,1,-0.0613502,-0.286246,1.76866,-0.0222338,0.434786,1.79343
290,1,-0.0709702,-0.281358,1.77262,-0.0222338,0.434786,1.79343
291,1,-0.0723881,-0.280755,1.77227,-0.0222338,0.434786,1.79343
292,1,-0.0719789,-0.280469,1.76829,-0.0222338,0.434786,1.79343
293,1,-0.065709,-0.282566,1.76378,-0.0222338,0.434786,1.79343
294,1,-0.0642884,-0.282681,1.762,-0.0222338,0.434786,1.79343
295,1,-0.0647494,-0.28088,1.75911,-0.0222338,0.434786,1.79343
296,1,-0.0641543,-0.279904,1.76112,-0.0222338,0.434786,1.79343
297,1,-0.071475,-0.277483,1.76953,-0.0222338,0.434786,1.79343
298,1,-0.0670556,-0.278982,1.76413,-0.0222338,0.434786,1.79343
299,1,-0.0651941,-0.280007,1.764,-0.0222338,0.434786,1.79343
300,1,-0.0654387,-0.279123,1.76188,-0.0222338,0.434786,1.79343
301,1,-0.0642819,-0.280967,1.7626,-0.0222338,0.434786,1.79343
302,1,-0.0632722,-0.280962,1.75959,-0.0222338,0.434786,1.79343
303,1,-0.0634798,-0.280605,1.75988,-0.0222338,0.434786,1.79343
304,1,-0.0637724,-0.281339,1.75978,-0.0222338,0.434786,1.79343
305,1,-0.0613289,-0.281628,1.75585,-0.0222338,0.434786,1.79343
306,1,-0.0631483,-0.280487,1.76074,-0.0222338,0.434786,1.79343
308,1,-0.0590703,-0.282228,1.75311,-0.0222338,0.434786,1.79343
309,1,-0.0618663,-0.281241,1.75968,-0.0222338,0.434786,1.79343
310,1,-0.0583598,-0.282511,1.75473,-0.0222338,0.434786,1.79343
311,1,-0.0589805,-0.279948,1.75314,-0.0222338,0.434786,1.79343
312,1,-0.0565942,-0.278833,1.74676,-0.0222338,0.434786,1.79343
313,1,-0.0551697,-0.276825,1.74449,-0.0222338,0.434786,1.79343
314,1,-0.0564325,-0.274924,1.74488,-0.0222338,0.434786,1.79343
315,1,-0.0558451,-0.271358,1.74679,-0.0222338,0.434786,1.79343
316,1,-0.0531359,-0.268365,1.73695,-0.0222338,0.434786,1.79343
317,1,-0.0544404,-0.264829,1.74166,-0.0222338,0.434786,1.79343
318,1,-0.0520562,-0.26488,1.73434,-0.0222338,0.434786,1.79343
319,1,-0.0582833,-0.260367,1.7395,-0.0222338,0.434786,1.79343
320,1,-0.0609731,-0.255097,1.73557,-0.0222338,0.434786,1.79343
321,1,-0.0639302,-0.250355,1.73343,-0.0222338,0.434786,1.79343
322,1,-0.0663766,-0.243873,1.73124,-0.0222338,0.434786,1.79343
323,1,-0.0654812,-0.239556,1.72395,-0.0222338,0.434786,1.79343
324,1,-0.0674961,-0.232973,1.71681,-0.0222338,0.434786,1.79343
325,1,-0.0731645,-0.22298,1.71557,-0.0222338,0.434786,1.79343
326,1,-0.0758219,-0.213368,1.70886,-0.0222338,0.434786,1.79343
327,1,-0.0829131,-0.202902,1.70288,-0.0222338,0.434786,1.79343
328,1,-0.0917028,-0.189213,1.69901,-0.0222338,0.434786,1.79343
329,1,-0.101321,-0.179546,1.69662,-0.0222338,0.434786,1.79343
330,1,-0.112349,-0.168157,1.69037,-0.0222338,0.434786,1.79343
331,1,-0.119319,-0.154808,1.6758,-0.0222338,0.434786,1.79343
332,1,-0.131287,-0.13973,1.67109,-0.0222338,0.434786,1.79343
333,1,-0.146818,-0.125731,1.6706,-0.0222338,0.434786,1.79343
334,1,-0.162178,-0.110569,1.66398,-0.0222338,0.434786,1.79343
335,1,-0.173121,-0.0979454,1.64925,-0.0222338,0.434786,1.79343
336,1,-0.190566,-0.0822821,1.64362,-0.0222338,0.434786,1.79343
337,1,-0.203576,-0.0701679,1.63079,-0.0222338,0.434786,1.79343
338,1,-0.216923,-0.0578169,1.62453,-0.0222338,0.434786,1.79343
339,1,-0.235747,-0.047039,1.62272,-0.0222338,0.434786,1.79343
340,1,-0.256075,-0.0408083,1.62248,-0.0222338,0.434786,1.79343
341,1,-0.269696,-0.0377507,1.60873,-0.0222338,0.434786,1.79343
342,1,-0.28848,-0.0354085,1.60303,-0.0222338,0.434786,1.79343
343,1,-0.311076,-0.0329877,1.61084,-0.0222338,0.434786,1.79343
344,1,-0.330371,-0.0316957,1.60426,-0.0222338,0.434786,1.79343
345,1,-0.346236,-0.0321258,1.602,-0.0222338,0.434786,1.79343
346,1,-0.370943,-0.0321587,1.60665,-0.0222338,0.434786,1.79343
347,1,-0.388956,-0.037255,1.6048,-0.0222338,0.434786,1.79343
348,1,-0.408968,-0.0397102,1.6116,-0.0222338,0.434786,1.79343
349,1,-0.42529,-0.0480257,1.62103,-0.0222338,0.434786,1.79343
350,1,-0.445414,-0.0549531,1.63198,-0.0222338,0.434786,1.79343
351,1,-0.463174,-0.0661001,1.64333,-0.0222338,0.434786,1.79343
352,1,-0.48114,-0.0769537,1.65172,-0.0222338,0.434786,1.79343
353,1,-0.492779,-0.0883675,1.65295,-0.0222338,0.434786,1.79343
354,1,-0.505705,-0.0997449,1.65686,-0.0222338,0.434786,1.79343
355,1,-0.515861,-0.111438,1.66207,-0.0222338,0.434786,1.79343
356,1,-0.527186,-0.123332,1.6778,-0.0222338,0.434786,1.79343
357,1,-0.534967,-0.139566,1.6792,-0.0222338,0.434786,1.79343
358,1,-0.539615,-0.153268,1.68434,-0.0222338,0.434786,1.79343
359,1,-0.545935,-0.167237,1.70131,-0.0222338,0.434786,1.79343
360,1,-0.550591,-0.183515,1.69398,-0.0222338,0.434786,1.79343
361,1,-0.549554,-0.194803,1.69404,-0.0222338,0.434786,1.79343
362,1,-0.553953,-0.209152,1.70183,-0.0222338,0.434786,1.79343
363,1,-0.556905,-0.219767,1.70882,-0.0222338,0.434786,1.79343
364,1,-0.557085,-0.229783,1.70617,-0.0222338,0.434786,1.79343
365,1,-0.556135,-0.239943,1.70498,-0.0222338,0.434786,1.79343
366,1,-0.558906,-0.248583,1.71676,-0.0222338,0.434786,1.79343
367,1,-0.55549,-0.256294,1.70156,-0.0222338,0.434786,1.79343
368,1,-0.55572,-0.262617,1.70489,-0.0222338,0.434786,1.79343
369,0,-0.561712,-0.267367,1.72084,-0.0222338,0.434786,1.79343
370,0,-0.564769,-0.272498,1.72285,-0.0222338,0.434786,1.79343
371,0,-0.562676,-0.278017,1.72139,-0.0222338,0.434786,1.79343
372,0,-0.562909,-0.280141,1.71891,-0.0222338,0.434786,1.79343
373,0,-0.564126,-0.282436,1.71889,-0.0222338,0.434786,1.79343
374,0,-0.564319,-0.281603,1.7182,-0.0222338,0.434786,1.79343
375,0,-0.564368,-0.282865,1.71805,-0.0222338,0.434786,1.79343
376,0,-0.563872,-0.282934,1.71828,-0.0222338,0.434786,1.79343
377,0,-0.562584,-0.283433,1.71522,-0.0222338,0.434786,1.79343
378,0,-0.563518,-0.283889,1.71417,-0.0222338,0.434786,1.79343
379,0,-0.563664,-0.283838,1.71581,-0.0222338,0.434786,1.79343
380,0,-0.564825,-0.283964,1.71727,-0.0222338,0.434786,1.79343
381,0,-0.566027,-0.285072,1.71597,-0.0222338,0.434786,1.79343
382,0,-0.563998,-0.285318,1.71193,-0.0222338,0.434786,1.79343
383,0,-0.565038,-0.28488,1.71467,-0.0222338,0.434786,1.79343
384,0,-0.564361,-0.284452,1.71161,-0.0222338,0.434786,1.79343
385,0,-0.56507,-0.284655,1.71336,-0.0222338,0.434786,1.79343
386,0,-0.565929,-0.284012,1.71472,-0.0222338,0.434786,1.79343
387,0,-0.565913,-0.285363,1.71534,-0.0222338,0.434786,1.79343
388,0,-0.566697,-0.284613,1.71553,-0.0222338,0.434786,1.79343
389,0,-0.567138,-0.284964,1.71364,-0.0222338,0.434786,1.79343
390,0,-0.566862,-0.285612,1.71341,-0.0222338,0.434786,1.79343
391,0,-0.566226,-0.28517,1.71248,-0.0222338,0.434786,1.79343
392,0,-0.564084,-0.283446,1.7055,-0.0222338,0.434786,1.79343
393,0,-0.563951,-0.28394,1.7044,-0.0222338,0.434786,1.79343
394,0,-0.565164,-0.284198,1.70759,-0.0222338,0.434786,1.79343
395,0,-0.564093,-0.283407,1.70678,-0.0222338,0.434786,1.79343
396,0,-0.566489,-0.284991,1.707,-0.0222338,0.434786,1.79343
397,0,-0.56514,-0.284394,1.70489,-0.0222338,0.434786,1.79343
398,0,-0.565712,-0.284287,1.70729,-0.0222338,0.434786,1.79343
399,0,-0.565409,-0.285375,1.70632,-0.0222338,0.434786,1.79343
400,0,-0.566017,-0.285228,1.70721,-0.0222338,0.434786,1.79343
401,0,-0.564643,-0.285628,1.70334,-0.0222338,0.434786,1.79343
402,0,-0.564027,-0.283761,1.70454,-0.0222338,0.434786,1.79343
403,0,-0.565449,-0.283857,1.70744,-0.0222338,0.434786,1.79343
404,0,-0.566205,-0.284755,1.70524,-0.0222338,0.434786,1.79343
405,1,-0.565406,-0.284823,1.70667,-0.0222338,0.434786,1.79343
406,1,-0.564063,-0.284381,1.70279,-0.0222338,0.434786,1.79343
407,0,-0.563607,-0.284545,1.70266,-0.0222338,0.434786,1.79343
408,0,-0.563627,-0.282867,1.70547,-0.0222338,0.434786,1.79343
409,0,-0.56376,-0.283763,1.70334,-0.0222338,0.434786,1.79343
410,0,-0.565035,-0.284708,1.7068,-0.0222338,0.434786,1.79343
411,0,-0.5649,-0.285286,1.70604,-0.0222338,0.434786,1.79343
412,0,-0.565369,-0.285288,1.7079,-0.0222338,0.434786,1.79343
413,0,-0.564885,-0.285257,1.70379,-0.0222338,0.434786,1.79343
414,0,-0.565002,-0.284791,1.7077,-0.0222338,0.434786,1.79343
415,0,-0.564574,-0.284966,1.70441,-0.0222338,0.434786,1.79343
416,0,-0.565632,-0.284395,1.70858,-0.0222338,0.434786,1.79343
418,0,-0.564686,-0.283875,1.70778,-0.0222338,0.434786,1.79343
419,0,-0.565722,-0.283965,1.71023,-0.0222338,0.434786,1.79343
420,0,-0.565148,-0.284581,1.70746,-0.0222338,0.434786,1.79343
421,0,-0.566188,-0.285372,1.7069,-0.0222338,0.434786,1.79343
422,0,-0.564528,-0.284623,1.705,-0.0222338,0.434786,1.79343
423,0,-0.56489,-0.283577,1.70885,-0.0222338,0.434786,1.79343
424,0,-0.565115,-0.284133,1.70885,-0.0222338,0.434786,1.79343
425,0,-0.564283,-0.284575,1.70562,-0.0222338,0.434786,1.79343
426,0,-0.565421,-0.284806,1.70659,-0.0222338,0.434786,1.79343
427,0,-0.565298,-0.284907,1.70625,-0.0222338,0.434786,1.79343
428,0,-0.564106,-0.284741,1.70407,-0.0222338,0.434786,1.79343
429,0,-0.563592,-0.284606,1.70316,-0.0222338,0.434786,1.79343
430,0,-0.564288,-0.285183,1.70428,-0.0222338,0.434786,1.79343
431,0,-0.564981,-0.285474,1.70362,-0.0222338,0.434786,1.79343
432,0,-0.565054,-0.283567,1.70878,-0.0222338,0.434786,1.79343
433,0,-0.564821,-0.284664,1.70483,-0.0222338,0.434786,1.79343
434,0,-0.564125,-0.283928,1.70625,-0.0222338,0.434786,1.79343
435,0,-0.564319,-0.284574,1.70586,-0.0222338,0.434786,1.79343
436,0,-0.564823,-0.2846,1.70568,-0.0222338,0.434786,1.79343
437,0,-0.565022,-0.283952,1.70847,-0.0222338,0.434786,1.79343
438,0,-0.565288,-0.284986,1.706,-0.0222338,0.434786,1.79343
439,0,-0.564642,-0.28473,1.70507,-0.0222338,0.434786,1.79343
440,0,-0.564336,-0.284778,1.70554,-0.0222338,0.434786,1.79343
441,0,-0.565544,-0.285459,1.70523,-0.0222338,0.434786,1.79343
442,0,-0.565344,-0.284468,1.70578,-0.0222338,0.434786,1.79343
443,0,-0.566323,-0.28425,1.70798,-0.0222338,0.434786,1.79343
444,0,-0.56567,-0.283945,1.70884,-0.0222338,0.434786,1.79343
445,0,-0.565176,-0.284361,1.70691,-0.0222338,0.434786,1.79343
446,0,-0.56505,-0.28418,1.70868,-0.0222338,0.434786,1.79343
447,0,-0.564972,-0.284235,1.70645,-0.0222338,0.434786,1.79343
448,0,-0.564655,-0.284979,1.70394,-0.0222338,0.434786,1.79343
449,0,-0.56398,-0.284063,1.70388,-0.0222338,0.434786,1.79343
450,0,-0.565107,-0.284345,1.70591,-0.0222338,0.434786,1.79343
451,0,-0.565199,-0.284506,1.70547,-0.0222338,0.434786,1.79343
452,0,-0.565448,-0.284585,1.70718,-0.0222338,0.434786,1.79343
453,0,-0.565135,-0.284769,1.70661,-0.0222338,0.434786,1.79343
454,0,-0.564961,-0.284441,1.70659,-0.0222338,0.434786,1.79343
455,0,-0.565323,-0.283524,1.70814,-0.0222338,0.434786,1.79343
456,0,-0.562639,-0.283312,1.70128,-0.0222338,0.434786,1.79343
457,0,-0.564122,-0.282976,1.7045,-0.0222338,0.434786,1.79343
458,0,-0.565316,-0.283777,1.70645,-0.0222338,0.434786,1.79343
459,0,-0.56494,-0.284817,1.70416,-0.0222338,0.434786,1.79343
460,0,-0.563987,-0.285233,1.70337,-0.0222338,0.434786,1.79343
461,0,-0.564487,-0.284419,1.706,-0.0222338,0.434786,1.79343
462,0,-0.564413,-0.283518,1.70513,-0.0222338,0.434786,1.79343
463,0,-0.564187,-0.283104,1.70662,-0.0222338,0.434786,1.79343
464,0,-0.564488,-0.282867,1.70736,-0.0222338,0.434786,1.79343
465,0,-0.565183,-0.28323,1.70639,-0.0222338,0.434786,1.79343
466,0,-0.564528,-0.283797,1.70568,-0.0222338,0.434786,1.79343
467,0,-0.565276,-0.284225,1.70474,-0.0222338,0.434786,1.79343
468,0,-0.564044,-0.283205,1.70423,-0.0222338,0.434786,1.79343
469,0,-0.564085,-0.284066,1.70516,-0.0222338,0.434786,1.79343
470,0,-0.564975,-0.282916,1.7068,-0.0222338,0.434786,1.79343
471,0,-0.563832,-0.283791,1.70464,-0.0222338,0.434786,1.79343
472,0,-0.565142,-0.284958,1.70582,-0.0222338,0.434786,1.79343
473,0,-0.563958,-0.282848,1.70634,-0.0222338,0.434786,1.79343
474,0,-0.564808,-0.284337,1.70432,-0.0222338,0.434786,1.79343
475,0,-0.564858,-0.283994,1.70704,-0.0222338,0.434786,1.79343
476,0,-0.564193,-0.283491,1.70409,-0.0222338,0.434786,1.79343
477,0,-0.564671,-0.284065,1.70332,-0.0222338,0.434786,1.79343
478,0,-0.564797,-0.284285,1.70547,-0.0222338,0.434786,1.79343
479,0,-0.564069,-0.283642,1.70352,-0.0222338,0.434786,1.79343
480,0,-0.564431,-0.284849,1.70435,-0.0222338,0.434786,1.79343
481,0,-0.563758,-0.283871,1.70345,-0.0222338,0.434786,1.79343
482,0,-0.563886,-0.284021,1.70206,-0.0222338,0.434786,1.79343
483,0,-0.564004,-0.283417,1.70386,-0.0222338,0.434786,1.79343
484,0,-0.563377,-0.283531,1.7036,-0.0222338,0.434786,1.79343
485,0,-0.563912,-0.283581,1.70414,-0.0222338,0.434786,1.79343
486,0,-0.564768,-0.283118,1.70598,-0.0222338,0.434786,1.79343
487,0,-0.564158,-0.283416,1.70388,-0.0222338,0.434786,1.79343
488,0,-0.564779,-0.284019,1.70445,-0.0222338,0.434786,1.79343
489,0,-0.564745,-0.284372,1.70486,-0.0222338,0.434786,1.79343
490,0,-0.56387,-0.28402,1.70265,-0.0222338,0.434786,1.79343
491,0,-0.563499,-0.282791,1.70353,-0.0222338,0.434786,1.79343
492,0,-0.563741,-0.283019,1.70403,-0.0222338,0.434786,1.79343
493,0,-0.564374,-0.284228,1.70421,-0.0222338,0.434786,1.79343
494,0,-0.563842,-0.284149,1.70326,-0.0222338,0.434786,1.79343
495,0,-0.563932,-0.282718,1.70505,-0.0222338,0.434786,1.79343
496,0,-0.564212,-0.283394,1.70422,-0.0222338,0.434786,1.79343
497,0,-0.564288,-0.282504,1.70723,-0.0222338,0.434786,1.79343
498,0,-0.56475,-0.283229,1.70593,-0.0222338,0.434786,1.79343
499,0,-0.564244,-0.2833,1.70553,-0.0222338,0.434786,1.79343
500,0,-0.564768,-0.282732,1.70634,-0.0222338,0.434786,1.79343
501,0,-0.564499,-0.283619,1.70509,-0.0222338,0.434786,1.79343
502,0,-0.564011,-0.283199,1.70528,-0.0222338,0.434786,1.79343
503,0,-0.564865,-0.283336,1.7057,-0.0222338,0.434786,1.79343
504,0,-0.564069,-0.283437,1.70404,-0.0222338,0.434786,1.79343
505,0,-0.56384,-0.283115,1.70568,-0.0222338,0.434786,1.79343
506,0,-0.564053,-0.28346,1.70529,-0.0222338,0.434786,1.79343
507,0,-0.564101,-0.283479,1.70475,-0.0222338,0.434786,1.79343
508,0,-0.564176,-0.282956,1.7043,-0.0222338,0.434786,1.79343
509,0,-0.563442,-0.283323,1.70383,-0.0222338,0.434786,1.79343
510,0,-0.562553,-0.282691,1.70301,-0.0222338,0.434786,1.79343
511,0,-0.564321,-0.283708,1.70469,-0.0222338,0.434786,1.79343
512,0,-0.563938,-0.284502,1.70276,-0.0222338,0.434786,1.79343
513,0,-0.564601,-0.28343,1.70374,-0.0222338,0.434786,1.79343
514,0,-0.563185,-0.28273,1.70383,-0.0222338,0.434786,1.79343
515,0,-0.564436,-0.283043,1.70487,-0.0222338,0.434786,1.79343
516,0,-0.564014,-0.283008,1.70385,-0.0222338,0.434786,1.79343
517,0,-0.564772,-0.283468,1.70418,-0.0222338,0.434786,1.79343
518,0,-0.564234,-0.283883,1.70296,-0.0222338,0.434786,1.79343
519,1,-0.564411,-0.284377,1.70335,-0.0222338,0.434786,1.79343
520,1,-0.563706,-0.283895,1.70316,-0.0222338,0.434786,1.79343
521,1,-0.563308,-0.284144,1.7024,-0.0222338,0.434786,1.79343
522,1,-0.563947,-0.283159,1.70412,-0.0222338,0.434786,1.79343
523,1,-0.563804,-0.283743,1.70443,-0.0222338,0.434786,1.79343
524,1,-0.565167,-0.283839,1.70615,-0.0222338,0.434786,1.79343
525,1,-0.565547,-0.284597,1.70568,-0.0222338,0.434786,1.79343
526,1,-0.564372,-0.284374,1.70416,-0.0222338,0.434786,1.79343
527,1,-0.564054,-0.28469,1.70339,-0.0222338,0.434786,1.79343
528,1,-0.564776,-0.284141,1.70773,-0.0222338,0.434786,1.79343
529,1,-0.564794,-0.283574,1.7073,-0.0222338,0.434786,1.79343
530,1,-0.566514,-0.285332,1.70807,-0.0222338,0.434786,1.79343
531,1,-0.565407,-0.284418,1.70642,-0.0222338,0.434786,1.79343
532,1,-0.564545,-0.284172,1.70567,-0.0222338,0.434786,1.79343
533,1,-0.565619,-0.283765,1.70791,-0.0222338,0.434786,1.79343
534,1,-0.566537,-0.284699,1.70854,-0.0222338,0.434786,1.79343
535,1,-0.565654,-0.284119,1.70803,-0.0222338,0.434786,1.79343
536,1,-0.564221,-0.283275,1.70373,-0.0222338,0.434786,1.79343
537,1,-0.56612,-0.2847,1.70796,-0.0222338,0.434786,1.79343
538,1,-0.565681,-0.284997,1.70465,-0.0222338,0.434786,1.79343
539,1,-0.56425,-0.284802,1.70419,-0.0222338,0.434786,1.79343
540,1,-0.564595,-0.283986,1.70508,-0.0222338,0.434786,1.79343
541,1,-0.564003,-0.283567,1.70285,-0.0222338,0.434786,1.79343
542,1,-0.564828,-0.284333,1.70662,-0.0222338,0.434786,1.79343
543,1,-0.564564,-0.283211,1.70675,-0.0222338,0.434786,1.79343
544,1,-0.564435,-0.284148,1.70437,-0.0222338,0.434786,1.79343
545,1,-0.56487,-0.284308,1.70476,-0.0222338,0.434786,1.79343
546,1,-0.564655,-0.284354,1.7057,-0.0222338,0.434786,1.79343
547,1,-0.564962,-0.28488,1.70365,-0.0222338,0.434786,1.79343
548,1,-0.564957,-0.284091,1.70646,-0.0222338,0.434786,1.79343
549,1,-0.565449,-0.284693,1.70596,-0.0222338,0.434786,1.79343
550,1,-0.565411,-0.284484,1.70774,-0.0222338,0.434786,1.79343
551,1,-0.565418,-0.284799,1.70475,-0.0222338,0.434786,1.79343
552,1,-0.568885,-0.284769,1.71395,-0.0222338,0.434786,1.79343
553,1,-0.565971,-0.284274,1.70881,-0.0222338,0.434786,1.79343
554,1,-0.566922,-0.28487,1.70938,-0.0222338,0.434786,1.79343
555,1,-0.565566,-0.283531,1.70942,-0.0222338,0.434786,1.79343
556,1,-0.566298,-0.284009,1.70905,-0.0222338,0.434786,1.79343
557,1,-0.56575,-0.283876,1.70851,-0.0222338,0.434786,1.79343
558,1,-0.565001,-0.284564,1.70476,-0.0222338,0.434786,1.79343
559,1,-0.565685,-0.284456,1.70723,-0.0222338,0.434786,1.79343
560,1,-0.565311,-0.283778,1.70629,-0.0222338,0.434786,1.79343
561,1,-0.566166,-0.284024,1.70826,-0.0222338,0.434786,1.79343
562,1,-0.56613,-0.283888,1.70651,-0.0222338,0.434786,1.79343
563,1,-0.565753,-0.284963,1.70713,-0.0222338,0.434786,1.79343
564,1,-0.565341,-0.284966,1.707,-0.0222338,0.434786,1.79343
565,1,-0.564993,-0.284758,1.70482,-0.0222338,0.434786,1.79343
566,1,-0.565573,-0.284578,1.70754,-0.0222338,0.434786,1.79343
567,1,-0.565109,-0.284454,1.70534,-0.0222338,0.434786,1.79343
568,1,-0.564657,-0.283738,1.70561,-0.0222338,0.434786,1.79343
569,1,-0.565678,-0.284327,1.70648,-0.0222338,0.434786,1.79343
570,1,-0.565872,-0.284854,1.70489,-0.0222338,0.434786,1.79343
571,1,-0.565241,-0.284043,1.70552,-0.0222338,0.434786,1.79343
572,1,-0.56533,-0.284041,1.70642,-0.0222338,0.434786,1.79343
573,1,-0.566115,-0.285296,1.70655,-0.0222338,0.434786,1.79343
574,1,-0.565644,-0.284236,1.70458,-0.0222338,0.434786,1.79343
575,1,-0.56636,-0.283742,1.71109,-0.0222338,0.434786,1.79343
576,1,-0.565561,-0.285061,1.70615,-0.0222338,0.434786,1.79343
577,1,-0.565861,-0.285611,1.70572,-0.0222338,0.434786,1.79343
578,1,-0.565457,-0.284134,1.70628,-0.0222338,0.434786,1.79343
579,1,-0.565349,-0.284592,1.70395,-0.0222338,0.434786,1.79343
580,1,-0.565235,-0.284266,1.70453,-0.0222338,0.434786,1.79343
581,1,-0.565214,-0.284117,1.7032,-0.0222338,0.434786,1.79343
582,1,-0.569209,-0.282633,1.70836,-0.0222338,0.434786,1.79343
583,1,-0.568951,-0.277272,1.70643,-0.0222338,0.434786,1.79343
584,1,-0.5674,-0.274692,1.69822,-0.0222338,0.434786,1.79343
585,1,-0.567275,-0.268358,1.69871,-0.0222338,0.434786,1.79343
586,1,-0.565741,-0.262047,1.69237,-0.0222338,0.434786,1.79343
587,1,-0.564022,-0.257378,1.69077,-0.0222338,0.434786,1.79343
588,1,-0.557696,-0.252727,1.6809,-0.0222338,0.434786,1.79343
589,1,-0.555789,-0.247664,1.67725,-0.0222338,0.434786,1.79343
590,1,-0.55435,-0.239445,1.67767,-0.0222338,0.434786,1.79343
591,1,-0.551569,-0.230003,1.67672,-0.0222338,0.434786,1.79343
592,1,-0.548878,-0.223131,1.66997,-0.0222338,0.434786,1.79343
593,1,-0.546951,-0.212042,1.66817,-0.0222338,0.434786,1.79343
594,1,-0.540436,-0.202513,1.65728,-0.0222338,0.434786,1.79343
595,1,-0.534182,-0.193708,1.64867,-0.0222338,0.434786,1.79343
596,1,-0.528075,-0.180574,1.64575,-0.0222338,0.434786,1.79343
597,1,-0.521483,-0.169686,1.64231,-0.0222338,0.434786,1.79343
598,1,-0.512056,-0.157917,1.63512,-0.0222338,0.434786,1.79343
599,1,-0.504308,-0.144995,1.63412,-0.0222338,0.434786,1.79343
600,1,-0.494674,-0.133715,1.623,-0.0222338,0.434786,1.79343
601,1,-0.482642,-0.123931,1.61416,-0.0222338,0.434786,1.79343
602,1,-0.469465,-0.111542,1.61051,-0.0222338,0.434786,1.79343
603,1,-0.456925,-0.10171,1.6053,-0.0222338,0.434786,1.79343
604,1,-0.440472,-0.0921532,1.59807,-0.0222338,0.434786,1.79343
605,1,-0.426298,-0.0836386,1.59718,-0.0222338,0.434786,1.79343
606,1,-0.407061,-0.0787029,1.58522,-0.0222338,0.434786,1.79343
607,1,-0.389666,-0.0722827,1.58519,-0.0222338,0.434786,1.79343
608,1,-0.371386,-0.0685098,1.57758,-0.0222338,0.434786,1.79343
609,1,-0.352747,-0.0653163,1.57398,-0.0222338,0.434786,1.79343
610,1,-0.330799,-0.0617299,1.57144,-0.0222338,0.434786,1.79343
611,1,-0.309842,-0.0588992,1.57049,-0.0222338,0.434786,1.79343
612,1,-0.293009,-0.058209,1.57428,-0.0222338,0.434786,1.79343
613,1,-0.271563,-0.0577667,1.57037,-0.0222338,0.434786,1.79343
614,1,-0.251019,-0.0581658,1.57759,-0.0222338,0.434786,1.79343
615,1,-0.228263,-0.0610838,1.56939,-0.0222338,0.434786,1.79343
616,1,-0.207137,-0.0612112,1.56875,-0.0222338,0.434786,1.79343
617,1,-0.181782,-0.0644281,1.56082,-0.0222338,0.434786,1.79343
618,1,-0.162407,-0.0678608,1.57322,-0.0222338,0.434786,1.79343
619,1,-0.139211,-0.0717359,1.57957,-0.0222338,0.434786,1.79343
620,1,-0.114317,-0.076973,1.58219,-0.0222338,0.434786,1.79343
621,1,-0.0891356,-0.0831603,1.58069,-0.0222338,0.434786,1.79343
622,1,-0.0618293,-0.0868629,1.58348,-0.0222338,0.434786,1.79343
623,1,-0.0346604,-0.0910506,1.582,-0.0222338,0.434786,1.79343
624,1,-0.00958729,-0.0943298,1.58489,-0.0222338,0.434786,1.79343
625,1,0.0164865,-0.100573,1.59238,-0.0222338,0.434786,1.79343
626,1,0.0447938,-0.105976,1.59569,-0.0222338,0.434786,1.79343
627,1,0.0743381,-0.11023,1.59797,-0.0222338,0.434786,1.79343
628,1,0.0930292,-0.114579,1.61446,-0.0222338,0.434786,1.79343
629,1,0.114779,-0.118846,1.62692,-0.0222338,0.434786,1.79343
630,1,0.129771,-0.120619,1.64038,-0.0222338,0.434786,1.79343
631,1,0.162344,-0.126181,1.64195,-0.0222338,0.434786,1.79343
632,1,0.174103,-0.124792,1.65924,-0.0222338,0.434786,1.79343
633,1,0.19846,-0.131669,1.66463,-0.0222338,0.434786,1.79343
634,1,0.228878,-0.137176,1.67127,-0.0222338,0.434786,1.79343
635,1,0.24101,-0.138602,1.68264,-0.0222338,0.434786,1.79343
636,1,0.254122,-0.142246,1.69571,-0.0222338,0.434786,1.79343
637,1,0.272689,-0.145731,1.70132,-0.0222338,0.434786,1.79343
638,1,0.301584,-0.150136,1.71063,-0.0222338,0.434786,1.79343
639,1,0.303185,-0.152838,1.72044,-0.0222338,0.434786,1.79343
640,1,0.320426,-0.158297,1.72774,-0.0222338,0.434786,1.79343
641,1,0.327254,-0.161277,1.73986,-0.0222338,0.434786,1.79343
642,1,0.358383,-0.166148,1.73619,-0.0222338,0.434786,1.79343
643,1,0.377138,-0.172972,1.73995,-0.0222338,0.434786,1.79343
644,1,0.375032,-0.176663,1.75487,-0.0222338,0.434786,1.79343
645,1,0.370768,-0.180445,1.76741,-0.0222338,0.434786,1.79343
646,1,0.384993,-0.185356,1.77355,-0.0222338,0.434786,1.79343
647,1,0.404663,-0.190473,1.77722,-0.0222338,0.434786,1.79343
648,1,0.391798,-0.192994,1.79444,-0.0222338,0.434786,1.79343
649,1,0.406174,-0.197171,1.78277,-0.0222338,0.434786,1.79343
650,1,0.395942,-0.20011,1.80705,-0.0222338,0.434786,1.79343
651,1,0.407015,-0.206057,1.8087,-0.0222338,0.434786,1.79343
652,1,0.408645,-0.20814,1.81967,-0.0222338,0.434786,1.79343
653,1,0.418637,-0.212986,1.80728,-0.0222338,0.434786,1.79343
654,1,0.413774,-0.212289,1.8158,-0.0222338,0.434786,1.79343
655,1,0.425072,-0.214938,1.80512,-0.0222338,0.434786,1.79343
656,1,0.426077,-0.21564,1.80538,-0.0222338,0.434786,1.79343
657,1,0.427983,-0.217276,1.80324,-0.0222338,0.434786,1.79343
658,1,0.422773,-0.218305,1.80985,-0.0222338,0.434786,1.79343
659,1,0.42439,-0.219985,1.80964,-0.0222338,0.434786,1.79343
660,1,0.431448,-0.222076,1.80033,-0.0222338,0.434786,1.79343
661,1,0.432284,-0.22195,1.79994,-0.0222338,0.434786,1.79343
662,1,0.429867,-0.222257,1.80298,-0.0222338,0.434786,1.79343
663,1,0.431121,-0.221966,1.80282,-0.0222338,0.434786,1.79343
664,1,0.4286,-0.22191,1.80373,-0.0222338,0.434786,1.79343
665,1,0.431388,-0.222676,1.80248,-0.0222338,0.434786,1.79343
666,1,0.420707,-0.220146,1.8099,-0.0222338,0.434786,1.79343
667,1,0.428872,-0.221858,1.80256,-0.0222338,0.434786,1.79343
668,1,0.430064,-0.222083,1.80286,-0.0222338,0.434786,1.79343
669,1,0.428863,-0.221876,1.80295,-0.0222338,0.434786,1.79343
670,1,0.429248,-0.222159,1.80164,-0.0222338,0.434786,1.79343
671,1,0.433553,-0.222194,1.80105,-0.0222338,0.434786,1.79343
672,1,0.43506,-0.222757,1.80227,-0.0222338,0.434786,1.79343
673,1,0.437238,-0.223041,1.80016,-0.0222338,0.434786,1.79343
674,1,0.436706,-0.222796,1.8012,-0.0222338,0.434786,1.79343
675,1,0.435098,-0.223021,1.80349,-0.0222338,0.434786,1.79343
676,1,0.435331,-0.222679,1.80113,-0.0222338,0.434786,1.79343
677,1,0.426459,-0.220754,1.80967,-0.0222338,0.434786,1.79343
678,1,0.436877,-0.223041,1.80407,-0.0222338,0.434786,1.79343
679,1,0.437715,-0.2233,1.80454,-0.0222338,0.434786,1.79343
680,1,0.43271,-0.222112,1.80892,-0.0222338,0.434786,1.79343
681,1,0.432034,-0.221683,1.8087,-0.0222338,0.434786,1.79343
682,1,0.438951,-0.222878,1.8036,-0.0222338,0.434786,1.79343
683,1,0.434803,-0.222584,1.8074,-0.0222338,0.434786,1.79343
684,1,0.436867,-0.222933,1.80291,-0.0222338,0.434786,1.79343
685,1,0.434465,-0.222326,1.80672,-0.0222338,0.434786,1.79343
686,1,0.438218,-0.22297,1.80267,-0.0222338,0.434786,1.79343
687,1,0.43995,-0.222701,1.80249,-0.0222338,0.434786,1.79343
688,1,0.431292,-0.222471,1.80953,-0.0222338,0.434786,1.79343
689,1,0.437331,-0.222823,1.80341,-0.0222338,0.434786,1.79343
690,1,0.43971,-0.222836,1.8044,-0.0222338,0.434786,1.79343
691,1,0.438122,-0.222762,1.80562,-0.0222338,0.434786,1.79343
692,1,0.434556,-0.222668,1.80819,-0.0222338,0.434786,1.79343
693,1,0.427549,-0.221546,1.81023,-0.0222338,0.434786,1.79343
694,1,0.432335,-0.222385,1.80991,-0.0222338,0.434786,1.79343
695,0,0.425422,-0.220448,1.80823,-0.0222338,0.434786,1.79343
696,0,0.42466,-0.220411,1.80958,-0.0222338,0.434786,1.79343
697,1,0.422605,-0.220391,1.80777,-0.0222338,0.434786,1.79343
698,1,0.433238,-0.223008,1.8037,-0.0222338,0.434786,1.79343
699,0,0.433777,-0.222498,1.80856,-0.0222338,0.434786,1.79343
700,0,0.435708,-0.223303,1.81002,-0.0222338,0.434786,1.79343
701,0,0.434482,-0.223402,1.80724,-0.0222338,0.434786,1.79343
702,0,0.430541,-0.222279,1.80994,-0.0222338,0.434786,1.79343
703,0,0.429316,-0.221646,1.81086,-0.0222338,0.434786,1.79343
704,0,0.434353,-0.222786,1.80293,-0.0222338,0.434786,1.79343
705,0,0.430732,-0.222578,1.80968,-0.0222338,0.434786,1.79343
706,0,0.435334,-0.22289,1.80693,-0.0222338,0.434786,1.79343
707,0,0.43643,-0.223257,1.80338,-0.0222338,0.434786,1.79343
708,0,0.435575,-0.222751,1.80732,-0.0222338,0.434786,1.79343
709,0,0.434637,-0.222887,1.80594,-0.0222338,0.434786,1.79343
710,0,0.431904,-0.222437,1.80853,-0.0222338,0.434786,1.79343
711,0,0.43526,-0.223021,1.80752,-0.0222338,0.434786,1.79343
712,0,0.431947,-0.222742,1.80772,-0.0222338,0.434786,1.79343
713,0,0.439884,-0.223353,1.80348,-0.0222338,0.434786,1.79343
714,0,0.437998,-0.223428,1.80244,-0.0222338,0.434786,1.79343
715,0,0.431261,-0.222555,1.80899,-0.0222338,0.434786,1.79343
716,0,0.431405,-0.222473,1.80786,-0.0222338,0.434786,1.79343
717,0,0.432824,-0.222314,1.80595,-0.0222338,0.434786,1.79343
718,0,0.429488,-0.22163,1.80963,-0.0222338,0.434786,1.79343
719,0,0.435129,-0.222655,1.8032,-0.0222338,0.434786,1.79343
720,0,0.43762,-0.223229,1.80254,-0.0222338,0.434786,1.79343
721,0,0.434145,-0.222765,1.80118,-0.0222338,0.434786,1.79343
722,0,0.435181,-0.222203,1.80328,-0.0222338,0.434786,1.79343
723,0,0.431019,-0.221813,1.80952,-0.0222338,0.434786,1.79343
724,0,0.429172,-0.221431,1.80985,-0.0222338,0.434786,1.79343
725,0,0.430148,-0.22207,1.80837,-0.0222338,0.434786,1.79343
726,0,0.434413,-0.2233,1.80423,-0.0222338,0.434786,1.79343
727,0,0.435598,-0.222553,1.8025,-0.0222338,0.434786,1.79343
728,0,0.436722,-0.223409,1.80206,-0.0222338,0.434786,1.79343
729,0,0.438474,-0.223303,1.80267,-0.0222338,0.434786,1.79343
730,0,0.430045,-0.221666,1.81064,-0.0222338,0.434786,1.79343
731,0,0.431584,-0.221358,1.81006,-0.0222338,0.434786,1.79343
732,0,0.432816,-0.222388,1.81012,-0.0222338,0.434786,1.79343
733,0,0.431016,-0.222704,1.80432,-0.0222338,0.434786,1.79343
734,0,0.436084,-0.223383,1.8016,-0.0222338,0.434786,1.79343
735,0,0.435225,-0.22305,1.80354,-0.0222338,0.434786,1.79343
736,0,0.431186,-0.222164,1.80729,-0.0222338,0.434786,1.79343
737,0,0.433765,-0.223112,1.80386,-0.0222338,0.434786,1.79343
738,0,0.434815,-0.223206,1.80471,-0.0222338,0.434786,1.79343
739,0,0.425753,-0.220458,1.80874,-0.0222338,0.434786,1.79343
740,0,0.432897,-0.222976,1.80288,-0.0222338,0.434786,1.79343
741,0,0.436896,-0.223035,1.80276,-0.0222338,0.434786,1.79343
742,0,0.431054,-0.22275,1.80497,-0.0222338,0.434786,1.79343
743,0,0.428556,-0.221522,1.80972,-0.0222338,0.434786,1.79343
744,0,0.433148,-0.222933,1.80463,-0.0222338,0.434786,1.79343
745,0,0.428328,-0.222076,1.80687,-0.0222338,0.434786,1.79343
746,0,0.430094,-0.221898,1.80892,-0.0222338,0.434786,1.79343
747,0,0.432873,-0.22286,1.80235,-0.0222338,0.434786,1.79343
748,0,0.434825,-0.223106,1.80399,-0.0222338,0.434786,1.79343
749,0,0.43466,-0.223224,1.80345,-0.0222338,0.434786,1.79343
750,0,0.431082,-0.222113,1.80449,-0.0222338,0.434786,1.79343
751,0,0.433198,-0.222997,1.80452,-0.0222338,0.434786,1.79343
752,0,0.433158,-0.223111,1.80239,-0.0222338,0.434786,1.79343
753,0,0.430827,-0.221929,1.80821,-0.0222338,0.434786,1.79343
754,0,0.434125,-0.223192,1.80661,-0.0222338,0.434786,1.79343
755,0,0.433797,-0.223198,1.80402,-0.0222338,0.434786,1.79343
756,0,0.432007,-0.222816,1.80411,-0.0222338,0.434786,1.79343
757,0,0.432874,-0.223088,1.80296,-0.0222338,0.434786,1.79343
758,0,0.431036,-0.222287,1.80799,-0.0222338,0.434786,1.79343
759,0,0.435532,-0.222892,1.80218,-0.0222338,0.434786,1.79343
760,0,0.434208,-0.222705,1.80883,-0.0222338,0.434786,1.79343
761,0,0.431435,-0.22248,1.80934,-0.0222338,0.434786,1.79343
762,0,0.436794,-0.223656,1.80275,-0.0222338,0.434786,1.79343
763,0,0.437113,-0.223748,1.80147,-0.0222338,0.434786,1.79343
764,0,0.432299,-0.222399,1.8096,-0.0222338,0.434786,1.79343
765,0,0.43508,-0.223586,1.80253,-0.0222338,0.434786,1.79343
766,0,0.431767,-0.222395,1.80963,-0.0222338,0.434786,1.79343
767,0,0.431075,-0.222987,1.80389,-0.0222338,0.434786,1.79343
768,0,0.431833,-0.223491,1.80388,-0.0222338,0.434786,1.79343
769,0,0.430864,-0.222884,1.80855,-0.0222338,0.434786,1.79343
770,0,0.43571,-0.223406,1.80347,-0.0222338,0.434786,1.79343
771,0,0.43149,-0.222775,1.80775,-0.0222338,0.434786,1.79343
772,0,0.433793,-0.223679,1.80499,-0.0222338,0.434786,1.79343
773,0,0.436816,-0.223808,1.80304,-0.0222338,0.434786,1.79343
774,0,0.432324,-0.223239,1.80444,-0.0222338,0.434786,1.79343
775,0,0.433208,-0.222834,1.803,-0.0222338,0.434786,1.79343
776,0,0.431329,-0.222913,1.80557,-0.0222338,0.434786,1.79343
777,0,0.431919,-0.223594,1.80493,-0.0222338,0.434786,1.79343
778,0,0.433473,-0.222687,1.80387,-0.0222338,0.434786,1.79343
779,0,0.428935,-0.221944,1.80937,-0.0222338,0.434786,1.79343
780,0,0.432634,-0.223267,1.80575,-0.0222338,0.434786,1.79343
781,0,0.433791,-0.223373,1.80381,-0.0222338,0.434786,1.79343
782,0,0.426917,-0.221635,1.80744,-0.0222338,0.434786,1.79343
783,0,0.4272,-0.222607,1.80972,-0.0222338,0.434786,1.79343
784,0,0.434838,-0.222962,1.8048,-0.0222338,0.434786,1.79343
785,0,0.432137,-0.223252,1.8048,-0.0222338,0.434786,1.79343
786,0,0.428342,-0.222404,1.80695,-0.0222338,0.434786,1.79343
787,0,0.42984,-0.222041,1.80415,-0.0222338,0.434786,1.79343
788,0,0.434262,-0.223487,1.80437,-0.0222338,0.434786,1.79343
789,0,0.426486,-0.221897,1.80892,-0.0222338,0.434786,1.79343
790,0,0.43556,-0.2232,1.80192,-0.0222338,0.434786,1.79343
791,0,0.428131,-0.22156,1.80816,-0.0222338,0.434786,1.79343
792,0,0.435835,-0.223398,1.80273,-0.0222338,0.434786,1.79343
793,0,0.437648,-0.222848,1.80106,-0.0222338,0.434786,1.79343
794,0,0.429077,-0.222275,1.8081,-0.0222338,0.434786,1.79343
795,0,0.434226,-0.223479,1.80425,-0.0222338,0.434786,1.79343
796,0,0.43487,-0.223399,1.80219,-0.0222338,0.434786,1.79343
797,0,0.431961,-0.222835,1.80519,-0.0222338,0.434786,1.79343
798,0,0.433831,-0.223052,1.80219,-0.0222338,0.434786,1.79343
799,0,0.436804,-0.223491,1.80187,-0.0222338,0.434786,1.79343
800,0,0.438021,-0.223671,1.80214,-0.0222338,0.434786,1.79343
801,0,0.431058,-0.222744,1.80749,-0.0222338,0.434786,1.79343
802,0,0.429588,-0.222557,1.80714,-0.0222338,0.434786,1.79343
803,0,0.433576,-0.222941,1.80263,-0.0222338,0.434786,1.79343
804,0,0.435479,-0.223363,1.8028,-0.0222338,0.434786,1.79343
805,0,0.429633,-0.222167,1.80698,-0.0222338,0.434786,1.79343
806,0,0.431542,-0.222746,1.80746,-0.0222338,0.434786,1.79343
807,0,0.434203,-0.222794,1.80384,-0.0222338,0.434786,1.79343
808,0,0.430589,-0.222403,1.80693,-0.0222338,0.434786,1.79343
809,0,0.436565,-0.223607,1.80193,-0.0222338,0.434786,1.79343
810,0,0.432731,-0.222985,1.80589,-0.0222338,0.434786,1.79343
811,0,0.426795,-0.222368,1.80862,-0.0222338,0.434786,1.79343
812,0,0.433246,-0.222645,1.80373,-0.0222338,0.434786,1.79343
813,0,0.432378,-0.222902,1.80355,-0.0222338,0.434786,1.79343
814,0,0.43182,-0.221751,1.80867,-0.0222338,0.434786,1.79343
815,0,0.435342,-0.223101,1.802,-0.0222338,0.434786,1.79343
816,0,0.43492,-0.223293,1.80217,-0.0222338,0.434786,1.79343
817,0,0.433024,-0.222592,1.80367,-0.0222338,0.434786,1.79343
818,0,0.43441,-0.223162,1.80464,-0.0222338,0.434786,1.79343
819,0,0.433713,-0.223178,1.80289,-0.0222338,0.434786,1.79343
820,0,0.43612,-0.223383,1.80122,-0.0222338,0.434786,1.79343
821,0,0.433526,-0.222083,1.80323,-0.0222338,0.434786,1.79343
822,0,0.436158,-0.223028,1.80208,-0.0222338,0.434786,1.79343
823,0,0.434544,-0.222469,1.80237,-0.0222338,0.434786,1.79343
824,0,0.433705,-0.222926,1.80551,-0.0222338,0.434786,1.79343
825,0,0.430659,-0.22211,1.81006,-0.0222338,0.434786,1.79343
826,0,0.43625,-0.223575,1.80395,-0.0222338,0.434786,1.79343
827,0,0.436323,-0.223487,1.80196,-0.0222338,0.434786,1.79343
828,0,0.433479,-0.222304,1.80402,-0.0222338,0.434786,1.79343
829,0,0.435329,-0.223446,1.80444,-0.0222338,0.434786,1.79343
830,0,0.428931,-0.221894,1.80935,-0.0222338,0.434786,1.79343
831,0,0.430757,-0.222119,1.80938,-0.0222338,0.434786,1.79343
832,0,0.429881,-0.222625,1.80815,-0.0222338,0.434786,1.79343
833,0,0.431865,-0.223137,1.80375,-0.0222338,0.434786,1.79343
834,0,0.428922,-0.222308,1.8083,-0.0222338,0.434786,1.79343
835,0,0.431517,-0.222471,1.80608,-0.0222338,0.434786,1.79343
837,0,0.434475,-0.223054,1.80219,-0.0222338,0.434786,1.79343
838,0,0.428029,-0.221679,1.81013,-0.0222338,0.434786,1.79343
839,0,0.425111,-0.221526,1.80822,-0.0222338,0.434786,1.79343
840,0,0.425453,-0.222221,1.80982,-0.0222338,0.434786,1.79343
