51,0,0.433923,-0.222473,1.80922,-nan,-nan,-nan
52,0,0.438966,-0.224352,1.80093,-0.0609089,0.421247,1.76817
53,0,0.437837,-0.224618,1.80152,-0.0609089,0.421247,1.76817
54,0,0.439871,-0.224525,1.80728,-0.0609089,0.421247,1.76817
55,0,0.434341,-0.223244,1.80355,-0.0609089,0.421247,1.76817
56,0,0.440558,-0.224463,1.80166,-0.0609089,0.421247,1.76817
57,0,0.437385,-0.223967,1.79992,-0.0609089,0.421247,1.76817
58,0,0.437466,-0.223903,1.80009,-0.0609089,0.421247,1.76817
59,0,0.43557,-0.223369,1.80544,-0.0609089,0.421247,1.76817
60,0,0.436908,-0.223314,1.80014,-0.0609089,0.421247,1.76817
61,0,0.437855,-0.223769,1.80467,-0.0609089,0.421247,1.76817
62,0,0.439604,-0.223991,1.80032,-0.0609089,0.421247,1.76817
63,0,0.436777,-0.223677,1.80725,-0.0609089,0.421247,1.76817
64,0,0.438902,-0.224054,1.79981,-0.0609089,0.421247,1.76817
65,0,0.437439,-0.223408,1.80104,-0.0609089,0.421247,1.76817
66,0,0.437888,-0.224288,1.80022,-0.0609089,0.421247,1.76817
67,0,0.439201,-0.224015,1.80017,-0.0609089,0.421247,1.76817
68,0,0.437828,-0.223216,1.80195,-0.0609089,0.421247,1.76817
69,0,0.436386,-0.2235,1.80193,-0.0609089,0.421247,1.76817
70,0,0.440659,-0.224086,1.80158,-0.0609089,0.421247,1.76817
71,0,0.438963,-0.224175,1.80023,-0.0609089,0.421247,1.76817
72,0,0.438848,-0.224096,1.80141,-0.0609089,0.421247,1.76817
73,0,0.439799,-0.223609,1.80019,-0.0609089,0.421247,1.76817
74,0,0.44906,-0.225288,1.79251,-0.0609089,0.421247,1.76817
75,0,0.438928,-0.223771,1.80172,-0.0609089,0.421247,1.76817
76,0,0.437725,-0.223822,1.80027,-0.0609089,0.421247,1.76817
77,0,0.44564,-0.224708,1.79267,-0.0609089,0.421247,1.76817
79,0,0.439662,-0.223464,1.79966,-0.0609089,0.421247,1.76817
80,0,0.43989,-0.223954,1.80005,-0.0609089,0.421247,1.76817
81,0,0.438335,-0.223325,1.80072,-0.0609089,0.421247,1.76817
82,0,0.438681,-0.224104,1.80146,-0.0609089,0.421247,1.76817
83,0,0.439343,-0.223713,1.80068,-0.0609089,0.421247,1.76817
84,0,0.43968,-0.223723,1.80006,-0.0609089,0.421247,1.76817
85,0,0.439433,-0.223759,1.80082,-0.0609089,0.421247,1.76817
86,0,0.439426,-0.224194,1.8015,-0.0609089,0.421247,1.76817
87,0,0.438501,-0.223803,1.80132,-0.0609089,0.421247,1.76817
88,0,0.43994,-0.223423,1.79847,-0.0609089,0.421247,1.76817
89,0,0.440384,-0.224138,1.79976,-0.0609089,0.421247,1.76817
90,0,0.448377,-0.225296,1.7925,-0.0609089,0.421247,1.76817
91,0,0.438692,-0.223684,1.79878,-0.0609089,0.421247,1.76817
92,0,0.431014,-0.219845,1.7742,-0.0609089,0.421247,1.76817
93,0,0.438415,-0.220452,1.76765,-0.0609089,0.421247,1.76817
94,0,0.438767,-0.220546,1.76746,-0.0609089,0.421247,1.76817
95,0,0.440282,-0.221127,1.76947,-0.0609089,0.421247,1.76817
96,0,0.437115,-0.220908,1.7708,-0.0609089,0.421247,1.76817
97,0,0.43426,-0.220512,1.77429,-0.0609089,0.421247,1.76817
98,0,0.437166,-0.22052,1.7688,-0.0609089,0.421247,1.76817
99,0,0.440249,-0.220718,1.76531,-0.0609089,0.421247,1.76817
100,0,0.441362,-0.220311,1.76656,-0.0609089,0.421247,1.76817
101,0,0.440853,-0.220597,1.76717,-0.0609089,0.421247,1.76817
102,0,0.441767,-0.221234,1.76754,-0.0609089,0.421247,1.76817
103,0,0.437142,-0.22136,1.76921,-0.0609089,0.421247,1.76817
104,0,0.439474,-0.220603,1.76732,-0.0609089,0.421247,1.76817
105,0,0.438887,-0.220886,1.76753,-0.0609089,0.421247,1.76817
106,0,0.443937,-0.221258,1.76428,-0.0609089,0.421247,1.76817
107,0,0.439422,-0.221448,1.76626,-0.0609089,0.421247,1.76817
108,0,0.440492,-0.221664,1.76984,-0.0609089,0.421247,1.76817
109,0,0.43998,-0.221226,1.76735,-0.0609089,0.421247,1.76817
110,0,0.436706,-0.220683,1.76982,-0.0609089,0.421247,1.76817
111,0,0.442124,-0.22126,1.76762,-0.0609089,0.421247,1.76817
112,1,0.439841,-0.221482,1.76771,-0.0609089,0.421247,1.76817
113,1,0.438873,-0.220748,1.76707,-0.0609089,0.421247,1.76817
114,1,0.440834,-0.220936,1.76707,-0.0609089,0.421247,1.76817
115,1,0.44166,-0.221381,1.76641,-0.0609089,0.421247,1.76817
116,1,0.439631,-0.221179,1.76819,-0.0609089,0.421247,1.76817
117,1,0.435367,-0.220776,1.76897,-0.0609089,0.421247,1.76817
118,1,0.440445,-0.220869,1.76809,-0.0609089,0.421247,1.76817
119,1,0.431607,-0.220498,1.77459,-0.0609089,0.421247,1.76817
120,1,0.43392,-0.219491,1.77049,-0.0609089,0.421247,1.76817
121,1,0.441111,-0.22148,1.7681,-0.0609089,0.421247,1.76817
122,1,0.432307,-0.220815,1.77508,-0.0609089,0.421247,1.76817
123,1,0.428112,-0.219321,1.77636,-0.0609089,0.421247,1.76817
124,1,0.430986,-0.219147,1.77146,-0.0609089,0.421247,1.76817
125,1,0.433412,-0.219741,1.77116,-0.0609089,0.421247,1.76817
126,1,0.437744,-0.221205,1.76845,-0.0609089,0.421247,1.76817
127,1,0.4377,-0.221171,1.76706,-0.0609089,0.421247,1.76817
128,1,0.439929,-0.220753,1.76869,-0.0609089,0.421247,1.76817
129,1,0.440618,-0.220594,1.76961,-0.0609089,0.421247,1.76817
130,1,0.439119,-0.221205,1.7698,-0.0609089,0.421247,1.76817
131,1,0.436954,-0.2198,1.76967,-0.0609089,0.421247,1.76817
132,1,0.427939,-0.219448,1.78425,-0.0609089,0.421247,1.76817
133,1,0.431449,-0.219342,1.783,-0.0609089,0.421247,1.76817
134,1,0.433392,-0.221175,1.77598,-0.0609089,0.421247,1.76817
135,1,0.425094,-0.219419,1.78231,-0.0609089,0.421247,1.76817
136,1,0.429536,-0.220373,1.7772,-0.0609089,0.421247,1.76817
137,1,0.432021,-0.22088,1.77458,-0.0609089,0.421247,1.76817
138,1,0.443975,-0.222494,1.76879,-0.0609089,0.421247,1.76817
139,1,0.433668,-0.220464,1.77127,-0.0609089,0.421247,1.76817
140,1,0.43064,-0.22076,1.77881,-0.0609089,0.421247,1.76817
141,1,0.433289,-0.221149,1.77652,-0.0609089,0.421247,1.76817
142,1,0.431204,-0.220814,1.77326,-0.0609089,0.421247,1.76817
143,1,0.426995,-0.219266,1.78126,-0.0609089,0.421247,1.76817
144,1,0.427268,-0.219602,1.78146,-0.0609089,0.421247,1.76817
145,1,0.432957,-0.22025,1.77672,-0.0609089,0.421247,1.76817
146,1,0.429333,-0.219202,1.78225,-0.0609089,0.421247,1.76817
147,1,0.43211,-0.219453,1.77359,-0.0609089,0.421247,1.76817
148,1,0.4332,-0.220589,1.7749,-0.0609089,0.421247,1.76817
149,1,0.434472,-0.220886,1.7741,-0.0609089,0.421247,1.76817
150,1,0.43447,-0.220426,1.77215,-0.0609089,0.421247,1.76817
151,1,0.432048,-0.220115,1.77517,-0.0609089,0.421247,1.76817
152,1,0.436108,-0.220845,1.7738,-0.0609089,0.421247,1.76817
153,1,0.426289,-0.219305,1.78171,-0.0609089,0.421247,1.76817
154,1,0.4277,-0.219093,1.78298,-0.0609089,0.421247,1.76817
155,1,0.430009,-0.219876,1.78082,-0.0609089,0.421247,1.76817
156,1,0.433757,-0.220673,1.77598,-0.0609089,0.421247,1.76817
157,1,0.423576,-0.218574,1.78192,-0.0609089,0.421247,1.76817
158,1,0.428214,-0.219636,1.78186,-0.0609089,0.421247,1.76817
159,1,0.433901,-0.220119,1.77542,-0.0609089,0.421247,1.76817
160,1,0.429193,-0.215368,1.77501,-0.0609089,0.421247,1.76817
161,1,0.428412,-0.206324,1.77218,-0.0609089,0.421247,1.76817
162,1,0.429649,-0.199087,1.76402,-0.0609089,0.421247,1.76817
163,1,0.424449,-0.1897,1.75728,-0.0609089,0.421247,1.76817
164,1,0.415107,-0.179114,1.74482,-0.0609089,0.421247,1.76817
165,1,0.420325,-0.167243,1.73094,-0.0609089,0.421247,1.76817
166,1,0.422674,-0.148408,1.6995,-0.0609089,0.421247,1.76817
167,1,0.386819,-0.139278,1.72155,-0.0609089,0.421247,1.76817
168,1,0.370671,-0.125516,1.70931,-0.0609089,0.421247,1.76817
169,1,0.351741,-0.113962,1.69751,-0.0609089,0.421247,1.76817
170,1,0.334794,-0.106568,1.68781,-0.0609089,0.421247,1.76817
171,1,0.303992,-0.099977,1.6838,-0.0609089,0.421247,1.76817
172,1,0.288234,-0.0942434,1.66953,-0.0609089,0.421247,1.76817
173,1,0.270867,-0.0873319,1.65279,-0.0609089,0.421247,1.76817
174,1,0.239098,-0.0840009,1.64922,-0.0609089,0.421247,1.76817
175,1,0.223491,-0.0808279,1.63508,-0.0609089,0.421247,1.76817
176,1,0.195901,-0.0811012,1.63628,-0.0609089,0.421247,1.76817
177,1,0.176762,-0.082116,1.62147,-0.0609089,0.421247,1.76817
178,1,0.153874,-0.0857586,1.61661,-0.0609089,0.421247,1.76817
179,1,0.134526,-0.0906626,1.6068,-0.0609089,0.421247,1.76817
180,1,0.120154,-0.0984017,1.60204,-0.0609089,0.421247,1.76817
181,1,0.0860916,-0.108588,1.61626,-0.0609089,0.421247,1.76817
182,1,0.0487366,-0.116278,1.64177,-0.0609089,0.421247,1.76817
183,1,-0.0154066,-0.12251,1.71589,-0.0609089,0.421247,1.76817
184,1,0.0224135,-0.140887,1.64052,-0.0609089,0.421247,1.76817
185,1,-0.00101,-0.15339,1.66242,-0.0609089,0.421247,1.76817
186,1,-0.0108981,-0.167709,1.66067,-0.0609089,0.421247,1.76817
187,1,-0.0260432,-0.179474,1.67013,-0.0609089,0.421247,1.76817
188,1,-0.0323818,-0.192509,1.66105,-0.0609089,0.421247,1.76817
189,1,-0.0378882,-0.208333,1.67689,-0.0609089,0.421247,1.76817
190,1,-0.0493361,-0.216175,1.69541,-0.0609089,0.421247,1.76817
191,1,-0.0544376,-0.229271,1.71078,-0.0609089,0.421247,1.76817
192,1,-0.0571027,-0.239405,1.71684,-0.0609089,0.421247,1.76817
193,1,-0.0600713,-0.246092,1.72771,-0.0609089,0.421247,1.76817
194,1,-0.0557667,-0.256901,1.72622,-0.0609089,0.421247,1.76817
195,1,-0.0571562,-0.261147,1.72961,-0.0609089,0.421247,1.76817
196,1,-0.0602041,-0.266214,1.74667,-0.0609089,0.421247,1.76817
197,1,-0.0569001,-0.27147,1.74405,-0.0609089,0.421247,1.76817
198,1,-0.0595451,-0.274229,1.75308,-0.0609089,0.421247,1.76817
199,1,-0.0540249,-0.2812,1.75118,-0.0609089,0.421247,1.76817
200,1,-0.0559338,-0.282606,1.75123,-0.0609089,0.421247,1.76817
201,1,-0.0567772,-0.282399,1.75105,-0.0609089,0.421247,1.76817
202,1,-0.0579675,-0.281677,1.75418,-0.0609089,0.421247,1.76817
203,1,-0.0626639,-0.280617,1.75951,-0.0609089,0.421247,1.76817
204,1,-0.0622831,-0.279985,1.75921,-0.0609089,0.421247,1.76817
205,1,-0.0630306,-0.281244,1.76631,-0.0609089,0.421247,1.76817
206,1,-0.0703472,-0.278062,1.77289,-0.0609089,0.421247,1.76817
207,1,-0.0696291,-0.277849,1.77666,-0.0609089,0.421247,1.76817
208,1,-0.0711456,-0.277527,1.77654,-0.0609089,0.421247,1.76817
209,1,-0.0632619,-0.279909,1.76665,-0.0609089,0.421247,1.76817
210,1,-0.0681103,-0.277227,1.77469,-0.0609089,0.421247,1.76817
211,1,-0.0571824,-0.280398,1.76548,-0.0609089,0.421247,1.76817
212,1,-0.0536027,-0.28116,1.76364,-0.0609089,0.421247,1.76817
213,1,-0.0428718,-0.28257,1.74703,-0.0609089,0.421247,1.76817
214,1,-0.036982,-0.284667,1.74825,-0.0609089,0.421247,1.76817
215,1,-0.0335764,-0.286611,1.74577,-0.0609089,0.421247,1.76817
216,1,-0.0289358,-0.289647,1.74316,-0.0609089,0.421247,1.76817
217,1,-0.0273262,-0.291495,1.74477,-0.0609089,0.421247,1.76817
218,1,-0.0249351,-0.29344,1.74351,-0.0609089,0.421247,1.76817
219,1,-0.0253636,-0.292574,1.74229,-0.0609089,0.421247,1.76817
220,1,-0.0245588,-0.292566,1.74204,-0.0609089,0.421247,1.76817
221,1,-0.030615,-0.289233,1.74406,-0.0609089,0.421247,1.76817
222,1,-0.0327255,-0.289103,1.74543,-0.0609089,0.421247,1.76817
223,1,-0.0401267,-0.286495,1.74993,-0.0609089,0.421247,1.76817
224,1,-0.0425215,-0.28588,1.75053,-0.0609089,0.421247,1.76817
225,1,-0.0479849,-0.283992,1.75657,-0.0609089,0.421247,1.76817
226,1,-0.0632108,-0.279173,1.77093,-0.0609089,0.421247,1.76817
227,1,-0.0671122,-0.278186,1.77412,-0.0609089,0.421247,1.76817
228,1,-0.0709563,-0.276833,1.77544,-0.0609089,0.421247,1.76817
229,1,-0.0731126,-0.277445,1.77667,-0.0609089,0.421247,1.76817
230,1,-0.0731279,-0.276401,1.77822,-0.0609089,0.421247,1.76817
231,1,-0.0692397,-0.277376,1.77257,-0.0609089,0.421247,1.76817
232,1,-0.056939,-0.281892,1.76078,-0.0609089,0.421247,1.76817
233,1,-0.0507243,-0.285321,1.75841,-0.0609089,0.421247,1.76817
234,1,-0.0407138,-0.28751,1.74805,-0.0609089,0.421247,1.76817
235,1,-0.0385101,-0.288432,1.7482,-0.0609089,0.421247,1.76817
236,1,-0.0354998,-0.289389,1.7476,-0.0609089,0.421247,1.76817
237,1,-0.0285827,-0.291511,1.74559,-0.0609089,0.421247,1.76817
238,1,-0.0244935,-0.292755,1.7441,-0.0609089,0.421247,1.76817
239,1,-0.0230348,-0.293532,1.74238,-0.0609089,0.421247,1.76817
240,1,-0.0268085,-0.290238,1.7437,-0.0609089,0.421247,1.76817
241,1,-0.0297508,-0.290189,1.745,-0.0609089,0.421247,1.76817
242,1,-0.0298286,-0.289895,1.74395,-0.0609089,0.421247,1.76817
243,1,-0.0386126,-0.287362,1.74855,-0.0609089,0.421247,1.76817
244,1,-0.0449222,-0.285328,1.75394,-0.0609089,0.421247,1.76817
245,1,-0.0538871,-0.284158,1.76225,-0.0609089,0.421247,1.76817
246,1,-0.0638065,-0.279627,1.76957,-0.0609089,0.421247,1.76817
247,1,-0.0644805,-0.279771,1.77081,-0.0609089,0.421247,1.76817
248,1,-0.0712943,-0.278428,1.77693,-0.0609089,0.421247,1.76817
249,1,-0.0698187,-0.278613,1.77582,-0.0609089,0.421247,1.76817
250,1,-0.0657634,-0.279451,1.77151,-0.0609089,0.421247,1.76817
251,1,-0.0571316,-0.281082,1.7633,-0.0609089,0.421247,1.76817
252,1,-0.045501,-0.284074,1.75542,-0.0609089,0.421247,1.76817
253,1,-0.0470682,-0.284674,1.75814,-0.0609089,0.421247,1.76817
254,1,-0.0424105,-0.285769,1.75652,-0.0609089,0.421247,1.76817
255,1,-0.0372367,-0.287297,1.75483,-0.0609089,0.421247,1.76817
256,1,-0.0277739,-0.289563,1.74642,-0.0609089,0.421247,1.76817
257,1,-0.0242878,-0.290558,1.74736,-0.0609089,0.421247,1.76817
258,1,-0.0209767,-0.292049,1.7471,-0.0609089,0.421247,1.76817
259,1,-0.0252301,-0.289265,1.74596,-0.0609089,0.421247,1.76817
260,1,-0.0287323,-0.28843,1.74861,-0.0609089,0.421247,1.76817
261,1,-0.0358112,-0.28714,1.75539,-0.0609089,0.421247,1.76817
262,1,-0.0388409,-0.285676,1.75795,-0.0609089,0.421247,1.76817
263,1,-0.0458014,-0.28358,1.76492,-0.0609089,0.421247,1.76817
264,1,-0.061772,-0.278089,1.77309,-0.0609089,0.421247,1.76817
265,1,-0.0632367,-0.278426,1.777,-0.0609089,0.421247,1.76817
266,1,-0.0664391,-0.276627,1.78,-0.0609089,0.421247,1.76817
267,1,-0.0683718,-0.274881,1.78139,-0.0609089,0.421247,1.76817
268,1,-0.0649898,-0.276595,1.77804,-0.0609089,0.421247,1.76817
269,1,-0.0596601,-0.277449,1.77419,-0.0609089,0.421247,1.76817
270,1,-0.0590299,-0.278171,1.7769,-0.0609089,0.421247,1.76817
271,1,-0.0554694,-0.278817,1.77556,-0.0609089,0.421247,1.76817
272,1,-0.0468165,-0.281154,1.77069,-0.0609089,0.421247,1.76817
273,1,-0.038746,-0.283969,1.76527,-0.0609089,0.421247,1.76817
274,1,-0.0347582,-0.284516,1.76441,-0.0609089,0.421247,1.76817
275,1,-0.0370022,-0.28375,1.76451,-0.0609089,0.421247,1.76817
276,1,-0.0237387,-0.287668,1.75526,-0.0609089,0.421247,1.76817
277,1,-0.0269789,-0.285384,1.75552,-0.0609089,0.421247,1.76817
278,1,-0.0263449,-0.285839,1.75534,-0.0609089,0.421247,1.76817
279,1,-0.0262097,-0.285136,1.75312,-0.0609089,0.421247,1.76817
280,1,-0.0270489,-0.285442,1.75511,-0.0609089,0.421247,1.76817
281,1,-0.0288785,-0.285223,1.75414,-0.0609089,0.421247,1.76817
282,1,-0.0264243,-0.285673,1.75472,-0.0609089,0.421247,1.76817
283,1,-0.0266521,-0.285089,1.75462,-0.0609089,0.421247,1.76817
284,1,-0.0267624,-0.284342,1.75337,-0.0609089,0.421247,1.76817
285,1,-0.0249247,-0.283802,1.75167,-0.0609089,0.421247,1.76817
286,1,-0.0262342,-0.283252,1.74815,-0.0609089,0.421247,1.76817
287,1,-0.0261746,-0.283533,1.74684,-0.0609089,0.421247,1.76817
288,1,-0.0296709,-0.280198,1.74904,-0.0609089,0.421247,1.76817
289,1,-0.0298284,-0.276688,1.74546,-0.0609089,0.421247,1.76817
290,1,-0.0336747,-0.270106,1.74538,-0.0609089,0.421247,1.76817
291,1,-0.0371262,-0.263875,1.74615,-0.0609089,0.421247,1.76817
292,1,-0.0410707,-0.256692,1.74295,-0.0609089,0.421247,1.76817
293,1,-0.0446591,-0.250641,1.73679,-0.0609089,0.421247,1.76817
294,1,-0.0340149,-0.248185,1.72181,-0.0609089,0.421247,1.76817
295,1,-0.0388397,-0.237641,1.71286,-0.0609089,0.421247,1.76817
296,1,-0.0447975,-0.225475,1.70739,-0.0609089,0.421247,1.76817
297,1,-0.0535273,-0.215877,1.70183,-0.0609089,0.421247,1.76817
298,1,-0.0661289,-0.206207,1.69898,-0.0609089,0.421247,1.76817
299,1,-0.0763143,-0.194769,1.6914,-0.0609089,0.421247,1.76817
300,1,-0.0872839,-0.185028,1.68558,-0.0609089,0.421247,1.76817
301,1,-0.096013,-0.174142,1.67399,-0.0609089,0.421247,1.76817
302,1,-0.113811,-0.161733,1.6703,-0.0609089,0.421247,1.76817
303,1,-0.120863,-0.150407,1.6537,-0.0609089,0.421247,1.76817
304,1,-0.140912,-0.136496,1.65302,-0.0609089,0.421247,1.76817
305,1,-0.157759,-0.122578,1.64906,-0.0609089,0.421247,1.76817
306,1,-0.176551,-0.108189,1.64727,-0.0609089,0.421247,1.76817
307,1,-0.193326,-0.0919966,1.63799,-0.0609089,0.421247,1.76817
308,1,-0.211366,-0.0797324,1.63196,-0.0609089,0.421247,1.76817
309,1,-0.227258,-0.0695726,1.6235,-0.0609089,0.421247,1.76817
310,1,-0.248094,-0.0583764,1.61836,-0.0609089,0.421247,1.76817
311,1,-0.265482,-0.0552068,1.60702,-0.0609089,0.421247,1.76817
312,1,-0.284501,-0.0517589,1.61004,-0.0609089,0.421247,1.76817
313,1,-0.304253,-0.0501948,1.60049,-0.0609089,0.421247,1.76817
314,1,-0.327347,-0.04902,1.60725,-0.0609089,0.421247,1.76817
315,1,-0.347286,-0.0539142,1.61451,-0.0609089,0.421247,1.76817
316,1,-0.36656,-0.0557571,1.61498,-0.0609089,0.421247,1.76817
317,1,-0.383765,-0.0608683,1.61207,-0.0609089,0.421247,1.76817
318,1,-0.402005,-0.0663015,1.61712,-0.0609089,0.421247,1.76817
319,1,-0.419352,-0.0740251,1.61798,-0.0609089,0.421247,1.76817
320,1,-0.43483,-0.0863409,1.62157,-0.0609089,0.421247,1.76817
321,1,-0.454765,-0.0978959,1.64677,-0.0609089,0.421247,1.76817
322,1,-0.469605,-0.110637,1.6488,-0.0609089,0.421247,1.76817
323,1,-0.483795,-0.125032,1.66663,-0.0609089,0.421247,1.76817
324,1,-0.492849,-0.142911,1.6656,-0.0609089,0.421247,1.76817
325,1,-0.503436,-0.156497,1.68076,-0.0609089,0.421247,1.76817
326,1,-0.509053,-0.175068,1.68692,-0.0609089,0.421247,1.76817
327,1,-0.515605,-0.190818,1.69241,-0.0609089,0.421247,1.76817
328,1,-0.520033,-0.206428,1.69415,-0.0609089,0.421247,1.76817
329,1,-0.522522,-0.218143,1.68982,-0.0609089,0.421247,1.76817
330,1,-0.529813,-0.228561,1.69839,-0.0609089,0.421247,1.76817
331,1,-0.531466,-0.240351,1.6978,-0.0609089,0.421247,1.76817
332,1,-0.531172,-0.249562,1.6893,-0.0609089,0.421247,1.76817
333,1,-0.534805,-0.255879,1.6975,-0.0609089,0.421247,1.76817
334,1,-0.535313,-0.262401,1.69975,-0.0609089,0.421247,1.76817
335,1,-0.535759,-0.270437,1.70006,-0.0609089,0.421247,1.76817
336,1,-0.532907,-0.274692,1.69475,-0.0609089,0.421247,1.76817
337,1,-0.534795,-0.27872,1.69479,-0.0609089,0.421247,1.76817
338,1,-0.537108,-0.282281,1.69826,-0.0609089,0.421247,1.76817
339,1,-0.538572,-0.285245,1.695,-0.0609089,0.421247,1.76817
340,1,-0.537213,-0.285154,1.69233,-0.0609089,0.421247,1.76817
341,1,-0.53883,-0.285984,1.69659,-0.0609089,0.421247,1.76817
342,1,-0.540609,-0.285871,1.69778,-0.0609089,0.421247,1.76817
343,1,-0.539647,-0.286606,1.69721,-0.0609089,0.421247,1.76817
344,1,-0.539389,-0.286977,1.69674,-0.0609089,0.421247,1.76817
345,1,-0.539882,-0.287899,1.69733,-0.0609089,0.421247,1.76817
346,1,-0.538828,-0.288018,1.69413,-0.0609089,0.421247,1.76817
347,1,-0.540773,-0.288992,1.69849,-0.0609089,0.421247,1.76817
348,1,-0.538761,-0.28715,1.69323,-0.0609089,0.421247,1.76817
349,1,-0.538735,-0.286101,1.69237,-0.0609089,0.421247,1.76817
350,1,-0.539752,-0.287727,1.69569,-0.0609089,0.421247,1.76817
351,1,-0.541515,-0.28936,1.69749,-0.0609089,0.421247,1.76817
352,1,-0.541845,-0.289414,1.69459,-0.0609089,0.421247,1.76817
353,1,-0.541271,-0.288768,1.6958,-0.0609089,0.421247,1.76817
354,1,-0.541261,-0.287652,1.69446,-0.0609089,0.421247,1.76817
355,1,-0.540408,-0.288047,1.69414,-0.0609089,0.421247,1.76817
356,1,-0.54002,-0.287778,1.69251,-0.0609089,0.421247,1.76817
357,1,-0.541122,-0.28894,1.69495,-0.0609089,0.421247,1.76817
358,1,-0.541447,-0.288401,1.6962,-0.0609089,0.421247,1.76817
359,1,-0.541659,-0.288792,1.69627,-0.0609089,0.421247,1.76817
360,1,-0.540359,-0.287996,1.69471,-0.0609089,0.421247,1.76817
361,1,-0.541196,-0.287951,1.69471,-0.0609089,0.421247,1.76817
362,1,-0.541843,-0.288388,1.69703,-0.0609089,0.421247,1.76817
363,1,-0.541033,-0.28774,1.69067,-0.0609089,0.421247,1.76817
364,1,-0.542513,-0.28808,1.69618,-0.0609089,0.421247,1.76817
365,0,-0.543086,-0.28797,1.69422,-0.0609089,0.421247,1.76817
366,0,-0.540306,-0.287882,1.69225,-0.0609089,0.421247,1.76817
367,0,-0.542328,-0.287907,1.69281,-0.0609089,0.421247,1.76817
368,0,-0.5435,-0.288663,1.69673,-0.0609089,0.421247,1.76817
369,0,-0.540851,-0.2875,1.69237,-0.0609089,0.421247,1.76817
370,0,-0.542381,-0.287068,1.69071,-0.0609089,0.421247,1.76817
371,0,-0.539678,-0.287884,1.68951,-0.0609089,0.421247,1.76817
372,0,-0.542881,-0.287839,1.69226,-0.0609089,0.421247,1.76817
373,0,-0.541645,-0.288302,1.69787,-0.0609089,0.421247,1.76817
374,0,-0.543843,-0.289285,1.70276,-0.0609089,0.421247,1.76817
375,0,-0.541987,-0.288494,1.69876,-0.0609089,0.421247,1.76817
376,0,-0.541648,-0.287994,1.6941,-0.0609089,0.421247,1.76817
377,0,-0.539486,-0.287317,1.68956,-0.0609089,0.421247,1.76817
378,0,-0.539525,-0.287912,1.68903,-0.0609089,0.421247,1.76817
379,0,-0.541367,-0.287713,1.69398,-0.0609089,0.421247,1.76817
380,0,-0.54203,-0.287758,1.69145,-0.0609089,0.421247,1.76817
381,0,-0.543738,-0.289231,1.69819,-0.0609089,0.421247,1.76817
382,0,-0.544308,-0.28895,1.69967,-0.0609089,0.421247,1.76817
383,0,-0.541674,-0.288518,1.6952,-0.0609089,0.421247,1.76817
384,0,-0.542433,-0.287542,1.69101,-0.0609089,0.421247,1.76817
385,0,-0.541197,-0.287539,1.68856,-0.0609089,0.421247,1.76817
386,0,-0.54132,-0.28832,1.69418,-0.0609089,0.421247,1.76817
387,0,-0.542113,-0.287597,1.69157,-0.0609089,0.421247,1.76817
388,0,-0.542142,-0.289939,1.69966,-0.0609089,0.421247,1.76817
389,0,-0.539987,-0.288246,1.69314,-0.0609089,0.421247,1.76817
390,0,-0.542046,-0.287802,1.69189,-0.0609089,0.421247,1.76817
391,0,-0.539517,-0.287321,1.68862,-0.0609089,0.421247,1.76817
392,0,-0.538736,-0.286518,1.67937,-0.0609089,0.421247,1.76817
393,0,-0.540556,-0.287349,1.685,-0.0609089,0.421247,1.76817
394,0,-0.537753,-0.287033,1.68358,-0.0609089,0.421247,1.76817
395,0,-0.54046,-0.287217,1.69342,-0.0609089,0.421247,1.76817
396,0,-0.539256,-0.287275,1.68951,-0.0609089,0.421247,1.76817
397,0,-0.538373,-0.288373,1.68294,-0.0609089,0.421247,1.76817
398,0,-0.53585,-0.286558,1.67638,-0.0609089,0.421247,1.76817
399,0,-0.537378,-0.286805,1.68076,-0.0609089,0.421247,1.76817
400,0,-0.539099,-0.288106,1.68559,-0.0609089,0.421247,1.76817
401,0,-0.541647,-0.287627,1.68511,-0.0609089,0.421247,1.76817
402,0,-0.540865,-0.28718,1.68851,-0.0609089,0.421247,1.76817
403,0,-0.538871,-0.286664,1.68719,-0.0609089,0.421247,1.76817
404,0,-0.538971,-0.287248,1.68663,-0.0609089,0.421247,1.76817
405,0,-0.538594,-0.287708,1.68233,-0.0609089,0.421247,1.76817
406,0,-0.539754,-0.287305,1.68183,-0.0609089,0.421247,1.76817
407,0,-0.538128,-0.28692,1.68347,-0.0609089,0.421247,1.76817
408,0,-0.538314,-0.286563,1.68664,-0.0609089,0.421247,1.76817
409,0,-0.539317,-0.287437,1.68929,-0.0609089,0.421247,1.76817
410,0,-0.53969,-0.286894,1.68312,-0.0609089,0.421247,1.76817
411,0,-0.538241,-0.287596,1.68437,-0.0609089,0.421247,1.76817
412,0,-0.53968,-0.286311,1.682,-0.0609089,0.421247,1.76817
413,0,-0.537152,-0.286974,1.68181,-0.0609089,0.421247,1.76817
414,0,-0.537134,-0.286404,1.68089,-0.0609089,0.421247,1.76817
415,0,-0.538868,-0.286076,1.68104,-0.0609089,0.421247,1.76817
416,0,-0.539784,-0.287414,1.69095,-0.0609089,0.421247,1.76817
417,0,-0.53862,-0.287021,1.68664,-0.0609089,0.421247,1.76817
418,0,-0.54106,-0.287747,1.68351,-0.0609089,0.421247,1.76817
419,0,-0.53872,-0.286212,1.6856,-0.0609089,0.421247,1.76817
420,0,-0.537528,-0.287001,1.68279,-0.0609089,0.421247,1.76817
421,0,-0.538959,-0.286396,1.68642,-0.0609089,0.421247,1.76817
422,0,-0.540083,-0.286652,1.68494,-0.0609089,0.421247,1.76817
423,0,-0.539753,-0.287148,1.68942,-0.0609089,0.421247,1.76817
424,0,-0.539181,-0.287606,1.68693,-0.0609089,0.421247,1.76817
425,0,-0.540599,-0.286472,1.6848,-0.0609089,0.421247,1.76817
426,0,-0.538645,-0.286064,1.68517,-0.0609089,0.421247,1.76817
427,0,-0.537684,-0.286347,1.6843,-0.0609089,0.421247,1.76817
428,0,-0.537685,-0.287414,1.6831,-0.0609089,0.421247,1.76817
429,0,-0.538784,-0.28662,1.68629,-0.0609089,0.421247,1.76817
430,0,-0.538513,-0.286769,1.68596,-0.0609089,0.421247,1.76817
431,0,-0.539503,-0.28689,1.68749,-0.0609089,0.421247,1.76817
433,0,-0.538148,-0.286705,1.68363,-0.0609089,0.421247,1.76817
434,0,-0.540459,-0.287189,1.68232,-0.0609089,0.421247,1.76817
435,0,-0.538402,-0.286978,1.68489,-0.0609089,0.421247,1.76817
437,0,-0.540411,-0.286836,1.68529,-0.0609089,0.421247,1.76817
438,0,-0.538559,-0.286709,1.68537,-0.0609089,0.421247,1.76817
439,0,-0.538277,-0.288026,1.68525,-0.0609089,0.421247,1.76817
440,0,-0.538646,-0.285966,1.68118,-0.0609089,0.421247,1.76817
441,0,-0.538244,-0.286654,1.68308,-0.0609089,0.421247,1.76817
442,0,-0.539088,-0.286007,1.68119,-0.0609089,0.421247,1.76817
443,0,-0.539915,-0.286596,1.68415,-0.0609089,0.421247,1.76817
444,0,-0.539064,-0.287002,1.68633,-0.0609089,0.421247,1.76817
445,0,-0.538376,-0.286604,1.68505,-0.0609089,0.421247,1.76817
446,0,-0.538032,-0.286357,1.68482,-0.0609089,0.421247,1.76817
447,0,-0.538037,-0.286425,1.68238,-0.0609089,0.421247,1.76817
448,0,-0.540542,-0.287618,1.68034,-0.0609089,0.421247,1.76817
449,0,-0.539429,-0.286335,1.68212,-0.0609089,0.421247,1.76817
450,0,-0.538927,-0.287087,1.68737,-0.0609089,0.421247,1.76817
451,0,-0.538099,-0.286007,1.68461,-0.0609089,0.421247,1.76817
452,0,-0.538083,-0.286514,1.68629,-0.0609089,0.421247,1.76817
453,0,-0.536826,-0.286199,1.6822,-0.0609089,0.421247,1.76817
454,0,-0.539743,-0.286915,1.68303,-0.0609089,0.421247,1.76817
455,0,-0.539466,-0.286858,1.68315,-0.0609089,0.421247,1.76817
456,0,-0.53816,-0.286867,1.68385,-0.0609089,0.421247,1.76817
457,0,-0.539173,-0.28681,1.68744,-0.0609089,0.421247,1.76817
458,0,-0.53979,-0.286365,1.68381,-0.0609089,0.421247,1.76817
459,0,-0.539115,-0.287101,1.68608,-0.0609089,0.421247,1.76817
460,0,-0.539066,-0.285877,1.68197,-0.0609089,0.421247,1.76817
461,0,-0.537629,-0.28675,1.68377,-0.0609089,0.421247,1.76817
462,0,-0.540041,-0.286401,1.68384,-0.0609089,0.421247,1.76817
463,0,-0.538169,-0.286501,1.68438,-0.0609089,0.421247,1.76817
464,0,-0.540228,-0.286564,1.68451,-0.0609089,0.421247,1.76817
465,0,-0.538752,-0.287032,1.68743,-0.0609089,0.421247,1.76817
466,0,-0.539662,-0.286903,1.68823,-0.0609089,0.421247,1.76817
467,0,-0.537915,-0.287504,1.68455,-0.0609089,0.421247,1.76817
468,0,-0.538565,-0.28639,1.68518,-0.0609089,0.421247,1.76817
469,0,-0.538299,-0.286719,1.68501,-0.0609089,0.421247,1.76817
470,0,-0.538544,-0.286889,1.68465,-0.0609089,0.421247,1.76817
471,0,-0.540594,-0.287385,1.68595,-0.0609089,0.421247,1.76817
472,0,-0.539091,-0.286673,1.68746,-0.0609089,0.421247,1.76817
473,0,-0.538415,-0.286509,1.68556,-0.0609089,0.421247,1.76817
474,0,-0.538103,-0.286347,1.68272,-0.0609089,0.421247,1.76817
475,0,-0.537924,-0.285792,1.68471,-0.0609089,0.421247,1.76817
476,1,-0.535876,-0.285842,1.68075,-0.0609089,0.421247,1.76817
477,1,-0.538783,-0.286152,1.68729,-0.0609089,0.421247,1.76817
478,1,-0.539206,-0.286921,1.68974,-0.0609089,0.421247,1.76817
479,1,-0.539857,-0.286838,1.68994,-0.0609089,0.421247,1.76817
480,1,-0.540844,-0.286972,1.69131,-0.0609089,0.421247,1.76817
481,1,-0.538882,-0.287034,1.68335,-0.0609089,0.421247,1.76817
482,1,-0.538355,-0.286292,1.68356,-0.0609089,0.421247,1.76817
483,1,-0.539897,-0.28631,1.69176,-0.0609089,0.421247,1.76817
484,1,-0.539978,-0.286722,1.69005,-0.0609089,0.421247,1.76817
485,1,-0.538525,-0.286556,1.68607,-0.0609089,0.421247,1.76817
486,1,-0.540483,-0.286748,1.6902,-0.0609089,0.421247,1.76817
487,1,-0.538652,-0.286241,1.68348,-0.0609089,0.421247,1.76817
488,1,-0.539742,-0.285942,1.68749,-0.0609089,0.421247,1.76817
489,1,-0.539851,-0.286895,1.68662,-0.0609089,0.421247,1.76817
490,1,-0.539714,-0.286505,1.68943,-0.0609089,0.421247,1.76817
491,1,-0.541922,-0.286575,1.69429,-0.0609089,0.421247,1.76817
492,1,-0.541941,-0.286603,1.69104,-0.0609089,0.421247,1.76817
493,1,-0.540529,-0.286822,1.68856,-0.0609089,0.421247,1.76817
494,1,-0.541843,-0.286959,1.69448,-0.0609089,0.421247,1.76817
495,1,-0.540816,-0.286822,1.68943,-0.0609089,0.421247,1.76817
496,1,-0.540532,-0.28705,1.68952,-0.0609089,0.421247,1.76817
497,1,-0.541278,-0.287055,1.6917,-0.0609089,0.421247,1.76817
498,1,-0.539889,-0.285321,1.68973,-0.0609089,0.421247,1.76817
499,1,-0.54128,-0.286656,1.69289,-0.0609089,0.421247,1.76817
500,1,-0.541715,-0.287147,1.68866,-0.0609089,0.421247,1.76817
501,1,-0.541045,-0.287091,1.69202,-0.0609089,0.421247,1.76817
502,1,-0.5373,-0.286396,1.68114,-0.0609089,0.421247,1.76817
503,1,-0.53872,-0.286575,1.68312,-0.0609089,0.421247,1.76817
504,1,-0.542097,-0.287626,1.69492,-0.0609089,0.421247,1.76817
505,1,-0.541769,-0.287131,1.69224,-0.0609089,0.421247,1.76817
506,1,-0.542023,-0.286382,1.69576,-0.0609089,0.421247,1.76817
507,1,-0.540977,-0.287085,1.69119,-0.0609089,0.421247,1.76817
508,1,-0.540066,-0.287578,1.68785,-0.0609089,0.421247,1.76817
509,1,-0.542039,-0.28724,1.69501,-0.0609089,0.421247,1.76817
510,1,-0.539088,-0.287423,1.68667,-0.0609089,0.421247,1.76817
511,1,-0.540422,-0.286607,1.68922,-0.0609089,0.421247,1.76817
512,1,-0.539613,-0.2856,1.68884,-0.0609089,0.421247,1.76817
513,1,-0.538713,-0.287006,1.68695,-0.0609089,0.421247,1.76817
514,1,-0.539743,-0.287404,1.6888,-0.0609089,0.421247,1.76817
515,1,-0.54001,-0.287596,1.68996,-0.0609089,0.421247,1.76817
516,1,-0.539839,-0.287205,1.6891,-0.0609089,0.421247,1.76817
517,1,-0.541578,-0.286303,1.69228,-0.0609089,0.421247,1.76817
518,1,-0.541831,-0.287639,1.69194,-0.0609089,0.421247,1.76817
519,1,-0.542062,-0.28705,1.69303,-0.0609089,0.421247,1.76817
520,1,-0.538214,-0.287164,1.68469,-0.0609089,0.421247,1.76817
521,1,-0.541361,-0.286228,1.6924,-0.0609089,0.421247,1.76817
522,1,-0.542117,-0.287089,1.69305,-0.0609089,0.421247,1.76817
523,1,-0.54128,-0.286907,1.69224,-0.0609089,0.421247,1.76817
524,1,-0.541418,-0.286767,1.6893,-0.0609089,0.421247,1.76817
525,1,-0.54085,-0.286591,1.68985,-0.0609089,0.421247,1.76817
526,1,-0.541203,-0.286451,1.68957,-0.0609089,0.421247,1.76817
527,1,-0.539657,-0.287233,1.68449,-0.0609089,0.421247,1.76817
528,1,-0.539437,-0.287016,1.68541,-0.0609089,0.421247,1.76817
529,1,-0.539894,-0.287158,1.68489,-0.0609089,0.421247,1.76817
530,1,-0.541833,-0.28574,1.69074,-0.0609089,0.421247,1.76817
531,1,-0.540368,-0.285618,1.68175,-0.0609089,0.421247,1.76817
532,1,-0.543061,-0.281818,1.684,-0.0609089,0.421247,1.76817
533,1,-0.543693,-0.277314,1.68164,-0.0609089,0.421247,1.76817
534,1,-0.5447,-0.270674,1.68464,-0.0609089,0.421247,1.76817
535,1,-0.545057,-0.268511,1.67774,-0.0609089,0.421247,1.76817
537,1,-0.541077,-0.254088,1.67032,-0.0609089,0.421247,1.76817
538,1,-0.53844,-0.244419,1.67271,-0.0609089,0.421247,1.76817
539,1,-0.535049,-0.234492,1.66915,-0.0609089,0.421247,1.76817
540,1,-0.527993,-0.224277,1.65983,-0.0609089,0.421247,1.76817
541,1,-0.52537,-0.21124,1.66172,-0.0609089,0.421247,1.76817
542,1,-0.517118,-0.198491,1.65173,-0.0609089,0.421247,1.76817
543,1,-0.511109,-0.186426,1.64809,-0.0609089,0.421247,1.76817
544,1,-0.501957,-0.171813,1.64054,-0.0609089,0.421247,1.76817
545,1,-0.494571,-0.159745,1.6361,-0.0609089,0.421247,1.76817
546,1,-0.485664,-0.147066,1.63001,-0.0609089,0.421247,1.76817
547,1,-0.471796,-0.131839,1.62186,-0.0609089,0.421247,1.76817
548,1,-0.461333,-0.121056,1.61394,-0.0609089,0.421247,1.76817
549,1,-0.449945,-0.111954,1.6088,-0.0609089,0.421247,1.76817
550,1,-0.43709,-0.103545,1.61047,-0.0609089,0.421247,1.76817
551,1,-0.42128,-0.0955835,1.60189,-0.0609089,0.421247,1.76817
552,1,-0.404076,-0.0903085,1.59134,-0.0609089,0.421247,1.76817
553,1,-0.384184,-0.0868457,1.57838,-0.0609089,0.421247,1.76817
554,1,-0.366122,-0.0800681,1.58441,-0.0609089,0.421247,1.76817
555,1,-0.343956,-0.0775726,1.57738,-0.0609089,0.421247,1.76817
556,1,-0.322001,-0.0754594,1.56484,-0.0609089,0.421247,1.76817
557,1,-0.298241,-0.0741903,1.57271,-0.0609089,0.421247,1.76817
558,1,-0.271468,-0.0745976,1.58008,-0.0609089,0.421247,1.76817
559,1,-0.239175,-0.0735703,1.57595,-0.0609089,0.421247,1.76817
560,1,-0.207947,-0.0737716,1.58036,-0.0609089,0.421247,1.76817
561,1,-0.176128,-0.0742219,1.58286,-0.0609089,0.421247,1.76817
562,1,-0.144853,-0.079034,1.59905,-0.0609089,0.421247,1.76817
563,1,-0.109817,-0.0770267,1.6017,-0.0609089,0.421247,1.76817
564,1,-0.075104,-0.0773393,1.60591,-0.0609089,0.421247,1.76817
565,1,-0.0401443,-0.0856737,1.60083,-0.0609089,0.421247,1.76817
566,1,-0.0103495,-0.0874398,1.61325,-0.0609089,0.421247,1.76817
567,1,0.0275612,-0.0931209,1.61275,-0.0609089,0.421247,1.76817
568,1,0.063297,-0.0980066,1.61141,-0.0609089,0.421247,1.76817
569,1,0.0943179,-0.101829,1.62198,-0.0609089,0.421247,1.76817
570,1,0.124917,-0.102772,1.632,-0.0609089,0.421247,1.76817
571,1,0.145533,-0.107831,1.6513,-0.0609089,0.421247,1.76817
572,1,0.179711,-0.113392,1.66043,-0.0609089,0.421247,1.76817
573,1,0.211526,-0.11798,1.66622,-0.0609089,0.421247,1.76817
574,1,0.221137,-0.120793,1.68893,-0.0609089,0.421247,1.76817
575,1,0.250996,-0.128532,1.69363,-0.0609089,0.421247,1.76817
576,1,0.278915,-0.133519,1.70239,-0.0609089,0.421247,1.76817
577,1,0.294439,-0.139263,1.71765,-0.0609089,0.421247,1.76817
578,1,0.305673,-0.143921,1.73267,-0.0609089,0.421247,1.76817
579,1,0.340742,-0.152046,1.73237,-0.0609089,0.421247,1.76817
580,1,0.342214,-0.155196,1.74432,-0.0609089,0.421247,1.76817
581,1,0.361786,-0.162146,1.74952,-0.0609089,0.421247,1.76817
582,1,0.361973,-0.166635,1.76071,-0.0609089,0.421247,1.76817
583,1,0.392373,-0.172625,1.75437,-0.0609089,0.421247,1.76817
584,1,0.389078,-0.177618,1.76481,-0.0609089,0.421247,1.76817
585,1,0.396008,-0.181752,1.77598,-0.0609089,0.421247,1.76817
586,1,0.403319,-0.186936,1.77692,-0.0609089,0.421247,1.76817
587,1,0.406504,-0.192374,1.78329,-0.0609089,0.421247,1.76817
588,1,0.415693,-0.19687,1.78555,-0.0609089,0.421247,1.76817
589,1,0.413318,-0.199484,1.79204,-0.0609089,0.421247,1.76817
590,1,0.421735,-0.203695,1.78781,-0.0609089,0.421247,1.76817
591,1,0.405967,-0.203563,1.81,-0.0609089,0.421247,1.76817
592,1,0.420989,-0.209537,1.796,-0.0609089,0.421247,1.76817
593,1,0.417341,-0.212416,1.8006,-0.0609089,0.421247,1.76817
594,1,0.419422,-0.21567,1.80439,-0.0609089,0.421247,1.76817
595,1,0.427413,-0.21964,1.80189,-0.0609089,0.421247,1.76817
596,1,0.42509,-0.220226,1.80119,-0.0609089,0.421247,1.76817
597,1,0.424363,-0.219913,1.8032,-0.0609089,0.421247,1.76817
598,1,0.429849,-0.222777,1.80271,-0.0609089,0.421247,1.76817
599,1,0.428686,-0.222919,1.80122,-0.0609089,0.421247,1.76817
600,1,0.42339,-0.222123,1.80027,-0.0609089,0.421247,1.76817
601,1,0.426955,-0.222547,1.8026,-0.0609089,0.421247,1.76817
602,1,0.423514,-0.221877,1.80167,-0.0609089,0.421247,1.76817
603,1,0.42569,-0.221939,1.80102,-0.0609089,0.421247,1.76817
604,1,0.429061,-0.222548,1.79929,-0.0609089,0.421247,1.76817
605,1,0.426423,-0.222301,1.802,-0.0609089,0.421247,1.76817
606,1,0.426552,-0.22205,1.80107,-0.0609089,0.421247,1.76817
607,1,0.429999,-0.221803,1.80392,-0.0609089,0.421247,1.76817
608,1,0.428135,-0.221881,1.79928,-0.0609089,0.421247,1.76817
609,1,0.430805,-0.222309,1.79932,-0.0609089,0.421247,1.76817
610,1,0.427826,-0.222042,1.80152,-0.0609089,0.421247,1.76817
611,1,0.429841,-0.222566,1.79925,-0.0609089,0.421247,1.76817
612,1,0.422083,-0.221293,1.80149,-0.0609089,0.421247,1.76817
613,1,0.431013,-0.22233,1.80117,-0.0609089,0.421247,1.76817
614,1,0.423184,-0.220998,1.80871,-0.0609089,0.421247,1.76817
615,1,0.430135,-0.222862,1.80084,-0.0609089,0.421247,1.76817
616,1,0.429161,-0.22246,1.80233,-0.0609089,0.421247,1.76817
617,1,0.420197,-0.220653,1.80107,-0.0609089,0.421247,1.76817
618,1,0.422002,-0.221577,1.80086,-0.0609089,0.421247,1.76817
619,1,0.425744,-0.221131,1.80279,-0.0609089,0.421247,1.76817
620,1,0.425392,-0.222129,1.80148,-0.0609089,0.421247,1.76817
621,1,0.416871,-0.219753,1.80637,-0.0609089,0.421247,1.76817
622,1,0.424929,-0.22203,1.80212,-0.0609089,0.421247,1.76817
623,1,0.423528,-0.221592,1.80162,-0.0609089,0.421247,1.76817
624,1,0.416447,-0.219584,1.80248,-0.0609089,0.421247,1.76817
625,0,0.423655,-0.221362,1.80093,-0.0609089,0.421247,1.76817
626,0,0.420346,-0.22124,1.80576,-0.0609089,0.421247,1.76817
627,0,0.426035,-0.222059,1.79893,-0.0609089,0.421247,1.76817
628,0,0.428932,-0.222923,1.79972,-0.0609089,0.421247,1.76817
629,0,0.427849,-0.222228,1.79943,-0.0609089,0.421247,1.76817
630,0,0.428563,-0.22237,1.80047,-0.0609089,0.421247,1.76817
631,0,0.422448,-0.22176,1.80335,-0.0609089,0.421247,1.76817
632,0,0.42384,-0.221597,1.80532,-0.0609089,0.421247,1.76817
633,0,0.422192,-0.221075,1.80479,-0.0609089,0.421247,1.76817
634,0,0.42619,-0.221634,1.80591,-0.0609089,0.421247,1.76817
635,0,0.42145,-0.221577,1.80534,-0.0609089,0.421247,1.76817
636,0,0.421707,-0.22128,1.80482,-0.0609089,0.421247,1.76817
637,0,0.42836,-0.222482,1.8019,-0.0609089,0.421247,1.76817
638,0,0.423274,-0.221825,1.80604,-0.0609089,0.421247,1.76817
639,0,0.426075,-0.222473,1.80563,-0.0609089,0.421247,1.76817
640,0,0.424715,-0.22149,1.80346,-0.0609089,0.421247,1.76817
641,0,0.423753,-0.221752,1.80661,-0.0609089,0.421247,1.76817
642,0,0.419101,-0.221458,1.80645,-0.0609089,0.421247,1.76817
643,0,0.422935,-0.221219,1.80334,-0.0609089,0.421247,1.76817
644,0,0.424334,-0.222429,1.80071,-0.0609089,0.421247,1.76817
645,0,0.426482,-0.222558,1.80243,-0.0609089,0.421247,1.76817
646,0,0.4281,-0.222805,1.80209,-0.0609089,0.421247,1.76817
647,0,0.428961,-0.222806,1.80192,-0.0609089,0.421247,1.76817
648,0,0.4267,-0.222134,1.80004,-0.0609089,0.421247,1.76817
649,0,0.42545,-0.222321,1.80092,-0.0609089,0.421247,1.76817
650,0,0.42425,-0.222116,1.80164,-0.0609089,0.421247,1.76817
651,0,0.426283,-0.222322,1.80186,-0.0609089,0.421247,1.76817
652,0,0.429917,-0.22255,1.79885,-0.0609089,0.421247,1.76817
653,0,0.427103,-0.222765,1.80228,-0.0609089,0.421247,1.76817
654,0,0.429791,-0.222743,1.79959,-0.0609089,0.421247,1.76817
655,0,0.425785,-0.222237,1.80061,-0.0609089,0.421247,1.76817
656,0,0.426118,-0.22262,1.80116,-0.0609089,0.421247,1.76817
657,0,0.422904,-0.221566,1.80315,-0.0609089,0.421247,1.76817
658,0,0.416752,-0.220532,1.8083,-0.0609089,0.421247,1.76817
659,0,0.424996,-0.222095,1.80141,-0.0609089,0.421247,1.76817
660,0,0.427564,-0.222627,1.80114,-0.0609089,0.421247,1.76817
661,0,0.422992,-0.221191,1.80118,-0.0609089,0.421247,1.76817
662,0,0.426103,-0.222608,1.79961,-0.0609089,0.421247,1.76817
663,0,0.42812,-0.222575,1.79831,-0.0609089,0.421247,1.76817
664,0,0.42884,-0.222008,1.79834,-0.0609089,0.421247,1.76817
665,0,0.42256,-0.221648,1.80333,-0.0609089,0.421247,1.76817
666,0,0.425506,-0.222512,1.79945,-0.0609089,0.421247,1.76817
667,0,0.426312,-0.222483,1.80083,-0.0609089,0.421247,1.76817
668,0,0.426026,-0.222678,1.80014,-0.0609089,0.421247,1.76817
669,0,0.424199,-0.222565,1.80158,-0.0609089,0.421247,1.76817
670,0,0.427974,-0.222765,1.8001,-0.0609089,0.421247,1.76817
671,0,0.42707,-0.222552,1.80006,-0.0609089,0.421247,1.76817
672,0,0.428456,-0.222861,1.79857,-0.0609089,0.421247,1.76817
673,0,0.42617,-0.222639,1.8014,-0.0609089,0.421247,1.76817
674,0,0.427046,-0.222819,1.80152,-0.0609089,0.421247,1.76817
675,0,0.426461,-0.222412,1.80232,-0.0609089,0.421247,1.76817
676,0,0.424327,-0.222432,1.80123,-0.0609089,0.421247,1.76817
677,0,0.424691,-0.222318,1.80017,-0.0609089,0.421247,1.76817
678,0,0.426422,-0.222356,1.79977,-0.0609089,0.421247,1.76817
679,0,0.429175,-0.222192,1.79903,-0.0609089,0.421247,1.76817
680,0,0.426204,-0.222369,1.80087,-0.0609089,0.421247,1.76817
681,0,0.427987,-0.222685,1.80179,-0.0609089,0.421247,1.76817
682,0,0.423823,-0.222269,1.80041,-0.0609089,0.421247,1.76817
683,0,0.426082,-0.222318,1.79956,-0.0609089,0.421247,1.76817
684,0,0.415804,-0.220631,1.80713,-0.0609089,0.421247,1.76817
685,0,0.424801,-0.222577,1.80083,-0.0609089,0.421247,1.76817
686,0,0.425145,-0.222336,1.80026,-0.0609089,0.421247,1.76817
687,0,0.427449,-0.222921,1.80184,-0.0609089,0.421247,1.76817
688,0,0.426308,-0.222608,1.80087,-0.0609089,0.421247,1.76817
689,0,0.42259,-0.220823,1.80345,-0.0609089,0.421247,1.76817
690,0,0.426777,-0.222435,1.80085,-0.0609089,0.421247,1.76817
691,0,0.425638,-0.22254,1.80196,-0.0609089,0.421247,1.76817
692,0,0.42432,-0.221992,1.80219,-0.0609089,0.421247,1.76817
693,0,0.427109,-0.222742,1.80216,-0.0609089,0.421247,1.76817
694,0,0.429554,-0.222928,1.80275,-0.0609089,0.421247,1.76817
695,0,0.427526,-0.222776,1.80205,-0.0609089,0.421247,1.76817
696,0,0.427361,-0.222828,1.80337,-0.0609089,0.421247,1.76817
697,0,0.426594,-0.222971,1.80182,-0.0609089,0.421247,1.76817
698,0,0.427801,-0.223028,1.80085,-0.0609089,0.421247,1.76817
699,0,0.425721,-0.222667,1.80283,-0.0609089,0.421247,1.76817
700,0,0.425636,-0.222639,1.80111,-0.0609089,0.421247,1.76817
701,0,0.426336,-0.22291,1.80155,-0.0609089,0.421247,1.76817
702,0,0.428196,-0.222753,1.80161,-0.0609089,0.421247,1.76817
703,0,0.427195,-0.222905,1.80083,-0.0609089,0.421247,1.76817
704,0,0.428385,-0.222672,1.80181,-0.0609089,0.421247,1.76817
705,0,0.427446,-0.222673,1.80106,-0.0609089,0.421247,1.76817
706,0,0.42831,-0.222608,1.8009,-0.0609089,0.421247,1.76817
707,0,0.426657,-0.222666,1.80158,-0.0609089,0.421247,1.76817
708,0,0.420559,-0.220928,1.80672,-0.0609089,0.421247,1.76817
709,0,0.427272,-0.222515,1.80105,-0.0609089,0.421247,1.76817
710,0,0.426077,-0.222609,1.80214,-0.0609089,0.421247,1.76817
711,0,0.427508,-0.222992,1.80091,-0.0609089,0.421247,1.76817
712,0,0.428031,-0.22289,1.80168,-0.0609089,0.421247,1.76817
713,0,0.426162,-0.222704,1.80139,-0.0609089,0.421247,1.76817
714,0,0.426774,-0.222703,1.80246,-0.0609089,0.421247,1.76817
715,0,0.427595,-0.222548,1.80215,-0.0609089,0.421247,1.76817
716,0,0.428133,-0.222604,1.80251,-0.0609089,0.421247,1.76817
717,0,0.42713,-0.222646,1.80221,-0.0609089,0.421247,1.76817
718,0,0.423455,-0.222286,1.80654,-0.0609089,0.421247,1.76817
719,0,0.427326,-0.223075,1.80246,-0.0609089,0.421247,1.76817
720,0,0.425981,-0.223038,1.80186,-0.0609089,0.421247,1.76817
721,0,0.426986,-0.222751,1.80191,-0.0609089,0.421247,1.76817
722,0,0.427533,-0.222721,1.80206,-0.0609089,0.421247,1.76817
723,0,0.429951,-0.222677,1.80077,-0.0609089,0.421247,1.76817
724,0,0.427133,-0.222834,1.80136,-0.0609089,0.421247,1.76817
725,0,0.423356,-0.221732,1.80465,-0.0609089,0.421247,1.76817
726,0,0.42827,-0.222795,1.8011,-0.0609089,0.421247,1.76817
727,0,0.426045,-0.222797,1.80153,-0.0609089,0.421247,1.76817
728,0,0.428303,-0.223085,1.80386,-0.0609089,0.421247,1.76817
729,0,0.421665,-0.22162,1.80677,-0.0609089,0.421247,1.76817
730,0,0.42442,-0.222349,1.80224,-0.0609089,0.421247,1.76817
731,0,0.427804,-0.222614,1.80269,-0.0609089,0.421247,1.76817
732,0,0.42654,-0.222634,1.8016,-0.0609089,0.421247,1.76817
733,0,0.423397,-0.22201,1.80511,-0.0609089,0.421247,1.76817
734,0,0.42898,-0.222838,1.80189,-0.0609089,0.421247,1.76817
735,0,0.421753,-0.221926,1.80652,-0.0609089,0.421247,1.76817
736,0,0.426044,-0.222682,1.80031,-0.0609089,0.421247,1.76817
737,0,0.427388,-0.222835,1.80089,-0.0609089,0.421247,1.76817
738,0,0.427641,-0.222752,1.80224,-0.0609089,0.421247,1.76817
739,0,0.432813,-0.223324,1.7967,-0.0609089,0.421247,1.76817
740,0,0.426707,-0.222537,1.80119,-0.0609089,0.421247,1.76817
741,0,0.427954,-0.222688,1.80142,-0.0609089,0.421247,1.76817
742,0,0.422343,-0.221559,1.8041,-0.0609089,0.421247,1.76817
743,0,0.426554,-0.22263,1.80166,-0.0609089,0.421247,1.76817
744,0,0.420141,-0.22169,1.80706,-0.0609089,0.421247,1.76817
745,0,0.42641,-0.222586,1.80243,-0.0609089,0.421247,1.76817
746,0,0.423964,-0.222087,1.80365,-0.0609089,0.421247,1.76817
