Locations,3
Location Intervals,20
Sector Intervals,36
Edge,0,Number,0
0,0,0,0,0,0,0,0,0,0,0,0,0,0,0,0,0,0,0,0,0,0,0,0,0,0,0,0,0,0,0,0,0,0,0,0,0,0,0,0,0,0,0,0,0,0,0,0,0,0,0,0,0,0,0,0,0,0,0,0
Edge,1,Number,0
-0.495098,-0.371682,-0.785322,-0.0954396,-0.875189,-0.474273,0.189757,-0.97056,-0.14834,0.30117,-0.95304,0.0317984,0.341257,-0.929952,0.136865,0.352165,-0.912256,0.209209,0.347941,-0.899585,0.263977,0.335269,-0.889721,0.309826,0.317105,-0.881352,0.350234,0.295115,-0.873384,0.387438,0.270233,-0.864976,0.422837,0.243128,-0.855499,0.457177,0.214127,-0.84422,0.491369,0.184197,-0.830443,0.525773,0.153748,-0.813003,0.561594,0.124067,-0.789755,0.600744,0.0982526,-0.755993,0.647164,0.0854047,-0.698118,0.71087,0.126992,-0.546266,0.827929,0.511902,0.456193,0.727904
Edge,2,Number,0
0.595412,0,-0.795569,0.595412,0,-0.795569,0.595412,0,-0.795569,0.595412,0,-0.795569,0.595412,0,-0.795569,0.595412,0,-0.795569,0.595412,0,-0.795569,0.595412,0,-0.795569,0.595412,0,-0.795569,0.595412,0,-0.795569,0.595412,0,-0.795569,0.595412,0,-0.795569,0.595412,0,-0.795569,0.595412,0,-0.795569,0.595412,0,-0.795569,0.595412,0,-0.795569,0.595412,0,-0.795569,0.595412,0,-0.795569,0.595412,0,-0.795569,0.595412,0,-0.795569
Edge,3,Number,0
-0.599656,0,-0.800196,-0.599656,0,-0.800196,-0.599656,0,-0.800196,-0.599656,0,-0.800196,-0.599656,0,-0.800196,-0.599656,0,-0.800196,-0.599656,0,-0.800196,-0.599656,0,-0.800196,-0.599656,0,-0.800196,-0.599656,0,-0.800196,-0.599656,0,-0.800196,-0.599656,0,-0.800196,-0.599656,0,-0.800196,-0.599656,0,-0.800196,-0.599656,0,-0.800196,-0.599656,0,-0.800196,-0.599656,0,-0.800196,-0.599656,0,-0.800196,-0.599656,0,-0.800196,-0.599656,0,-0.800196
Edge,4,Number,0
-0.306836,-0.771272,-0.557666,-0.355401,-0.713143,-0.604249,-0.458966,-0.635235,-0.62115,-0.604011,-0.514476,-0.608675,-0.734575,-0.352836,-0.579575,-0.82356,-0.182058,-0.537218,-0.874103,-0.0246163,-0.485116,-0.896141,0.115789,-0.428398,-0.903574,0.241524,-0.353866,-0.897232,0.425808,-0.116885,-0.82276,0.563084,0.0774758,-0.767948,0.622123,0.152377,-0.214266,0.748686,0.627343,-0.03003,0.752747,0.657624,0.111554,0.738686,0.664755,0.186482,0.717251,0.671399,0.241171,0.688429,0.684033,0.296843,0.647235,0.702119,0.376332,0.583247,0.719859,0.555995,0.466133,0.688178
Edge,5,Number,0
0.135032,-0.342377,0.929809,-0.326855,-0.410319,0.851354,-0.217955,-0.496032,0.840504,-0.13819,-0.543459,0.827983,-0.0704862,-0.574271,0.815626,-0.0109819,-0.595751,0.803094,0.0420929,-0.611456,0.790158,0.0894733,-0.623297,0.77685,0.132436,-0.632842,0.762871,0.171405,-0.640883,0.748258,0.207004,-0.648224,0.732772,0.239937,-0.65567,0.71591,0.270526,-0.663754,0.697314,0.29931,-0.673553,0.675826,0.326794,-0.685871,0.65022,0.353539,-0.702285,0.617904,0.380431,-0.725266,0.573813,0.408983,-0.758059,0.508015,0.444905,-0.80317,0.396204,0.529138,-0.834149,0.155587
Edge,6,Number,0
-0.595412,0,0.795569,-0.595412,0,0.795569,-0.595412,0,0.795569,-0.595412,0,0.795569,-0.595412,0,0.795569,-0.595412,0,0.795569,-0.595412,0,0.795569,-0.595412,0,0.795569,-0.595412,0,0.795569,-0.595412,0,0.795569,-0.595412,0,0.795569,-0.595412,0,0.795569,-0.595412,0,0.795569,-0.595412,0,0.795569,-0.595412,0,0.795569,-0.595412,0,0.795569,-0.595412,0,0.795569,-0.595412,0,0.795569,-0.595412,0,0.795569,-0.595412,0,0.795569
Edge,7,Number,0
0.252018,-0,0.966298,0.252018,-0,0.966298,0.252018,-0,0.966298,0.252018,-0,0.966298,0.252018,-0,0.966298,0.252018,-0,0.966298,0.252018,-0,0.966298,0.252018,-0,0.966298,0.252018,-0,0.966298,0.252018,-0,0.966298,0.252018,-0,0.966298,0.252018,-0,0.966298,0.252018,-0,0.966298,0.252018,-0,0.966298,0.252018,-0,0.966298,0.252018,-0,0.966298,0.252018,-0,0.966298,0.252018,-0,0.966298,0.252018,-0,0.966298,0.252018,-0,0.966298
Edge,8,Number,0
0,0,0,0,0,0,0,0,0,0,0,0,0,0,0,0,0,0,0,0,0,0,0,0,0,0,0,0,0,0,0,0,0,0,0,0,0,0,0,0,0,0,0,0,0,0,0,0,0,0,0,0,0,0,0,0,0,0,0,0
