101,0,0.356236,-0.214281,1.74618,0.00595113,0.550762,1.68055
102,0,0.355424,-0.214796,1.74038,0.00595113,0.550762,1.68055
103,0,0.354589,-0.215107,1.74314,0.00595113,0.550762,1.68055
104,0,0.355229,-0.214844,1.7439,0.00595113,0.550762,1.68055
105,0,0.356111,-0.214913,1.74531,0.00595113,0.550762,1.68055
106,0,0.3551,-0.214614,1.74538,0.00595113,0.550762,1.68055
107,0,0.356506,-0.215862,1.74781,0.00595113,0.550762,1.68055
108,0,0.356243,-0.215019,1.74664,0.00595113,0.550762,1.68055
109,0,0.354747,-0.215209,1.74619,0.00595113,0.550762,1.68055
110,0,0.356711,-0.214853,1.74468,0.00595113,0.550762,1.68055
111,0,0.354915,-0.214968,1.74416,0.00595113,0.550762,1.68055
112,0,0.356099,-0.215145,1.74362,0.00595113,0.550762,1.68055
113,0,0.355065,-0.214149,1.74407,0.00595113,0.550762,1.68055
114,0,0.354836,-0.214223,1.74404,0.00595113,0.550762,1.68055
115,0,0.355426,-0.214518,1.74331,0.00595113,0.550762,1.68055
116,0,0.35634,-0.214822,1.74529,0.00595113,0.550762,1.68055
117,0,0.357832,-0.214306,1.74154,0.00595113,0.550762,1.68055
118,0,0.356524,-0.214804,1.74541,0.00595113,0.550762,1.68055
119,0,0.356264,-0.214998,1.74522,0.00595113,0.550762,1.68055
120,0,0.356459,-0.214783,1.74662,0.00595113,0.550762,1.68055
121,0,0.355008,-0.21492,1.74195,0.00595113,0.550762,1.68055
122,0,0.355889,-0.215211,1.74592,0.00595113,0.550762,1.68055
123,0,0.353877,-0.21468,1.74103,0.00595113,0.550762,1.68055
124,0,0.355565,-0.214989,1.74591,0.00595113,0.550762,1.68055
125,0,0.355003,-0.215179,1.7439,0.00595113,0.550762,1.68055
126,0,0.355475,-0.215232,1.74025,0.00595113,0.550762,1.68055
127,0,0.356156,-0.215329,1.74203,0.00595113,0.550762,1.68055
128,0,0.355657,-0.214658,1.74636,0.00595113,0.550762,1.68055
129,0,0.348565,-0.21454,1.72923,0.00595113,0.550762,1.68055
130,0,0.335999,-0.209372,1.72078,0.00595113,0.550762,1.68055
131,1,0.343756,-0.208979,1.71851,0.00595113,0.550762,1.68055
132,1,0.353085,-0.210995,1.72062,0.00595113,0.550762,1.68055
133,1,0.353849,-0.213163,1.71882,0.00595113,0.550762,1.68055
134,1,0.355242,-0.21433,1.72433,0.00595113,0.550762,1.68055
135,1,0.35432,-0.216202,1.72326,0.00595113,0.550762,1.68055
136,1,0.359316,-0.21779,1.73236,0.00595113,0.550762,1.68055
137,1,0.356677,-0.21903,1.72146,0.00595113,0.550762,1.68055
138,1,0.357445,-0.220722,1.73134,0.00595113,0.550762,1.68055
139,1,0.376821,-0.216694,1.73196,0.00595113,0.550762,1.68055
140,1,0.370404,-0.21814,1.73106,0.00595113,0.550762,1.68055
141,1,0.366594,-0.219999,1.72839,0.00595113,0.550762,1.68055
142,1,0.370589,-0.218927,1.72862,0.00595113,0.550762,1.68055
143,1,0.363185,-0.218782,1.72773,0.00595113,0.550762,1.68055
144,1,0.361763,-0.212122,1.72595,0.00595113,0.550762,1.68055
145,1,0.361123,-0.207526,1.72806,0.00595113,0.550762,1.68055
146,1,0.364692,-0.201921,1.72291,0.00595113,0.550762,1.68055
147,1,0.347141,-0.198765,1.7099,0.00595113,0.550762,1.68055
148,1,0.342263,-0.195157,1.70008,0.00595113,0.550762,1.68055
149,1,0.324786,-0.192949,1.67547,0.00595113,0.550762,1.68055
150,1,0.318237,-0.188934,1.65448,0.00595113,0.550762,1.68055
151,1,0.297531,-0.192086,1.62269,0.00595113,0.550762,1.68055
152,1,0.28016,-0.194963,1.59454,0.00595113,0.550762,1.68055
153,1,0.259367,-0.197767,1.56077,0.00595113,0.550762,1.68055
154,1,0.238847,-0.204075,1.52651,0.00595113,0.550762,1.68055
155,1,0.213692,-0.215959,1.48731,0.00595113,0.550762,1.68055
156,1,0.194237,-0.225212,1.45397,0.00595113,0.550762,1.68055
157,1,0.175384,-0.236147,1.42262,0.00595113,0.550762,1.68055
158,1,0.163851,-0.245077,1.39606,0.00595113,0.550762,1.68055
159,1,0.154543,-0.255404,1.3686,0.00595113,0.550762,1.68055
160,1,0.151249,-0.263756,1.34124,0.00595113,0.550762,1.68055
161,1,0.152006,-0.272084,1.32213,0.00595113,0.550762,1.68055
162,1,0.15705,-0.277324,1.30753,0.00595113,0.550762,1.68055
163,1,0.162885,-0.283141,1.29962,0.00595113,0.550762,1.68055
164,1,0.170735,-0.287507,1.29892,0.00595113,0.550762,1.68055
165,1,0.178598,-0.293221,1.30853,0.00595113,0.550762,1.68055
166,1,0.184,-0.298364,1.32285,0.00595113,0.550762,1.68055
167,1,0.186362,-0.303507,1.34649,0.00595113,0.550762,1.68055
168,1,0.181756,-0.306212,1.36583,0.00595113,0.550762,1.68055
169,1,0.177528,-0.302546,1.38684,0.00595113,0.550762,1.68055
170,1,0.167166,-0.298194,1.4034,0.00595113,0.550762,1.68055
171,1,0.152862,-0.294962,1.407,0.00595113,0.550762,1.68055
172,1,0.140789,-0.292715,1.40112,0.00595113,0.550762,1.68055
173,1,0.131966,-0.291963,1.38027,0.00595113,0.550762,1.68055
174,1,0.1237,-0.293582,1.34342,0.00595113,0.550762,1.68055
175,1,0.117178,-0.297939,1.30154,0.00595113,0.550762,1.68055
176,1,0.110903,-0.304185,1.26256,0.00595113,0.550762,1.68055
177,1,0.109899,-0.309721,1.23708,0.00595113,0.550762,1.68055
178,1,0.111959,-0.315548,1.21997,0.00595113,0.550762,1.68055
179,1,0.116248,-0.31833,1.2171,0.00595113,0.550762,1.68055
180,1,0.127613,-0.320257,1.2265,0.00595113,0.550762,1.68055
181,1,0.140553,-0.322191,1.25146,0.00595113,0.550762,1.68055
182,1,0.159144,-0.318744,1.28604,0.00595113,0.550762,1.68055
183,1,0.169658,-0.315263,1.33098,0.00595113,0.550762,1.68055
184,1,0.174195,-0.308657,1.37454,0.00595113,0.550762,1.68055
185,1,0.173188,-0.301183,1.40594,0.00595113,0.550762,1.68055
186,1,0.1621,-0.294513,1.40816,0.00595113,0.550762,1.68055
187,1,0.147586,-0.292148,1.39247,0.00595113,0.550762,1.68055
188,1,0.133439,-0.292627,1.36416,0.00595113,0.550762,1.68055
189,1,0.120831,-0.29481,1.32737,0.00595113,0.550762,1.68055
190,1,0.111049,-0.300032,1.29014,0.00595113,0.550762,1.68055
191,1,0.108231,-0.306131,1.25548,0.00595113,0.550762,1.68055
192,1,0.105401,-0.31066,1.23102,0.00595113,0.550762,1.68055
193,1,0.103677,-0.316756,1.21309,0.00595113,0.550762,1.68055
194,1,0.104622,-0.319299,1.21066,0.00595113,0.550762,1.68055
195,1,0.110512,-0.320225,1.22083,0.00595113,0.550762,1.68055
196,1,0.124856,-0.321582,1.24557,0.00595113,0.550762,1.68055
197,1,0.147226,-0.31882,1.27727,0.00595113,0.550762,1.68055
198,1,0.164867,-0.316994,1.31715,0.00595113,0.550762,1.68055
199,1,0.178839,-0.311587,1.35504,0.00595113,0.550762,1.68055
200,1,0.187429,-0.305824,1.38182,0.00595113,0.550762,1.68055
201,1,0.187318,-0.300207,1.3914,0.00595113,0.550762,1.68055
202,1,0.182303,-0.296886,1.38311,0.00595113,0.550762,1.68055
203,1,0.168091,-0.296662,1.35869,0.00595113,0.550762,1.68055
204,1,0.153411,-0.298745,1.32616,0.00595113,0.550762,1.68055
205,1,0.13002,-0.302733,1.28815,0.00595113,0.550762,1.68055
206,1,0.107829,-0.308612,1.25212,0.00595113,0.550762,1.68055
207,1,0.0836539,-0.31429,1.22617,0.00595113,0.550762,1.68055
208,1,0.0663035,-0.316386,1.20786,0.00595113,0.550762,1.68055
209,1,0.0580568,-0.319598,1.20384,0.00595113,0.550762,1.68055
210,1,0.0568231,-0.319669,1.2118,0.00595113,0.550762,1.68055
211,1,0.0679478,-0.321556,1.23028,0.00595113,0.550762,1.68055
212,1,0.0877186,-0.321406,1.25396,0.00595113,0.550762,1.68055
213,1,0.112048,-0.319535,1.28408,0.00595113,0.550762,1.68055
214,1,0.135383,-0.315833,1.31706,0.00595113,0.550762,1.68055
215,1,0.15643,-0.3099,1.35346,0.00595113,0.550762,1.68055
216,1,0.171897,-0.30403,1.38514,0.00595113,0.550762,1.68055
217,1,0.182669,-0.298555,1.40173,0.00595113,0.550762,1.68055
218,1,0.184069,-0.294639,1.40536,0.00595113,0.550762,1.68055
219,1,0.180723,-0.29239,1.399,0.00595113,0.550762,1.68055
220,1,0.173122,-0.295052,1.37747,0.00595113,0.550762,1.68055
221,1,0.165314,-0.295122,1.3507,0.00595113,0.550762,1.68055
222,1,0.152793,-0.297863,1.32035,0.00595113,0.550762,1.68055
223,1,0.137345,-0.303544,1.28914,0.00595113,0.550762,1.68055
224,1,0.120778,-0.307822,1.26269,0.00595113,0.550762,1.68055
225,1,0.107095,-0.311223,1.24245,0.00595113,0.550762,1.68055
226,1,0.0962975,-0.313878,1.23021,0.00595113,0.550762,1.68055
227,1,0.0927438,-0.316511,1.22507,0.00595113,0.550762,1.68055
228,1,0.0903183,-0.317163,1.22927,0.00595113,0.550762,1.68055
229,1,0.0942862,-0.317042,1.24106,0.00595113,0.550762,1.68055
230,1,0.105286,-0.317234,1.2555,0.00595113,0.550762,1.68055
231,1,0.119677,-0.315637,1.27554,0.00595113,0.550762,1.68055
232,1,0.133123,-0.312627,1.29599,0.00595113,0.550762,1.68055
233,1,0.144585,-0.307228,1.31702,0.00595113,0.550762,1.68055
234,1,0.149398,-0.300835,1.33745,0.00595113,0.550762,1.68055
235,1,0.154425,-0.284249,1.35474,0.00595113,0.550762,1.68055
236,1,0.151378,-0.266822,1.37514,0.00595113,0.550762,1.68055
237,1,0.145487,-0.25378,1.39893,0.00595113,0.550762,1.68055
238,1,0.134268,-0.241286,1.42326,0.00595113,0.550762,1.68055
239,1,0.120948,-0.229278,1.4496,0.00595113,0.550762,1.68055
240,1,0.107183,-0.216795,1.47713,0.00595113,0.550762,1.68055
241,1,0.0925342,-0.206517,1.50434,0.00595113,0.550762,1.68055
242,1,0.0773611,-0.19889,1.53132,0.00595113,0.550762,1.68055
243,1,0.0582215,-0.192939,1.55744,0.00595113,0.550762,1.68055
244,1,0.0440511,-0.189763,1.5854,0.00595113,0.550762,1.68055
245,1,0.0302957,-0.186236,1.60928,0.00595113,0.550762,1.68055
246,1,0.0196218,-0.186166,1.6364,0.00595113,0.550762,1.68055
247,1,0.00610046,-0.185113,1.6569,0.00595113,0.550762,1.68055
248,1,-0.00263787,-0.186516,1.67312,0.00595113,0.550762,1.68055
249,1,-0.00915922,-0.189729,1.68737,0.00595113,0.550762,1.68055
250,1,-0.0152362,-0.192823,1.70105,0.00595113,0.550762,1.68055
251,1,-0.0201575,-0.195595,1.70873,0.00595113,0.550762,1.68055
252,1,-0.0210102,-0.198175,1.71523,0.00595113,0.550762,1.68055
253,1,-0.0215707,-0.200689,1.71783,0.00595113,0.550762,1.68055
254,1,-0.0247974,-0.20192,1.72277,0.00595113,0.550762,1.68055
255,1,-0.0231226,-0.2051,1.72527,0.00595113,0.550762,1.68055
256,1,-0.0242659,-0.207828,1.72932,0.00595113,0.550762,1.68055
257,1,-0.0228989,-0.214364,1.73363,0.00595113,0.550762,1.68055
258,1,-0.0240922,-0.218799,1.73265,0.00595113,0.550762,1.68055
259,1,-0.0210843,-0.219509,1.7327,0.00595113,0.550762,1.68055
260,1,-0.021688,-0.220509,1.73216,0.00595113,0.550762,1.68055
261,1,-0.0206832,-0.220711,1.7323,0.00595113,0.550762,1.68055
262,1,-0.0206393,-0.220632,1.73395,0.00595113,0.550762,1.68055
263,1,-0.0205331,-0.220699,1.73368,0.00595113,0.550762,1.68055
264,1,-0.0223699,-0.221,1.73247,0.00595113,0.550762,1.68055
265,1,-0.0227887,-0.220983,1.73107,0.00595113,0.550762,1.68055
266,1,-0.0191849,-0.219778,1.7333,0.00595113,0.550762,1.68055
267,1,-0.0184463,-0.217081,1.73578,0.00595113,0.550762,1.68055
268,1,-0.019003,-0.21797,1.73495,0.00595113,0.550762,1.68055
269,1,-0.0216792,-0.219007,1.733,0.00595113,0.550762,1.68055
270,1,-0.0251374,-0.219009,1.73177,0.00595113,0.550762,1.68055
271,1,-0.0277565,-0.219918,1.73719,0.00595113,0.550762,1.68055
272,1,-0.0318649,-0.217859,1.73923,0.00595113,0.550762,1.68055
273,0,-0.0291443,-0.219836,1.74103,0.00595113,0.550762,1.68055
274,0,-0.028802,-0.220025,1.73868,0.00595113,0.550762,1.68055
275,0,-0.0284979,-0.219347,1.73596,0.00595113,0.550762,1.68055
276,0,-0.0296051,-0.219374,1.73786,0.00595113,0.550762,1.68055
277,0,-0.028664,-0.219713,1.73869,0.00595113,0.550762,1.68055
278,0,-0.0291627,-0.219544,1.73971,0.00595113,0.550762,1.68055
279,0,-0.0301724,-0.219285,1.74134,0.00595113,0.550762,1.68055
280,0,-0.0306181,-0.219055,1.73992,0.00595113,0.550762,1.68055
281,0,-0.0297827,-0.219267,1.73833,0.00595113,0.550762,1.68055
282,0,-0.0289392,-0.220406,1.73816,0.00595113,0.550762,1.68055
283,0,-0.0306603,-0.219784,1.73862,0.00595113,0.550762,1.68055
284,0,-0.029025,-0.220173,1.73996,0.00595113,0.550762,1.68055
285,0,-0.0278678,-0.220037,1.73936,0.00595113,0.550762,1.68055
286,0,-0.0292908,-0.220462,1.73904,0.00595113,0.550762,1.68055
287,0,-0.0293803,-0.220177,1.73914,0.00595113,0.550762,1.68055
288,0,-0.0271487,-0.220217,1.73756,0.00595113,0.550762,1.68055
289,0,-0.0274088,-0.220745,1.73754,0.00595113,0.550762,1.68055
290,1,-0.0274196,-0.220498,1.73874,0.00595113,0.550762,1.68055
291,1,-0.0286198,-0.220514,1.73864,0.00595113,0.550762,1.68055
292,0,-0.0276227,-0.22075,1.73787,0.00595113,0.550762,1.68055
293,0,-0.0278926,-0.220636,1.73856,0.00595113,0.550762,1.68055
294,0,-0.0279878,-0.220453,1.73826,0.00595113,0.550762,1.68055
295,0,-0.0285769,-0.220548,1.73961,0.00595113,0.550762,1.68055
296,1,-0.0288204,-0.220604,1.73878,0.00595113,0.550762,1.68055
297,1,-0.0293389,-0.220313,1.7375,0.00595113,0.550762,1.68055
298,0,-0.0274161,-0.220611,1.73702,0.00595113,0.550762,1.68055
299,0,-0.0280624,-0.220723,1.7396,0.00595113,0.550762,1.68055
300,0,-0.0285269,-0.220117,1.73706,0.00595113,0.550762,1.68055
301,0,-0.0285441,-0.220726,1.73859,0.00595113,0.550762,1.68055
302,0,-0.0288873,-0.220554,1.73963,0.00595113,0.550762,1.68055
303,0,-0.0285113,-0.22081,1.73702,0.00595113,0.550762,1.68055
304,0,-0.029242,-0.220649,1.73799,0.00595113,0.550762,1.68055
305,0,-0.0278111,-0.220843,1.73706,0.00595113,0.550762,1.68055
306,0,-0.027555,-0.220657,1.73805,0.00595113,0.550762,1.68055
307,0,-0.0277456,-0.220575,1.73888,0.00595113,0.550762,1.68055
308,1,-0.027773,-0.220145,1.73666,0.00595113,0.550762,1.68055
309,0,-0.0283618,-0.220272,1.73735,0.00595113,0.550762,1.68055
310,0,-0.0264976,-0.220548,1.73667,0.00595113,0.550762,1.68055
311,0,-0.0278629,-0.220528,1.73822,0.00595113,0.550762,1.68055
312,0,-0.0281678,-0.220291,1.73904,0.00595113,0.550762,1.68055
313,0,-0.028283,-0.220525,1.73782,0.00595113,0.550762,1.68055
314,0,-0.0286298,-0.220241,1.73856,0.00595113,0.550762,1.68055
315,0,-0.0293063,-0.219794,1.73871,0.00595113,0.550762,1.68055
316,0,-0.0272093,-0.220901,1.73892,0.00595113,0.550762,1.68055
317,0,-0.0277877,-0.220767,1.7397,0.00595113,0.550762,1.68055
318,0,-0.0260243,-0.220581,1.73779,0.00595113,0.550762,1.68055
319,0,-0.0276616,-0.220405,1.73852,0.00595113,0.550762,1.68055
320,0,-0.0261017,-0.220347,1.73727,0.00595113,0.550762,1.68055
321,0,-0.02658,-0.221032,1.7394,0.00595113,0.550762,1.68055
322,0,-0.0309034,-0.217983,1.73361,0.00595113,0.550762,1.68055
323,0,-0.0302411,-0.216192,1.72843,0.00595113,0.550762,1.68055
324,1,-0.0289205,-0.216429,1.72763,0.00595113,0.550762,1.68055
325,1,-0.0310101,-0.215017,1.72579,0.00595113,0.550762,1.68055
326,1,-0.0270002,-0.21577,1.72155,0.00595113,0.550762,1.68055
327,1,-0.025614,-0.216853,1.7197,0.00595113,0.550762,1.68055
328,1,-0.0204042,-0.218285,1.71774,0.00595113,0.550762,1.68055
329,1,-0.0161817,-0.219174,1.72023,0.00595113,0.550762,1.68055
330,1,-0.0176482,-0.220262,1.72213,0.00595113,0.550762,1.68055
331,1,-0.0166798,-0.219333,1.72567,0.00595113,0.550762,1.68055
332,1,-0.0187852,-0.219883,1.73017,0.00595113,0.550762,1.68055
333,1,-0.0188582,-0.218425,1.72766,0.00595113,0.550762,1.68055
334,1,-0.0167561,-0.215981,1.72473,0.00595113,0.550762,1.68055
335,1,-0.0169552,-0.208193,1.71204,0.00595113,0.550762,1.68055
336,1,-0.017763,-0.198899,1.6909,0.00595113,0.550762,1.68055
337,1,-0.0224814,-0.192815,1.66044,0.00595113,0.550762,1.68055
338,1,-0.0292493,-0.187542,1.62267,0.00595113,0.550762,1.68055
339,1,-0.0414642,-0.189426,1.58511,0.00595113,0.550762,1.68055
340,1,-0.0557029,-0.194575,1.54834,0.00595113,0.550762,1.68055
341,1,-0.0708858,-0.200067,1.50866,0.00595113,0.550762,1.68055
342,1,-0.0833375,-0.209322,1.47493,0.00595113,0.550762,1.68055
343,1,-0.0962332,-0.218083,1.43965,0.00595113,0.550762,1.68055
344,1,-0.104021,-0.228357,1.41075,0.00595113,0.550762,1.68055
345,1,-0.113027,-0.240205,1.3773,0.00595113,0.550762,1.68055
346,1,-0.118157,-0.251966,1.35597,0.00595113,0.550762,1.68055
347,1,-0.127267,-0.26378,1.32688,0.00595113,0.550762,1.68055
348,1,-0.13279,-0.274252,1.30476,0.00595113,0.550762,1.68055
349,1,-0.137737,-0.284038,1.29182,0.00595113,0.550762,1.68055
350,1,-0.140265,-0.290347,1.28246,0.00595113,0.550762,1.68055
351,1,-0.137503,-0.29457,1.28183,0.00595113,0.550762,1.68055
352,1,-0.126991,-0.296779,1.29079,0.00595113,0.550762,1.68055
353,1,-0.111077,-0.300444,1.31064,0.00595113,0.550762,1.68055
354,1,-0.0925592,-0.303868,1.33316,0.00595113,0.550762,1.68055
355,1,-0.0738339,-0.302957,1.35488,0.00595113,0.550762,1.68055
356,1,-0.0653526,-0.297764,1.37284,0.00595113,0.550762,1.68055
357,1,-0.0640867,-0.291001,1.37823,0.00595113,0.550762,1.68055
358,1,-0.0741748,-0.289258,1.36967,0.00595113,0.550762,1.68055
359,1,-0.0900452,-0.292761,1.34663,0.00595113,0.550762,1.68055
360,1,-0.103414,-0.299664,1.31855,0.00595113,0.550762,1.68055
361,1,-0.122311,-0.304376,1.28931,0.00595113,0.550762,1.68055
362,1,-0.136398,-0.307238,1.26601,0.00595113,0.550762,1.68055
363,1,-0.142378,-0.310595,1.25446,0.00595113,0.550762,1.68055
364,1,-0.142951,-0.311787,1.25252,0.00595113,0.550762,1.68055
365,1,-0.13543,-0.312584,1.25988,0.00595113,0.550762,1.68055
366,1,-0.122119,-0.314989,1.27977,0.00595113,0.550762,1.68055
367,1,-0.10538,-0.315668,1.30713,0.00595113,0.550762,1.68055
368,1,-0.0868561,-0.312892,1.3357,0.00595113,0.550762,1.68055
369,1,-0.0677809,-0.307237,1.35985,0.00595113,0.550762,1.68055
370,1,-0.0576281,-0.300851,1.37123,0.00595113,0.550762,1.68055
371,1,-0.0630431,-0.298476,1.36841,0.00595113,0.550762,1.68055
372,1,-0.0707163,-0.2957,1.35084,0.00595113,0.550762,1.68055
373,1,-0.0876078,-0.29903,1.32132,0.00595113,0.550762,1.68055
374,1,-0.104316,-0.304811,1.29572,0.00595113,0.550762,1.68055
375,1,-0.128758,-0.30985,1.26949,0.00595113,0.550762,1.68055
376,1,-0.146523,-0.311563,1.25058,0.00595113,0.550762,1.68055
377,1,-0.159532,-0.313852,1.24411,0.00595113,0.550762,1.68055
378,1,-0.164871,-0.314757,1.248,0.00595113,0.550762,1.68055
379,1,-0.162203,-0.314881,1.25831,0.00595113,0.550762,1.68055
380,1,-0.149256,-0.317217,1.28168,0.00595113,0.550762,1.68055
381,1,-0.130511,-0.317149,1.30891,0.00595113,0.550762,1.68055
382,1,-0.105587,-0.313164,1.33659,0.00595113,0.550762,1.68055
383,1,-0.0838052,-0.307417,1.36235,0.00595113,0.550762,1.68055
384,1,-0.0672974,-0.300832,1.37746,0.00595113,0.550762,1.68055
385,1,-0.0660654,-0.297268,1.38274,0.00595113,0.550762,1.68055
386,1,-0.0685995,-0.295395,1.37016,0.00595113,0.550762,1.68055
387,1,-0.0781821,-0.296394,1.34859,0.00595113,0.550762,1.68055
388,1,-0.0917441,-0.300077,1.31762,0.00595113,0.550762,1.68055
389,1,-0.109989,-0.304853,1.29323,0.00595113,0.550762,1.68055
390,1,-0.130496,-0.308195,1.26723,0.00595113,0.550762,1.68055
391,1,-0.143808,-0.309299,1.25076,0.00595113,0.550762,1.68055
392,1,-0.15333,-0.311972,1.24403,0.00595113,0.550762,1.68055
393,1,-0.156799,-0.314859,1.24556,0.00595113,0.550762,1.68055
394,1,-0.15489,-0.314508,1.24959,0.00595113,0.550762,1.68055
395,1,-0.148764,-0.313648,1.25953,0.00595113,0.550762,1.68055
396,1,-0.137054,-0.314934,1.27769,0.00595113,0.550762,1.68055
397,1,-0.124168,-0.314836,1.29921,0.00595113,0.550762,1.68055
398,1,-0.106078,-0.311672,1.32066,0.00595113,0.550762,1.68055
399,1,-0.0895616,-0.308158,1.3412,0.00595113,0.550762,1.68055
400,1,-0.077646,-0.304794,1.3555,0.00595113,0.550762,1.68055
401,1,-0.0757292,-0.302308,1.36342,0.00595113,0.550762,1.68055
402,1,-0.076129,-0.300118,1.36046,0.00595113,0.550762,1.68055
403,1,-0.0825717,-0.298603,1.35179,0.00595113,0.550762,1.68055
404,1,-0.0945097,-0.299743,1.33324,0.00595113,0.550762,1.68055
405,1,-0.105666,-0.300322,1.31597,0.00595113,0.550762,1.68055
406,1,-0.121049,-0.303045,1.29847,0.00595113,0.550762,1.68055
407,1,-0.133976,-0.304611,1.28348,0.00595113,0.550762,1.68055
408,1,-0.1451,-0.306468,1.27282,0.00595113,0.550762,1.68055
409,1,-0.154394,-0.309561,1.26341,0.00595113,0.550762,1.68055
410,1,-0.16011,-0.312185,1.26284,0.00595113,0.550762,1.68055
411,1,-0.159362,-0.311369,1.26369,0.00595113,0.550762,1.68055
412,1,-0.156563,-0.311545,1.27207,0.00595113,0.550762,1.68055
413,1,-0.147195,-0.310757,1.28175,0.00595113,0.550762,1.68055
414,1,-0.135229,-0.309603,1.29736,0.00595113,0.550762,1.68055
415,1,-0.121919,-0.309548,1.31444,0.00595113,0.550762,1.68055
416,1,-0.107424,-0.307044,1.33476,0.00595113,0.550762,1.68055
417,1,-0.0943997,-0.304168,1.3532,0.00595113,0.550762,1.68055
418,1,-0.0856911,-0.300428,1.36712,0.00595113,0.550762,1.68055
419,1,-0.0820825,-0.299399,1.37549,0.00595113,0.550762,1.68055
420,1,-0.0796193,-0.296918,1.37864,0.00595113,0.550762,1.68055
421,1,-0.0828023,-0.296227,1.38112,0.00595113,0.550762,1.68055
422,1,-0.084755,-0.297034,1.38057,0.00595113,0.550762,1.68055
423,1,-0.0863572,-0.294365,1.38029,0.00595113,0.550762,1.68055
424,1,-0.0863541,-0.293031,1.37926,0.00595113,0.550762,1.68055
425,1,-0.0873137,-0.288698,1.37871,0.00595113,0.550762,1.68055
426,1,-0.0866548,-0.282456,1.37903,0.00595113,0.550762,1.68055
427,1,-0.0870473,-0.277877,1.3808,0.00595113,0.550762,1.68055
428,1,-0.0914365,-0.271846,1.38236,0.00595113,0.550762,1.68055
429,1,-0.0968944,-0.266924,1.38291,0.00595113,0.550762,1.68055
430,1,-0.105545,-0.262357,1.38248,0.00595113,0.550762,1.68055
431,1,-0.116351,-0.260097,1.37822,0.00595113,0.550762,1.68055
432,1,-0.132164,-0.256673,1.37347,0.00595113,0.550762,1.68055
433,1,-0.153988,-0.254626,1.36466,0.00595113,0.550762,1.68055
434,1,-0.176302,-0.253629,1.35841,0.00595113,0.550762,1.68055
435,1,-0.202288,-0.250193,1.34696,0.00595113,0.550762,1.68055
436,1,-0.232032,-0.248981,1.33539,0.00595113,0.550762,1.68055
437,1,-0.258575,-0.244798,1.32453,0.00595113,0.550762,1.68055
438,1,-0.286016,-0.243759,1.32166,0.00595113,0.550762,1.68055
439,1,-0.311617,-0.242725,1.31456,0.00595113,0.550762,1.68055
440,1,-0.333883,-0.241968,1.30818,0.00595113,0.550762,1.68055
441,1,-0.353133,-0.242754,1.30439,0.00595113,0.550762,1.68055
442,1,-0.371417,-0.244271,1.3012,0.00595113,0.550762,1.68055
443,1,-0.382739,-0.247833,1.30212,0.00595113,0.550762,1.68055
444,1,-0.393782,-0.252663,1.2985,0.00595113,0.550762,1.68055
445,1,-0.401575,-0.256337,1.29599,0.00595113,0.550762,1.68055
446,1,-0.405329,-0.26296,1.29884,0.00595113,0.550762,1.68055
447,1,-0.408499,-0.269746,1.29967,0.00595113,0.550762,1.68055
448,1,-0.40753,-0.277958,1.3013,0.00595113,0.550762,1.68055
449,1,-0.404997,-0.284213,1.30066,0.00595113,0.550762,1.68055
450,1,-0.405347,-0.28478,1.30053,0.00595113,0.550762,1.68055
451,1,-0.40656,-0.284623,1.30394,0.00595113,0.550762,1.68055
452,1,-0.403948,-0.285291,1.30234,0.00595113,0.550762,1.68055
453,1,-0.402496,-0.284557,1.3039,0.00595113,0.550762,1.68055
454,1,-0.401302,-0.284724,1.30401,0.00595113,0.550762,1.68055
455,1,-0.400685,-0.284933,1.30443,0.00595113,0.550762,1.68055
456,1,-0.400164,-0.284706,1.30321,0.00595113,0.550762,1.68055
457,1,-0.400047,-0.284941,1.3007,0.00595113,0.550762,1.68055
458,1,-0.399829,-0.284487,1.30021,0.00595113,0.550762,1.68055
459,1,-0.399395,-0.284852,1.29881,0.00595113,0.550762,1.68055
460,1,-0.396096,-0.285197,1.29873,0.00595113,0.550762,1.68055
461,0,-0.39658,-0.285954,1.29852,0.00595113,0.550762,1.68055
462,0,-0.396623,-0.286436,1.29585,0.00595113,0.550762,1.68055
463,0,-0.397595,-0.285623,1.30194,0.00595113,0.550762,1.68055
464,0,-0.396441,-0.284859,1.30287,0.00595113,0.550762,1.68055
465,0,-0.398375,-0.286247,1.29818,0.00595113,0.550762,1.68055
466,0,-0.396527,-0.284841,1.30299,0.00595113,0.550762,1.68055
467,0,-0.395354,-0.284474,1.29707,0.00595113,0.550762,1.68055
468,0,-0.397667,-0.285676,1.29639,0.00595113,0.550762,1.68055
469,0,-0.396948,-0.284769,1.29776,0.00595113,0.550762,1.68055
470,0,-0.396867,-0.28428,1.29529,0.00595113,0.550762,1.68055
471,0,-0.397059,-0.285019,1.29522,0.00595113,0.550762,1.68055
472,0,-0.394901,-0.284287,1.29532,0.00595113,0.550762,1.68055
473,0,-0.397011,-0.284938,1.29635,0.00595113,0.550762,1.68055
474,0,-0.396969,-0.285686,1.29488,0.00595113,0.550762,1.68055
475,0,-0.396469,-0.285343,1.29641,0.00595113,0.550762,1.68055
476,0,-0.396662,-0.284635,1.29727,0.00595113,0.550762,1.68055
477,0,-0.39706,-0.285893,1.29628,0.00595113,0.550762,1.68055
478,0,-0.396645,-0.285168,1.29575,0.00595113,0.550762,1.68055
479,0,-0.397215,-0.284868,1.29527,0.00595113,0.550762,1.68055
480,0,-0.396764,-0.285678,1.29511,0.00595113,0.550762,1.68055
481,0,-0.396136,-0.284965,1.2969,0.00595113,0.550762,1.68055
482,0,-0.396432,-0.283874,1.29888,0.00595113,0.550762,1.68055
483,0,-0.397579,-0.285279,1.30192,0.00595113,0.550762,1.68055
484,0,-0.39725,-0.285246,1.29953,0.00595113,0.550762,1.68055
485,0,-0.398642,-0.285545,1.29624,0.00595113,0.550762,1.68055
486,0,-0.398075,-0.285699,1.29711,0.00595113,0.550762,1.68055
487,0,-0.397733,-0.284979,1.29504,0.00595113,0.550762,1.68055
488,0,-0.398408,-0.285952,1.29494,0.00595113,0.550762,1.68055
489,0,-0.398014,-0.285891,1.29581,0.00595113,0.550762,1.68055
490,0,-0.397278,-0.285765,1.29593,0.00595113,0.550762,1.68055
491,0,-0.396722,-0.285208,1.29476,0.00595113,0.550762,1.68055
492,0,-0.397163,-0.286412,1.29464,0.00595113,0.550762,1.68055
493,1,-0.397761,-0.285472,1.29361,0.00595113,0.550762,1.68055
494,0,-0.398062,-0.285245,1.29996,0.00595113,0.550762,1.68055
495,0,-0.398295,-0.284748,1.29731,0.00595113,0.550762,1.68055
496,0,-0.397111,-0.285288,1.29641,0.00595113,0.550762,1.68055
497,0,-0.397659,-0.28486,1.29626,0.00595113,0.550762,1.68055
498,0,-0.39622,-0.285858,1.2966,0.00595113,0.550762,1.68055
499,0,-0.398335,-0.284484,1.29959,0.00595113,0.550762,1.68055
500,0,-0.399533,-0.284694,1.3016,0.00595113,0.550762,1.68055
501,0,-0.397822,-0.285274,1.29967,0.00595113,0.550762,1.68055
502,0,-0.397656,-0.285322,1.29744,0.00595113,0.550762,1.68055
503,0,-0.398958,-0.285236,1.29775,0.00595113,0.550762,1.68055
504,0,-0.396895,-0.284056,1.29909,0.00595113,0.550762,1.68055
505,0,-0.396712,-0.28425,1.29598,0.00595113,0.550762,1.68055
506,0,-0.39626,-0.28445,1.29771,0.00595113,0.550762,1.68055
507,0,-0.397639,-0.285302,1.29772,0.00595113,0.550762,1.68055
508,0,-0.397964,-0.285835,1.29698,0.00595113,0.550762,1.68055
509,0,-0.396669,-0.284969,1.29882,0.00595113,0.550762,1.68055
510,0,-0.396963,-0.284471,1.29804,0.00595113,0.550762,1.68055
511,0,-0.397451,-0.285815,1.29576,0.00595113,0.550762,1.68055
512,0,-0.397062,-0.285007,1.29838,0.00595113,0.550762,1.68055
513,0,-0.396628,-0.285398,1.29358,0.00595113,0.550762,1.68055
514,1,-0.397197,-0.285192,1.29991,0.00595113,0.550762,1.68055
515,0,-0.397014,-0.284434,1.29926,0.00595113,0.550762,1.68055
516,0,-0.397411,-0.285113,1.29949,0.00595113,0.550762,1.68055
517,0,-0.398223,-0.285329,1.29535,0.00595113,0.550762,1.68055
518,0,-0.397003,-0.286219,1.29385,0.00595113,0.550762,1.68055
519,0,-0.397361,-0.285714,1.29415,0.00595113,0.550762,1.68055
520,0,-0.397962,-0.286333,1.29579,0.00595113,0.550762,1.68055
521,0,-0.39735,-0.285576,1.29833,0.00595113,0.550762,1.68055
522,1,-0.396435,-0.284836,1.29626,0.00595113,0.550762,1.68055
523,0,-0.396105,-0.284847,1.29425,0.00595113,0.550762,1.68055
524,0,-0.396758,-0.284926,1.29386,0.00595113,0.550762,1.68055
525,0,-0.397612,-0.284209,1.29963,0.00595113,0.550762,1.68055
526,0,-0.395878,-0.285599,1.29415,0.00595113,0.550762,1.68055
527,0,-0.39645,-0.286079,1.29524,0.00595113,0.550762,1.68055
528,0,-0.39722,-0.286021,1.29458,0.00595113,0.550762,1.68055
529,0,-0.397735,-0.28528,1.29544,0.00595113,0.550762,1.68055
530,1,-0.397912,-0.285093,1.29577,0.00595113,0.550762,1.68055
531,0,-0.395899,-0.284105,1.29636,0.00595113,0.550762,1.68055
532,0,-0.397327,-0.284976,1.29702,0.00595113,0.550762,1.68055
533,0,-0.398616,-0.284574,1.2955,0.00595113,0.550762,1.68055
534,0,-0.398077,-0.285679,1.2958,0.00595113,0.550762,1.68055
535,0,-0.395934,-0.285363,1.29506,0.00595113,0.550762,1.68055
536,0,-0.396186,-0.285713,1.29439,0.00595113,0.550762,1.68055
537,0,-0.396528,-0.285528,1.29414,0.00595113,0.550762,1.68055
538,0,-0.397289,-0.28565,1.29525,0.00595113,0.550762,1.68055
539,0,-0.396098,-0.285773,1.29417,0.00595113,0.550762,1.68055
540,0,-0.396524,-0.286543,1.29385,0.00595113,0.550762,1.68055
541,0,-0.398155,-0.285788,1.29718,0.00595113,0.550762,1.68055
542,0,-0.396227,-0.285286,1.29414,0.00595113,0.550762,1.68055
543,0,-0.397282,-0.285067,1.29633,0.00595113,0.550762,1.68055
544,0,-0.396486,-0.285065,1.29499,0.00595113,0.550762,1.68055
545,0,-0.39755,-0.285408,1.29523,0.00595113,0.550762,1.68055
546,0,-0.397233,-0.285321,1.2926,0.00595113,0.550762,1.68055
547,0,-0.396742,-0.286315,1.29448,0.00595113,0.550762,1.68055
548,0,-0.39675,-0.285687,1.29418,0.00595113,0.550762,1.68055
549,0,-0.395635,-0.285328,1.29592,0.00595113,0.550762,1.68055
550,0,-0.395521,-0.284132,1.29512,0.00595113,0.550762,1.68055
551,0,-0.395632,-0.284405,1.2953,0.00595113,0.550762,1.68055
552,1,-0.395754,-0.285012,1.2932,0.00595113,0.550762,1.68055
553,0,-0.395753,-0.283988,1.2979,0.00595113,0.550762,1.68055
554,0,-0.39591,-0.283562,1.29643,0.00595113,0.550762,1.68055
555,0,-0.394799,-0.283312,1.29497,0.00595113,0.550762,1.68055
556,0,-0.395773,-0.284284,1.29367,0.00595113,0.550762,1.68055
557,0,-0.396114,-0.283716,1.29749,0.00595113,0.550762,1.68055
558,0,-0.39669,-0.285001,1.29474,0.00595113,0.550762,1.68055
559,0,-0.39615,-0.284947,1.29425,0.00595113,0.550762,1.68055
560,0,-0.397122,-0.285078,1.29394,0.00595113,0.550762,1.68055
561,0,-0.395298,-0.284033,1.29556,0.00595113,0.550762,1.68055
562,0,-0.395529,-0.283909,1.29849,0.00595113,0.550762,1.68055
563,0,-0.396089,-0.284705,1.29445,0.00595113,0.550762,1.68055
564,0,-0.396633,-0.284675,1.29373,0.00595113,0.550762,1.68055
565,0,-0.396134,-0.285814,1.2928,0.00595113,0.550762,1.68055
566,0,-0.396145,-0.284371,1.29613,0.00595113,0.550762,1.68055
567,0,-0.397316,-0.28568,1.29349,0.00595113,0.550762,1.68055
568,0,-0.396002,-0.283732,1.29762,0.00595113,0.550762,1.68055
569,0,-0.396722,-0.28433,1.29648,0.00595113,0.550762,1.68055
570,1,-0.396524,-0.284328,1.29435,0.00595113,0.550762,1.68055
571,0,-0.397363,-0.284356,1.29722,0.00595113,0.550762,1.68055
572,0,-0.396085,-0.284926,1.29454,0.00595113,0.550762,1.68055
573,0,-0.395649,-0.283947,1.29654,0.00595113,0.550762,1.68055
574,0,-0.395866,-0.284034,1.29646,0.00595113,0.550762,1.68055
575,0,-0.395958,-0.284166,1.29704,0.00595113,0.550762,1.68055
576,0,-0.396298,-0.284646,1.2969,0.00595113,0.550762,1.68055
577,0,-0.396752,-0.284476,1.29355,0.00595113,0.550762,1.68055
578,0,-0.396597,-0.285255,1.29306,0.00595113,0.550762,1.68055
579,0,-0.396277,-0.284562,1.29637,0.00595113,0.550762,1.68055
580,0,-0.396444,-0.284108,1.29606,0.00595113,0.550762,1.68055
581,0,-0.39713,-0.285052,1.29421,0.00595113,0.550762,1.68055
582,0,-0.396448,-0.283599,1.29487,0.00595113,0.550762,1.68055
583,0,-0.396151,-0.28407,1.29427,0.00595113,0.550762,1.68055
584,0,-0.396192,-0.285606,1.29479,0.00595113,0.550762,1.68055
585,0,-0.395632,-0.284417,1.29572,0.00595113,0.550762,1.68055
586,0,-0.396103,-0.284929,1.29296,0.00595113,0.550762,1.68055
587,0,-0.396053,-0.28562,1.29293,0.00595113,0.550762,1.68055
588,0,-0.395459,-0.284223,1.2965,0.00595113,0.550762,1.68055
590,0,-0.395714,-0.284624,1.29387,0.00595113,0.550762,1.68055
591,0,-0.396166,-0.28507,1.294,0.00595113,0.550762,1.68055
592,0,-0.39629,-0.285018,1.29481,0.00595113,0.550762,1.68055
593,0,-0.397059,-0.285705,1.29401,0.00595113,0.550762,1.68055
594,0,-0.396324,-0.284071,1.29707,0.00595113,0.550762,1.68055
595,0,-0.396658,-0.284649,1.29451,0.00595113,0.550762,1.68055
596,0,-0.395963,-0.284687,1.29401,0.00595113,0.550762,1.68055
597,1,-0.396331,-0.284843,1.29456,0.00595113,0.550762,1.68055
