101,0,0.347689,-0.216115,1.74708,0.0516362,0.576281,1.71848
102,0,0.347333,-0.216283,1.74551,0.0516362,0.576281,1.71848
103,0,0.349107,-0.215982,1.7434,0.0516362,0.576281,1.71848
104,0,0.3476,-0.215976,1.74425,0.0516362,0.576281,1.71848
105,0,0.348088,-0.21613,1.7456,0.0516362,0.576281,1.71848
106,0,0.348943,-0.217321,1.7457,0.0516362,0.576281,1.71848
107,0,0.347007,-0.216751,1.74255,0.0516362,0.576281,1.71848
108,0,0.350168,-0.217046,1.74189,0.0516362,0.576281,1.71848
109,0,0.35,-0.216362,1.73908,0.0516362,0.576281,1.71848
110,0,0.349303,-0.216515,1.74384,0.0516362,0.576281,1.71848
111,0,0.350078,-0.216194,1.74388,0.0516362,0.576281,1.71848
112,0,0.348073,-0.216232,1.74496,0.0516362,0.576281,1.71848
113,0,0.349711,-0.216991,1.74313,0.0516362,0.576281,1.71848
114,0,0.350064,-0.216849,1.74492,0.0516362,0.576281,1.71848
115,0,0.347573,-0.216383,1.74418,0.0516362,0.576281,1.71848
116,0,0.348709,-0.216505,1.7436,0.0516362,0.576281,1.71848
117,0,0.348843,-0.216761,1.74439,0.0516362,0.576281,1.71848
118,0,0.350127,-0.215807,1.74464,0.0516362,0.576281,1.71848
119,0,0.350629,-0.217559,1.73893,0.0516362,0.576281,1.71848
120,0,0.349483,-0.215927,1.74562,0.0516362,0.576281,1.71848
121,0,0.351292,-0.216001,1.7456,0.0516362,0.576281,1.71848
122,0,0.351827,-0.216915,1.74172,0.0516362,0.576281,1.71848
123,0,0.350448,-0.218178,1.74368,0.0516362,0.576281,1.71848
124,0,0.350241,-0.216978,1.74426,0.0516362,0.576281,1.71848
125,0,0.349827,-0.215837,1.74671,0.0516362,0.576281,1.71848
126,0,0.350649,-0.216567,1.74546,0.0516362,0.576281,1.71848
127,0,0.350131,-0.216937,1.74824,0.0516362,0.576281,1.71848
128,0,0.349637,-0.217017,1.74434,0.0516362,0.576281,1.71848
129,0,0.350527,-0.217448,1.74128,0.0516362,0.576281,1.71848
130,0,0.349211,-0.217112,1.74413,0.0516362,0.576281,1.71848
131,0,0.351407,-0.217486,1.73899,0.0516362,0.576281,1.71848
132,0,0.350969,-0.217552,1.73939,0.0516362,0.576281,1.71848
133,0,0.350255,-0.217595,1.74153,0.0516362,0.576281,1.71848
134,0,0.347537,-0.215954,1.74459,0.0516362,0.576281,1.71848
135,0,0.35228,-0.217347,1.73792,0.0516362,0.576281,1.71848
136,0,0.352127,-0.218131,1.73834,0.0516362,0.576281,1.71848
137,0,0.349183,-0.216351,1.74346,0.0516362,0.576281,1.71848
138,0,0.351307,-0.217065,1.74274,0.0516362,0.576281,1.71848
139,0,0.351848,-0.217797,1.73931,0.0516362,0.576281,1.71848
140,0,0.350231,-0.216853,1.74339,0.0516362,0.576281,1.71848
141,0,0.348731,-0.216236,1.74597,0.0516362,0.576281,1.71848
142,0,0.350489,-0.216719,1.7447,0.0516362,0.576281,1.71848
143,0,0.352688,-0.218782,1.74071,0.0516362,0.576281,1.71848
144,0,0.350867,-0.217906,1.74409,0.0516362,0.576281,1.71848
145,0,0.349347,-0.217055,1.74835,0.0516362,0.576281,1.71848
146,0,0.348386,-0.216832,1.74668,0.0516362,0.576281,1.71848
147,0,0.349671,-0.216609,1.74776,0.0516362,0.576281,1.71848
148,0,0.348993,-0.216272,1.74662,0.0516362,0.576281,1.71848
149,0,0.349665,-0.216852,1.74839,0.0516362,0.576281,1.71848
150,0,0.34983,-0.216662,1.74632,0.0516362,0.576281,1.71848
151,0,0.349175,-0.217196,1.74578,0.0516362,0.576281,1.71848
152,0,0.348813,-0.217133,1.74352,0.0516362,0.576281,1.71848
153,0,0.348435,-0.215453,1.7466,0.0516362,0.576281,1.71848
154,0,0.357853,-0.217409,1.72603,0.0516362,0.576281,1.71848
155,1,0.346811,-0.211506,1.72059,0.0516362,0.576281,1.71848
156,1,0.34175,-0.200557,1.70052,0.0516362,0.576281,1.71848
157,1,0.350427,-0.213035,1.7191,0.0516362,0.576281,1.71848
158,1,0.350497,-0.211019,1.71021,0.0516362,0.576281,1.71848
159,1,0.348711,-0.216382,1.72492,0.0516362,0.576281,1.71848
160,1,0.350727,-0.218411,1.72742,0.0516362,0.576281,1.71848
161,1,0.348952,-0.218278,1.72986,0.0516362,0.576281,1.71848
162,1,0.354265,-0.217376,1.73156,0.0516362,0.576281,1.71848
163,1,0.35693,-0.217579,1.72995,0.0516362,0.576281,1.71848
164,1,0.357445,-0.21625,1.73194,0.0516362,0.576281,1.71848
165,1,0.35714,-0.216615,1.73228,0.0516362,0.576281,1.71848
166,1,0.363763,-0.211563,1.72912,0.0516362,0.576281,1.71848
167,1,0.364137,-0.205548,1.74122,0.0516362,0.576281,1.71848
168,1,0.362829,-0.197959,1.74266,0.0516362,0.576281,1.71848
169,1,0.358923,-0.187003,1.73838,0.0516362,0.576281,1.71848
170,1,0.355725,-0.175918,1.7393,0.0516362,0.576281,1.71848
171,1,0.351561,-0.165335,1.73443,0.0516362,0.576281,1.71848
172,1,0.348964,-0.151427,1.72512,0.0516362,0.576281,1.71848
173,1,0.333778,-0.145542,1.71319,0.0516362,0.576281,1.71848
174,1,0.321985,-0.141154,1.69478,0.0516362,0.576281,1.71848
175,1,0.302137,-0.143719,1.66886,0.0516362,0.576281,1.71848
176,1,0.283312,-0.150089,1.64358,0.0516362,0.576281,1.71848
177,1,0.2669,-0.158521,1.61261,0.0516362,0.576281,1.71848
178,1,0.243253,-0.170739,1.57664,0.0516362,0.576281,1.71848
179,1,0.223061,-0.184681,1.54112,0.0516362,0.576281,1.71848
180,1,0.209008,-0.196501,1.50982,0.0516362,0.576281,1.71848
181,1,0.191125,-0.211067,1.46933,0.0516362,0.576281,1.71848
182,1,0.178817,-0.221977,1.44043,0.0516362,0.576281,1.71848
183,1,0.170007,-0.235028,1.40938,0.0516362,0.576281,1.71848
184,1,0.167119,-0.24834,1.38381,0.0516362,0.576281,1.71848
185,1,0.169744,-0.258218,1.36536,0.0516362,0.576281,1.71848
186,1,0.174,-0.268502,1.34889,0.0516362,0.576281,1.71848
187,1,0.181671,-0.277526,1.33488,0.0516362,0.576281,1.71848
188,1,0.19279,-0.286998,1.32569,0.0516362,0.576281,1.71848
189,1,0.207838,-0.294485,1.32646,0.0516362,0.576281,1.71848
190,1,0.222369,-0.303126,1.33358,0.0516362,0.576281,1.71848
191,1,0.235259,-0.304387,1.34598,0.0516362,0.576281,1.71848
192,1,0.239995,-0.30357,1.36704,0.0516362,0.576281,1.71848
193,1,0.241673,-0.301025,1.38905,0.0516362,0.576281,1.71848
194,1,0.230255,-0.299584,1.40431,0.0516362,0.576281,1.71848
195,1,0.213207,-0.295472,1.41754,0.0516362,0.576281,1.71848
196,1,0.192507,-0.29446,1.4112,0.0516362,0.576281,1.71848
197,1,0.170281,-0.293811,1.39514,0.0516362,0.576281,1.71848
198,1,0.151437,-0.294131,1.3707,0.0516362,0.576281,1.71848
199,1,0.14225,-0.296922,1.3497,0.0516362,0.576281,1.71848
200,1,0.138487,-0.299602,1.32631,0.0516362,0.576281,1.71848
201,1,0.144468,-0.300972,1.31057,0.0516362,0.576281,1.71848
202,1,0.153329,-0.306215,1.29913,0.0516362,0.576281,1.71848
203,1,0.167562,-0.308082,1.29462,0.0516362,0.576281,1.71848
204,1,0.181045,-0.310541,1.29536,0.0516362,0.576281,1.71848
205,1,0.195471,-0.31083,1.30684,0.0516362,0.576281,1.71848
206,1,0.208988,-0.309068,1.32373,0.0516362,0.576281,1.71848
207,1,0.217492,-0.307198,1.34512,0.0516362,0.576281,1.71848
208,1,0.218181,-0.303955,1.36964,0.0516362,0.576281,1.71848
209,1,0.211196,-0.301499,1.39256,0.0516362,0.576281,1.71848
210,1,0.196757,-0.298798,1.40337,0.0516362,0.576281,1.71848
211,1,0.181103,-0.29445,1.40168,0.0516362,0.576281,1.71848
212,1,0.160769,-0.295039,1.38569,0.0516362,0.576281,1.71848
213,1,0.144763,-0.295235,1.36756,0.0516362,0.576281,1.71848
214,1,0.137623,-0.296586,1.34819,0.0516362,0.576281,1.71848
215,1,0.136213,-0.299058,1.32848,0.0516362,0.576281,1.71848
216,1,0.143403,-0.301295,1.30985,0.0516362,0.576281,1.71848
217,1,0.152845,-0.305134,1.29908,0.0516362,0.576281,1.71848
218,1,0.168107,-0.307412,1.29374,0.0516362,0.576281,1.71848
219,1,0.18331,-0.309242,1.29275,0.0516362,0.576281,1.71848
220,1,0.200195,-0.310558,1.30144,0.0516362,0.576281,1.71848
221,1,0.214675,-0.309703,1.31464,0.0516362,0.576281,1.71848
222,1,0.224709,-0.308308,1.3324,0.0516362,0.576281,1.71848
223,1,0.229882,-0.306055,1.35488,0.0516362,0.576281,1.71848
224,1,0.230404,-0.303285,1.37613,0.0516362,0.576281,1.71848
225,1,0.222521,-0.300734,1.39129,0.0516362,0.576281,1.71848
226,1,0.210349,-0.298059,1.4002,0.0516362,0.576281,1.71848
227,1,0.193894,-0.296788,1.39767,0.0516362,0.576281,1.71848
228,1,0.176848,-0.295609,1.38415,0.0516362,0.576281,1.71848
229,1,0.161121,-0.296335,1.3664,0.0516362,0.576281,1.71848
230,1,0.151357,-0.297168,1.35007,0.0516362,0.576281,1.71848
231,1,0.143806,-0.299841,1.33025,0.0516362,0.576281,1.71848
232,1,0.142578,-0.302547,1.31199,0.0516362,0.576281,1.71848
233,1,0.145102,-0.303755,1.2984,0.0516362,0.576281,1.71848
234,1,0.153846,-0.306222,1.29152,0.0516362,0.576281,1.71848
235,1,0.164184,-0.307956,1.2882,0.0516362,0.576281,1.71848
236,1,0.175358,-0.309726,1.29004,0.0516362,0.576281,1.71848
237,1,0.188516,-0.310938,1.29516,0.0516362,0.576281,1.71848
238,1,0.201261,-0.310498,1.30716,0.0516362,0.576281,1.71848
239,1,0.211774,-0.310235,1.32439,0.0516362,0.576281,1.71848
240,1,0.219293,-0.307119,1.34467,0.0516362,0.576281,1.71848
241,1,0.22115,-0.303006,1.36497,0.0516362,0.576281,1.71848
242,1,0.220337,-0.294837,1.38404,0.0516362,0.576281,1.71848
243,1,0.213196,-0.281258,1.40357,0.0516362,0.576281,1.71848
244,1,0.2023,-0.266871,1.42398,0.0516362,0.576281,1.71848
245,1,0.184554,-0.2535,1.44995,0.0516362,0.576281,1.71848
246,1,0.167612,-0.240246,1.47676,0.0516362,0.576281,1.71848
247,1,0.145961,-0.229313,1.50331,0.0516362,0.576281,1.71848
248,1,0.126195,-0.221921,1.53112,0.0516362,0.576281,1.71848
249,1,0.10659,-0.215933,1.56147,0.0516362,0.576281,1.71848
250,1,0.0842507,-0.211876,1.58878,0.0516362,0.576281,1.71848
251,1,0.0638469,-0.208037,1.61812,0.0516362,0.576281,1.71848
252,1,0.0509014,-0.203371,1.64586,0.0516362,0.576281,1.71848
253,1,0.035349,-0.200411,1.66597,0.0516362,0.576281,1.71848
254,1,0.0261593,-0.200284,1.68643,0.0516362,0.576281,1.71848
255,1,0.0148608,-0.201422,1.70069,0.0516362,0.576281,1.71848
256,1,0.00770144,-0.202107,1.71401,0.0516362,0.576281,1.71848
257,1,0.00183522,-0.20631,1.72201,0.0516362,0.576281,1.71848
258,1,-0.00221282,-0.209038,1.7288,0.0516362,0.576281,1.71848
259,1,-0.00510923,-0.211961,1.73264,0.0516362,0.576281,1.71848
260,1,-0.0081294,-0.214973,1.74024,0.0516362,0.576281,1.71848
261,1,-0.00881542,-0.218409,1.73815,0.0516362,0.576281,1.71848
262,1,-0.00987958,-0.220315,1.73575,0.0516362,0.576281,1.71848
263,1,-0.00885474,-0.219474,1.73768,0.0516362,0.576281,1.71848
264,1,-0.00919771,-0.220671,1.73706,0.0516362,0.576281,1.71848
265,1,-0.00955103,-0.220679,1.73583,0.0516362,0.576281,1.71848
266,1,-0.00868069,-0.220112,1.7346,0.0516362,0.576281,1.71848
267,1,-0.00958168,-0.221967,1.73387,0.0516362,0.576281,1.71848
268,1,-0.00828663,-0.220032,1.73622,0.0516362,0.576281,1.71848
269,1,-0.00929055,-0.22124,1.73662,0.0516362,0.576281,1.71848
270,1,-0.00941433,-0.220157,1.73689,0.0516362,0.576281,1.71848
271,1,-0.00862277,-0.220614,1.73588,0.0516362,0.576281,1.71848
272,1,-0.00949694,-0.219973,1.73821,0.0516362,0.576281,1.71848
273,1,-0.00748368,-0.218751,1.73736,0.0516362,0.576281,1.71848
274,1,-0.00841231,-0.218758,1.74195,0.0516362,0.576281,1.71848
275,1,-0.012252,-0.217984,1.74121,0.0516362,0.576281,1.71848
276,1,-0.0150386,-0.218592,1.74546,0.0516362,0.576281,1.71848
277,1,-0.0164815,-0.219473,1.74669,0.0516362,0.576281,1.71848
278,0,-0.0171467,-0.21968,1.7462,0.0516362,0.576281,1.71848
279,0,-0.0163469,-0.219476,1.74647,0.0516362,0.576281,1.71848
280,0,-0.0169066,-0.219782,1.74677,0.0516362,0.576281,1.71848
281,0,-0.0157741,-0.21971,1.74477,0.0516362,0.576281,1.71848
282,0,-0.0164457,-0.219344,1.74458,0.0516362,0.576281,1.71848
283,0,-0.0156718,-0.220145,1.74613,0.0516362,0.576281,1.71848
284,0,-0.0170327,-0.220235,1.74603,0.0516362,0.576281,1.71848
285,0,-0.0166842,-0.220016,1.74477,0.0516362,0.576281,1.71848
286,0,-0.0167924,-0.220067,1.74594,0.0516362,0.576281,1.71848
287,0,-0.0149985,-0.219759,1.7448,0.0516362,0.576281,1.71848
288,0,-0.015296,-0.219414,1.74673,0.0516362,0.576281,1.71848
289,0,-0.0148568,-0.219212,1.74611,0.0516362,0.576281,1.71848
290,0,-0.0163819,-0.219148,1.74734,0.0516362,0.576281,1.71848
291,0,-0.0169478,-0.219365,1.74601,0.0516362,0.576281,1.71848
292,0,-0.016529,-0.218992,1.74694,0.0516362,0.576281,1.71848
293,0,-0.0170041,-0.219546,1.7457,0.0516362,0.576281,1.71848
294,0,-0.0147488,-0.219789,1.7468,0.0516362,0.576281,1.71848
295,0,-0.0124139,-0.220089,1.74197,0.0516362,0.576281,1.71848
296,0,-0.0153152,-0.2203,1.74813,0.0516362,0.576281,1.71848
297,0,-0.0173673,-0.219998,1.74593,0.0516362,0.576281,1.71848
298,0,-0.0162854,-0.220041,1.7456,0.0516362,0.576281,1.71848
299,0,-0.0154482,-0.219885,1.74656,0.0516362,0.576281,1.71848
300,1,-0.0153578,-0.219642,1.74415,0.0516362,0.576281,1.71848
301,0,-0.0170905,-0.219271,1.74371,0.0516362,0.576281,1.71848
302,0,-0.0153652,-0.220281,1.74606,0.0516362,0.576281,1.71848
303,0,-0.0177069,-0.220091,1.74582,0.0516362,0.576281,1.71848
304,0,-0.0163866,-0.220211,1.74592,0.0516362,0.576281,1.71848
305,0,-0.0164872,-0.219983,1.74636,0.0516362,0.576281,1.71848
306,0,-0.0174813,-0.219561,1.74822,0.0516362,0.576281,1.71848
307,0,-0.0169263,-0.219818,1.74537,0.0516362,0.576281,1.71848
308,0,-0.0108296,-0.220549,1.74239,0.0516362,0.576281,1.71848
309,0,-0.010311,-0.220471,1.74167,0.0516362,0.576281,1.71848
310,0,-0.0165464,-0.220424,1.7455,0.0516362,0.576281,1.71848
311,0,-0.0167936,-0.220398,1.74621,0.0516362,0.576281,1.71848
313,0,-0.0153846,-0.220119,1.74629,0.0516362,0.576281,1.71848
314,0,-0.0166712,-0.220278,1.74704,0.0516362,0.576281,1.71848
315,0,-0.0149205,-0.219809,1.74597,0.0516362,0.576281,1.71848
316,0,-0.0169199,-0.21978,1.74606,0.0516362,0.576281,1.71848
317,0,-0.0155714,-0.219833,1.74584,0.0516362,0.576281,1.71848
318,0,-0.016906,-0.21978,1.74655,0.0516362,0.576281,1.71848
319,0,-0.0166231,-0.21931,1.74736,0.0516362,0.576281,1.71848
320,0,-0.01581,-0.220577,1.74792,0.0516362,0.576281,1.71848
321,0,-0.0167663,-0.219292,1.74722,0.0516362,0.576281,1.71848
322,0,-0.0167957,-0.219813,1.74597,0.0516362,0.576281,1.71848
323,0,-0.0163968,-0.219539,1.74737,0.0516362,0.576281,1.71848
324,0,-0.0144252,-0.21938,1.74568,0.0516362,0.576281,1.71848
325,0,-0.0157714,-0.21966,1.74658,0.0516362,0.576281,1.71848
326,0,-0.015577,-0.219353,1.74258,0.0516362,0.576281,1.71848
327,1,-0.0160134,-0.219476,1.73681,0.0516362,0.576281,1.71848
328,1,-0.0190211,-0.2182,1.73631,0.0516362,0.576281,1.71848
329,1,-0.0174352,-0.2184,1.72876,0.0516362,0.576281,1.71848
330,1,-0.0136079,-0.2163,1.73482,0.0516362,0.576281,1.71848
331,1,-0.0128305,-0.216239,1.73294,0.0516362,0.576281,1.71848
332,1,-0.00525144,-0.218023,1.73491,0.0516362,0.576281,1.71848
333,1,-0.00313965,-0.217276,1.73658,0.0516362,0.576281,1.71848
334,1,-0.00182666,-0.21774,1.73829,0.0516362,0.576281,1.71848
335,1,-0.00141014,-0.217304,1.74126,0.0516362,0.576281,1.71848
336,1,-0.00159228,-0.217562,1.73962,0.0516362,0.576281,1.71848
337,1,-0.00281813,-0.218232,1.73992,0.0516362,0.576281,1.71848
338,1,-0.00340182,-0.218049,1.73941,0.0516362,0.576281,1.71848
339,1,-0.00501134,-0.216946,1.73265,0.0516362,0.576281,1.71848
340,1,-0.00424242,-0.213589,1.72844,0.0516362,0.576281,1.71848
341,1,-0.00574527,-0.208236,1.71722,0.0516362,0.576281,1.71848
342,1,-0.00926148,-0.203191,1.70357,0.0516362,0.576281,1.71848
343,1,-0.0119943,-0.198811,1.68698,0.0516362,0.576281,1.71848
344,1,-0.0254438,-0.195344,1.6595,0.0516362,0.576281,1.71848
345,1,-0.0344792,-0.197364,1.63055,0.0516362,0.576281,1.71848
346,1,-0.0482149,-0.203149,1.59663,0.0516362,0.576281,1.71848
347,1,-0.0572504,-0.206186,1.56625,0.0516362,0.576281,1.71848
348,1,-0.0749983,-0.214413,1.53244,0.0516362,0.576281,1.71848
349,1,-0.0870543,-0.220027,1.49845,0.0516362,0.576281,1.71848
350,1,-0.100787,-0.22636,1.46286,0.0516362,0.576281,1.71848
351,1,-0.112324,-0.232856,1.43121,0.0516362,0.576281,1.71848
352,1,-0.122582,-0.240079,1.40102,0.0516362,0.576281,1.71848
353,1,-0.132379,-0.250596,1.37198,0.0516362,0.576281,1.71848
354,1,-0.136732,-0.263028,1.34499,0.0516362,0.576281,1.71848
355,1,-0.139186,-0.274184,1.31989,0.0516362,0.576281,1.71848
356,1,-0.140141,-0.283001,1.30047,0.0516362,0.576281,1.71848
357,1,-0.136766,-0.289731,1.28696,0.0516362,0.576281,1.71848
358,1,-0.127821,-0.295239,1.28557,0.0516362,0.576281,1.71848
359,1,-0.110744,-0.301486,1.29479,0.0516362,0.576281,1.71848
360,1,-0.0897972,-0.307048,1.30879,0.0516362,0.576281,1.71848
361,1,-0.0711026,-0.30641,1.3291,0.0516362,0.576281,1.71848
362,1,-0.0614726,-0.302913,1.35473,0.0516362,0.576281,1.71848
363,1,-0.0639847,-0.300562,1.37085,0.0516362,0.576281,1.71848
364,1,-0.0775569,-0.299225,1.37273,0.0516362,0.576281,1.71848
365,1,-0.0905702,-0.297253,1.36617,0.0516362,0.576281,1.71848
366,1,-0.106284,-0.297282,1.34624,0.0516362,0.576281,1.71848
367,1,-0.117945,-0.299648,1.32686,0.0516362,0.576281,1.71848
368,1,-0.127441,-0.301727,1.30594,0.0516362,0.576281,1.71848
369,1,-0.129054,-0.304003,1.2907,0.0516362,0.576281,1.71848
370,1,-0.127768,-0.306464,1.2796,0.0516362,0.576281,1.71848
371,1,-0.119696,-0.306839,1.27369,0.0516362,0.576281,1.71848
372,1,-0.106959,-0.308764,1.27522,0.0516362,0.576281,1.71848
373,1,-0.0920983,-0.309844,1.28322,0.0516362,0.576281,1.71848
374,1,-0.0748272,-0.309377,1.29751,0.0516362,0.576281,1.71848
375,1,-0.0574739,-0.307155,1.31816,0.0516362,0.576281,1.71848
376,1,-0.0488369,-0.304842,1.3462,0.0516362,0.576281,1.71848
377,1,-0.048223,-0.30201,1.36982,0.0516362,0.576281,1.71848
378,1,-0.0541911,-0.299088,1.38737,0.0516362,0.576281,1.71848
379,1,-0.0711402,-0.298637,1.3925,0.0516362,0.576281,1.71848
380,1,-0.0923374,-0.297236,1.38568,0.0516362,0.576281,1.71848
381,1,-0.111735,-0.295783,1.37205,0.0516362,0.576281,1.71848
382,1,-0.131966,-0.297546,1.34947,0.0516362,0.576281,1.71848
383,1,-0.145288,-0.298683,1.32857,0.0516362,0.576281,1.71848
384,1,-0.151525,-0.300164,1.30967,0.0516362,0.576281,1.71848
385,1,-0.15161,-0.303092,1.29523,0.0516362,0.576281,1.71848
386,1,-0.146024,-0.30438,1.28489,0.0516362,0.576281,1.71848
387,1,-0.135414,-0.306068,1.27851,0.0516362,0.576281,1.71848
388,1,-0.121314,-0.307508,1.28174,0.0516362,0.576281,1.71848
389,1,-0.106588,-0.309044,1.29196,0.0516362,0.576281,1.71848
390,1,-0.090049,-0.307771,1.30641,0.0516362,0.576281,1.71848
391,1,-0.0756701,-0.307157,1.32624,0.0516362,0.576281,1.71848
392,1,-0.0683455,-0.303782,1.35135,0.0516362,0.576281,1.71848
393,1,-0.0707716,-0.302133,1.37303,0.0516362,0.576281,1.71848
394,1,-0.0751368,-0.299725,1.38671,0.0516362,0.576281,1.71848
395,1,-0.0874098,-0.297611,1.38773,0.0516362,0.576281,1.71848
396,1,-0.101405,-0.296079,1.38155,0.0516362,0.576281,1.71848
397,1,-0.117538,-0.296607,1.36875,0.0516362,0.576281,1.71848
398,1,-0.129677,-0.296825,1.3497,0.0516362,0.576281,1.71848
399,1,-0.142704,-0.298066,1.33164,0.0516362,0.576281,1.71848
400,1,-0.150215,-0.300477,1.3128,0.0516362,0.576281,1.71848
401,1,-0.15162,-0.302097,1.29861,0.0516362,0.576281,1.71848
402,1,-0.148046,-0.304648,1.28568,0.0516362,0.576281,1.71848
403,1,-0.141989,-0.30638,1.27831,0.0516362,0.576281,1.71848
404,1,-0.135546,-0.307696,1.27142,0.0516362,0.576281,1.71848
405,1,-0.124678,-0.308889,1.27164,0.0516362,0.576281,1.71848
406,1,-0.112374,-0.309089,1.27631,0.0516362,0.576281,1.71848
407,1,-0.101129,-0.308944,1.2834,0.0516362,0.576281,1.71848
408,1,-0.0908868,-0.309381,1.29342,0.0516362,0.576281,1.71848
409,1,-0.0823662,-0.307729,1.3059,0.0516362,0.576281,1.71848
410,1,-0.0752074,-0.307038,1.31915,0.0516362,0.576281,1.71848
411,1,-0.0714668,-0.304727,1.33654,0.0516362,0.576281,1.71848
412,1,-0.0704627,-0.300349,1.34995,0.0516362,0.576281,1.71848
413,1,-0.0717454,-0.292329,1.36625,0.0516362,0.576281,1.71848
414,1,-0.0760179,-0.283016,1.37965,0.0516362,0.576281,1.71848
415,1,-0.0813024,-0.273371,1.39347,0.0516362,0.576281,1.71848
416,1,-0.0900829,-0.261185,1.40709,0.0516362,0.576281,1.71848
417,1,-0.0984519,-0.249688,1.42464,0.0516362,0.576281,1.71848
418,1,-0.111661,-0.239356,1.44258,0.0516362,0.576281,1.71848
419,1,-0.12435,-0.228836,1.46061,0.0516362,0.576281,1.71848
420,1,-0.136955,-0.219389,1.47617,0.0516362,0.576281,1.71848
421,1,-0.154083,-0.210718,1.49432,0.0516362,0.576281,1.71848
422,1,-0.173175,-0.202231,1.51386,0.0516362,0.576281,1.71848
423,1,-0.191816,-0.195344,1.53286,0.0516362,0.576281,1.71848
424,1,-0.213165,-0.189392,1.55646,0.0516362,0.576281,1.71848
425,1,-0.236182,-0.183779,1.57285,0.0516362,0.576281,1.71848
426,1,-0.256823,-0.179781,1.58911,0.0516362,0.576281,1.71848
427,1,-0.279429,-0.176276,1.6056,0.0516362,0.576281,1.71848
428,1,-0.299124,-0.17305,1.6227,0.0516362,0.576281,1.71848
429,1,-0.313337,-0.17101,1.64207,0.0516362,0.576281,1.71848
430,1,-0.328648,-0.171795,1.65399,0.0516362,0.576281,1.71848
431,1,-0.341519,-0.169584,1.67179,0.0516362,0.576281,1.71848
432,1,-0.349213,-0.170137,1.67973,0.0516362,0.576281,1.71848
433,1,-0.359869,-0.169907,1.68714,0.0516362,0.576281,1.71848
434,1,-0.365796,-0.170458,1.6937,0.0516362,0.576281,1.71848
435,1,-0.372762,-0.171971,1.69881,0.0516362,0.576281,1.71848
436,1,-0.379233,-0.174543,1.70644,0.0516362,0.576281,1.71848
437,1,-0.376734,-0.181569,1.70512,0.0516362,0.576281,1.71848
438,1,-0.377503,-0.182743,1.70431,0.0516362,0.576281,1.71848
439,1,-0.377961,-0.183366,1.70454,0.0516362,0.576281,1.71848
440,1,-0.377867,-0.180276,1.71122,0.0516362,0.576281,1.71848
441,1,-0.377901,-0.183471,1.70126,0.0516362,0.576281,1.71848
442,1,-0.376736,-0.183244,1.70165,0.0516362,0.576281,1.71848
443,1,-0.375919,-0.182129,1.70455,0.0516362,0.576281,1.71848
444,1,-0.377447,-0.182479,1.70515,0.0516362,0.576281,1.71848
445,1,-0.377973,-0.183691,1.7033,0.0516362,0.576281,1.71848
446,1,-0.380298,-0.181442,1.70566,0.0516362,0.576281,1.71848
447,1,-0.379952,-0.179989,1.71092,0.0516362,0.576281,1.71848
448,1,-0.380346,-0.181283,1.70649,0.0516362,0.576281,1.71848
449,1,-0.376697,-0.181492,1.70485,0.0516362,0.576281,1.71848
450,1,-0.375302,-0.18101,1.71004,0.0516362,0.576281,1.71848
451,0,-0.375418,-0.183168,1.704,0.0516362,0.576281,1.71848
452,0,-0.375793,-0.182574,1.70569,0.0516362,0.576281,1.71848
453,0,-0.375756,-0.18247,1.70504,0.0516362,0.576281,1.71848
454,0,-0.373933,-0.18299,1.6988,0.0516362,0.576281,1.71848
455,0,-0.375474,-0.183562,1.70548,0.0516362,0.576281,1.71848
456,0,-0.375793,-0.183707,1.70083,0.0516362,0.576281,1.71848
457,0,-0.374393,-0.181647,1.70131,0.0516362,0.576281,1.71848
458,0,-0.375387,-0.182477,1.7049,0.0516362,0.576281,1.71848
459,0,-0.374231,-0.179148,1.71084,0.0516362,0.576281,1.71848
460,0,-0.375851,-0.182995,1.70525,0.0516362,0.576281,1.71848
461,0,-0.375109,-0.18331,1.70635,0.0516362,0.576281,1.71848
462,0,-0.374873,-0.182512,1.70626,0.0516362,0.576281,1.71848
463,0,-0.375115,-0.184247,1.70039,0.0516362,0.576281,1.71848
464,0,-0.374783,-0.183219,1.70062,0.0516362,0.576281,1.71848
465,1,-0.374551,-0.183592,1.70284,0.0516362,0.576281,1.71848
466,0,-0.375651,-0.183752,1.70123,0.0516362,0.576281,1.71848
467,0,-0.375646,-0.183535,1.70063,0.0516362,0.576281,1.71848
468,0,-0.37554,-0.182873,1.70047,0.0516362,0.576281,1.71848
469,1,-0.374795,-0.18278,1.70028,0.0516362,0.576281,1.71848
470,0,-0.375464,-0.181905,1.70223,0.0516362,0.576281,1.71848
471,0,-0.37522,-0.182809,1.69953,0.0516362,0.576281,1.71848
472,0,-0.375702,-0.183058,1.70056,0.0516362,0.576281,1.71848
473,1,-0.375298,-0.183556,1.69964,0.0516362,0.576281,1.71848
474,0,-0.375226,-0.183907,1.70063,0.0516362,0.576281,1.71848
475,0,-0.375596,-0.183176,1.7002,0.0516362,0.576281,1.71848
476,0,-0.375042,-0.184275,1.69929,0.0516362,0.576281,1.71848
477,0,-0.376421,-0.184299,1.70199,0.0516362,0.576281,1.71848
478,0,-0.375444,-0.18411,1.70195,0.0516362,0.576281,1.71848
479,1,-0.376117,-0.183387,1.69857,0.0516362,0.576281,1.71848
480,0,-0.375835,-0.184243,1.69986,0.0516362,0.576281,1.71848
481,0,-0.37559,-0.182001,1.70393,0.0516362,0.576281,1.71848
482,0,-0.375308,-0.184162,1.69753,0.0516362,0.576281,1.71848
483,1,-0.374277,-0.184271,1.69835,0.0516362,0.576281,1.71848
484,0,-0.374438,-0.184637,1.69873,0.0516362,0.576281,1.71848
485,0,-0.3746,-0.184045,1.7004,0.0516362,0.576281,1.71848
486,0,-0.375375,-0.184144,1.70188,0.0516362,0.576281,1.71848
487,1,-0.374613,-0.183487,1.69991,0.0516362,0.576281,1.71848
488,0,-0.374138,-0.183618,1.69905,0.0516362,0.576281,1.71848
489,0,-0.375673,-0.182148,1.70537,0.0516362,0.576281,1.71848
490,0,-0.374959,-0.182537,1.70373,0.0516362,0.576281,1.71848
491,0,-0.375275,-0.182182,1.70433,0.0516362,0.576281,1.71848
492,0,-0.374078,-0.181304,1.70564,0.0516362,0.576281,1.71848
493,1,-0.37631,-0.182566,1.70453,0.0516362,0.576281,1.71848
494,0,-0.375785,-0.182471,1.70342,0.0516362,0.576281,1.71848
495,0,-0.374793,-0.183389,1.70237,0.0516362,0.576281,1.71848
496,0,-0.374435,-0.18262,1.70653,0.0516362,0.576281,1.71848
497,0,-0.375222,-0.182377,1.70499,0.0516362,0.576281,1.71848
498,0,-0.374839,-0.181572,1.70438,0.0516362,0.576281,1.71848
499,0,-0.376562,-0.18263,1.70668,0.0516362,0.576281,1.71848
500,0,-0.374581,-0.182569,1.70261,0.0516362,0.576281,1.71848
501,1,-0.374907,-0.18198,1.70391,0.0516362,0.576281,1.71848
502,0,-0.375371,-0.181917,1.70472,0.0516362,0.576281,1.71848
503,0,-0.374138,-0.181302,1.7058,0.0516362,0.576281,1.71848
504,0,-0.375598,-0.181272,1.70562,0.0516362,0.576281,1.71848
505,0,-0.374827,-0.182459,1.70425,0.0516362,0.576281,1.71848
506,0,-0.376466,-0.182043,1.70387,0.0516362,0.576281,1.71848
507,0,-0.376287,-0.182587,1.70432,0.0516362,0.576281,1.71848
508,0,-0.375447,-0.18326,1.70299,0.0516362,0.576281,1.71848
509,0,-0.375343,-0.182331,1.69969,0.0516362,0.576281,1.71848
510,0,-0.375496,-0.183758,1.7008,0.0516362,0.576281,1.71848
511,0,-0.374637,-0.184166,1.7021,0.0516362,0.576281,1.71848
512,0,-0.378134,-0.179463,1.70175,0.0516362,0.576281,1.71848
513,1,-0.380323,-0.177226,1.70645,0.0516362,0.576281,1.71848
514,1,-0.379831,-0.178895,1.69996,0.0516362,0.576281,1.71848
515,1,-0.379509,-0.180364,1.70542,0.0516362,0.576281,1.71848
516,1,-0.382003,-0.180907,1.70267,0.0516362,0.576281,1.71848
517,1,-0.381355,-0.17918,1.7021,0.0516362,0.576281,1.71848
518,1,-0.378669,-0.179667,1.6985,0.0516362,0.576281,1.71848
519,1,-0.376329,-0.177693,1.6955,0.0516362,0.576281,1.71848
520,1,-0.368902,-0.172652,1.69059,0.0516362,0.576281,1.71848
521,1,-0.359524,-0.168274,1.68262,0.0516362,0.576281,1.71848
522,1,-0.339841,-0.162753,1.67125,0.0516362,0.576281,1.71848
523,1,-0.321019,-0.159176,1.65894,0.0516362,0.576281,1.71848
524,1,-0.29605,-0.158001,1.65201,0.0516362,0.576281,1.71848
525,1,-0.26514,-0.158647,1.64452,0.0516362,0.576281,1.71848
526,1,-0.230697,-0.161135,1.64427,0.0516362,0.576281,1.71848
527,1,-0.192466,-0.164004,1.63915,0.0516362,0.576281,1.71848
528,1,-0.147749,-0.164352,1.63654,0.0516362,0.576281,1.71848
529,1,-0.0984652,-0.16728,1.63882,0.0516362,0.576281,1.71848
530,1,-0.0518551,-0.170704,1.6388,0.0516362,0.576281,1.71848
531,1,-0.00420984,-0.174538,1.64731,0.0516362,0.576281,1.71848
532,1,0.0399472,-0.17755,1.65241,0.0516362,0.576281,1.71848
533,1,0.0863984,-0.177464,1.65794,0.0516362,0.576281,1.71848
534,1,0.132182,-0.180227,1.67313,0.0516362,0.576281,1.71848
535,1,0.173537,-0.180994,1.68371,0.0516362,0.576281,1.71848
536,1,0.209958,-0.179512,1.69459,0.0516362,0.576281,1.71848
537,1,0.24456,-0.181037,1.70942,0.0516362,0.576281,1.71848
538,1,0.277884,-0.179745,1.71976,0.0516362,0.576281,1.71848
539,1,0.304714,-0.178615,1.72675,0.0516362,0.576281,1.71848
540,1,0.325741,-0.17946,1.73422,0.0516362,0.576281,1.71848
541,1,0.343477,-0.184036,1.7437,0.0516362,0.576281,1.71848
542,1,0.359195,-0.18978,1.75351,0.0516362,0.576281,1.71848
543,1,0.364081,-0.197375,1.76241,0.0516362,0.576281,1.71848
544,1,0.356864,-0.20813,1.76445,0.0516362,0.576281,1.71848
545,1,0.364838,-0.218969,1.76407,0.0516362,0.576281,1.71848
546,1,0.370397,-0.217078,1.76535,0.0516362,0.576281,1.71848
547,1,0.368945,-0.218045,1.76509,0.0516362,0.576281,1.71848
548,1,0.372021,-0.216814,1.76242,0.0516362,0.576281,1.71848
549,1,0.376803,-0.216065,1.77058,0.0516362,0.576281,1.71848
550,1,0.376019,-0.215422,1.76646,0.0516362,0.576281,1.71848
551,1,0.376566,-0.215074,1.76579,0.0516362,0.576281,1.71848
552,1,0.359414,-0.219198,1.76537,0.0516362,0.576281,1.71848
553,1,0.356076,-0.220122,1.76615,0.0516362,0.576281,1.71848
554,1,0.352605,-0.217753,1.77182,0.0516362,0.576281,1.71848
555,1,0.348463,-0.215951,1.77128,0.0516362,0.576281,1.71848
556,1,0.351462,-0.216902,1.77853,0.0516362,0.576281,1.71848
557,0,0.352224,-0.217041,1.77644,0.0516362,0.576281,1.71848
558,0,0.352526,-0.216326,1.7767,0.0516362,0.576281,1.71848
559,0,0.352951,-0.216341,1.78058,0.0516362,0.576281,1.71848
560,0,0.352292,-0.215233,1.77375,0.0516362,0.576281,1.71848
561,0,0.352941,-0.216762,1.77455,0.0516362,0.576281,1.71848
562,0,0.35112,-0.216128,1.7731,0.0516362,0.576281,1.71848
563,0,0.352147,-0.21708,1.77496,0.0516362,0.576281,1.71848
564,0,0.352404,-0.21637,1.77793,0.0516362,0.576281,1.71848
565,0,0.352314,-0.217371,1.77423,0.0516362,0.576281,1.71848
566,0,0.350887,-0.216241,1.77355,0.0516362,0.576281,1.71848
567,0,0.35055,-0.215717,1.77181,0.0516362,0.576281,1.71848
568,0,0.353164,-0.216308,1.77575,0.0516362,0.576281,1.71848
569,0,0.352874,-0.216543,1.77485,0.0516362,0.576281,1.71848
570,0,0.35271,-0.216246,1.77574,0.0516362,0.576281,1.71848
571,0,0.354376,-0.21652,1.77508,0.0516362,0.576281,1.71848
572,0,0.352611,-0.215943,1.77494,0.0516362,0.576281,1.71848
573,0,0.353718,-0.216105,1.77709,0.0516362,0.576281,1.71848
574,0,0.353779,-0.216968,1.77728,0.0516362,0.576281,1.71848
575,0,0.352259,-0.217684,1.77722,0.0516362,0.576281,1.71848
576,0,0.352394,-0.217634,1.77834,0.0516362,0.576281,1.71848
577,0,0.354809,-0.216881,1.7796,0.0516362,0.576281,1.71848
578,0,0.353752,-0.217297,1.77715,0.0516362,0.576281,1.71848
579,0,0.353016,-0.217752,1.77567,0.0516362,0.576281,1.71848
580,0,0.352843,-0.217406,1.77682,0.0516362,0.576281,1.71848
581,0,0.353445,-0.216843,1.77987,0.0516362,0.576281,1.71848
582,0,0.35323,-0.217668,1.7817,0.0516362,0.576281,1.71848
583,0,0.353393,-0.216955,1.77976,0.0516362,0.576281,1.71848
584,0,0.352771,-0.216974,1.77703,0.0516362,0.576281,1.71848
585,0,0.355111,-0.216873,1.77966,0.0516362,0.576281,1.71848
586,0,0.352922,-0.216583,1.77703,0.0516362,0.576281,1.71848
587,1,0.352966,-0.216391,1.78052,0.0516362,0.576281,1.71848
588,0,0.353606,-0.216463,1.77756,0.0516362,0.576281,1.71848
589,0,0.352405,-0.216958,1.77946,0.0516362,0.576281,1.71848
590,0,0.354076,-0.217346,1.77956,0.0516362,0.576281,1.71848
591,0,0.353089,-0.216817,1.77894,0.0516362,0.576281,1.71848
592,0,0.35358,-0.216366,1.78069,0.0516362,0.576281,1.71848
593,0,0.35192,-0.216851,1.78114,0.0516362,0.576281,1.71848
594,0,0.353439,-0.217885,1.77803,0.0516362,0.576281,1.71848
595,0,0.355969,-0.217594,1.77779,0.0516362,0.576281,1.71848
596,0,0.354212,-0.218085,1.78111,0.0516362,0.576281,1.71848
597,0,0.353695,-0.217436,1.77923,0.0516362,0.576281,1.71848
598,0,0.352991,-0.217208,1.777,0.0516362,0.576281,1.71848
599,0,0.354558,-0.217313,1.7781,0.0516362,0.576281,1.71848
600,0,0.354928,-0.217229,1.77369,0.0516362,0.576281,1.71848
601,0,0.353047,-0.217978,1.77639,0.0516362,0.576281,1.71848
602,0,0.354835,-0.217013,1.77855,0.0516362,0.576281,1.71848
603,0,0.354106,-0.217998,1.77269,0.0516362,0.576281,1.71848
604,0,0.352457,-0.216123,1.77255,0.0516362,0.576281,1.71848
605,0,0.352811,-0.21762,1.77604,0.0516362,0.576281,1.71848
606,0,0.353521,-0.216669,1.7745,0.0516362,0.576281,1.71848
607,0,0.354368,-0.217135,1.77672,0.0516362,0.576281,1.71848
608,0,0.352997,-0.217279,1.77743,0.0516362,0.576281,1.71848
609,1,0.353011,-0.217651,1.78156,0.0516362,0.576281,1.71848
610,0,0.352756,-0.217549,1.78005,0.0516362,0.576281,1.71848
611,0,0.353587,-0.216889,1.77722,0.0516362,0.576281,1.71848
612,0,0.354581,-0.216947,1.77489,0.0516362,0.576281,1.71848
613,0,0.352477,-0.216938,1.77498,0.0516362,0.576281,1.71848
614,0,0.353046,-0.215897,1.77587,0.0516362,0.576281,1.71848
615,0,0.351294,-0.21679,1.77891,0.0516362,0.576281,1.71848
616,0,0.352388,-0.217419,1.77789,0.0516362,0.576281,1.71848
617,0,0.351182,-0.217172,1.78273,0.0516362,0.576281,1.71848
618,0,0.350959,-0.21636,1.77746,0.0516362,0.576281,1.71848
619,0,0.352683,-0.217312,1.7782,0.0516362,0.576281,1.71848
620,0,0.352165,-0.217376,1.78075,0.0516362,0.576281,1.71848
621,0,0.35206,-0.21678,1.77874,0.0516362,0.576281,1.71848
622,0,0.352528,-0.217107,1.78023,0.0516362,0.576281,1.71848
623,0,0.352367,-0.216654,1.78094,0.0516362,0.576281,1.71848
624,0,0.351754,-0.217403,1.78172,0.0516362,0.576281,1.71848
625,0,0.353852,-0.217519,1.78377,0.0516362,0.576281,1.71848
626,0,0.350731,-0.217353,1.77803,0.0516362,0.576281,1.71848
627,0,0.352746,-0.218348,1.78052,0.0516362,0.576281,1.71848
628,0,0.352367,-0.2179,1.77637,0.0516362,0.576281,1.71848
629,0,0.352778,-0.218247,1.77887,0.0516362,0.576281,1.71848
630,0,0.353171,-0.217298,1.7791,0.0516362,0.576281,1.71848
631,0,0.35183,-0.216857,1.77893,0.0516362,0.576281,1.71848
632,0,0.352712,-0.217637,1.78052,0.0516362,0.576281,1.71848
633,0,0.353179,-0.218746,1.77783,0.0516362,0.576281,1.71848
634,0,0.351364,-0.217345,1.77896,0.0516362,0.576281,1.71848
635,0,0.351451,-0.218516,1.77812,0.0516362,0.576281,1.71848
636,0,0.351657,-0.217908,1.78479,0.0516362,0.576281,1.71848
637,0,0.352595,-0.217093,1.7791,0.0516362,0.576281,1.71848
638,0,0.353122,-0.217011,1.78065,0.0516362,0.576281,1.71848
639,0,0.353125,-0.217764,1.77747,0.0516362,0.576281,1.71848
640,0,0.35245,-0.216622,1.77817,0.0516362,0.576281,1.71848
641,0,0.35242,-0.216261,1.77807,0.0516362,0.576281,1.71848
642,0,0.351435,-0.217758,1.77885,0.0516362,0.576281,1.71848
643,0,0.351001,-0.21684,1.77691,0.0516362,0.576281,1.71848
644,0,0.35293,-0.216478,1.77466,0.0516362,0.576281,1.71848
645,0,0.352906,-0.216718,1.77688,0.0516362,0.576281,1.71848
646,0,0.352041,-0.216214,1.77771,0.0516362,0.576281,1.71848
647,0,0.353796,-0.216501,1.77776,0.0516362,0.576281,1.71848
648,0,0.351855,-0.21611,1.77697,0.0516362,0.576281,1.71848
649,0,0.351464,-0.216487,1.77706,0.0516362,0.576281,1.71848
650,0,0.353934,-0.216443,1.77882,0.0516362,0.576281,1.71848
651,0,0.350938,-0.217075,1.78363,0.0516362,0.576281,1.71848
652,0,0.353275,-0.217397,1.78095,0.0516362,0.576281,1.71848
653,0,0.352256,-0.216253,1.78074,0.0516362,0.576281,1.71848
654,0,0.352514,-0.216976,1.78061,0.0516362,0.576281,1.71848
655,0,0.351125,-0.215993,1.77569,0.0516362,0.576281,1.71848
656,0,0.353725,-0.217886,1.77971,0.0516362,0.576281,1.71848
657,0,0.353174,-0.217467,1.78279,0.0516362,0.576281,1.71848
658,0,0.352226,-0.217307,1.78001,0.0516362,0.576281,1.71848
659,0,0.35299,-0.217012,1.77998,0.0516362,0.576281,1.71848
660,0,0.352305,-0.216949,1.77827,0.0516362,0.576281,1.71848
661,0,0.352919,-0.216543,1.77865,0.0516362,0.576281,1.71848
662,0,0.353986,-0.216364,1.77418,0.0516362,0.576281,1.71848
663,0,0.354492,-0.216798,1.77461,0.0516362,0.576281,1.71848
664,0,0.353299,-0.217261,1.77824,0.0516362,0.576281,1.71848
665,0,0.354624,-0.216304,1.78069,0.0516362,0.576281,1.71848
666,0,0.353792,-0.217458,1.77845,0.0516362,0.576281,1.71848
667,0,0.353702,-0.217911,1.77833,0.0516362,0.576281,1.71848
668,0,0.35422,-0.216432,1.78035,0.0516362,0.576281,1.71848
669,0,0.352682,-0.216883,1.77815,0.0516362,0.576281,1.71848
670,0,0.351876,-0.21759,1.77863,0.0516362,0.576281,1.71848
671,0,0.350823,-0.217753,1.77905,0.0516362,0.576281,1.71848
672,0,0.352958,-0.216318,1.77796,0.0516362,0.576281,1.71848
673,1,0.353695,-0.216921,1.77762,0.0516362,0.576281,1.71848
674,0,0.353148,-0.217045,1.77815,0.0516362,0.576281,1.71848
