Locations,6
Location Intervals,20
Sector Intervals,36
Edge,0,Number,0
0,0,0,0,0,0,0,0,0,0,0,0,0,0,0,0,0,0,0,0,0,0,0,0,0,0,0,0,0,0,0,0,0,0,0,0,0,0,0,0,0,0,0,0,0,0,0,0,0,0,0,0,0,0,0,0,0,0,0,0
Edge,1,Number,0
-0.0886992,-0.162025,1.69961,-0.0651864,-0.152957,1.69606,-0.0416736,-0.14389,1.6925,-0.0181608,-0.134823,1.68895,0.005352,-0.125755,1.6854,0.0288648,-0.116688,1.68185,0.0523776,-0.107621,1.67829,0.0758904,-0.0985534,1.67474,0.0994032,-0.0894861,1.67119,0.122916,-0.0804188,1.66763,0.146429,-0.0713514,1.66408,0.169942,-0.0622841,1.66053,0.193454,-0.0532168,1.65698,0.216967,-0.0441495,1.65342,0.24048,-0.0350821,1.64987,0.263993,-0.0260148,1.64632,0.287506,-0.0169475,1.64277,0.311018,-0.00788015,1.63921,0.334531,0.00118717,1.63566,0.358044,0.0102545,1.63211
Edge,2,Number,0
-0.156243,-0.0946911,1.72724,-0.147389,-0.0745244,1.72903,-0.138535,-0.0543576,1.73082,-0.129681,-0.0341909,1.73261,-0.120827,-0.0140242,1.7344,-0.111973,0.00614256,1.73618,-0.103119,0.0263093,1.73797,-0.0942648,0.046476,1.73976,-0.0854109,0.0666428,1.74155,-0.0765569,0.0868095,1.74334,-0.0677029,0.106976,1.74513,-0.058849,0.127143,1.74692,-0.049995,0.14731,1.74871,-0.0411411,0.167476,1.7505,-0.0322871,0.187643,1.75228,-0.0234332,0.20781,1.75407,-0.0145792,0.227977,1.75586,-0.00572525,0.248143,1.75765,0.00312871,0.26831,1.75944,0.0119827,0.288477,1.76123
Edge,3,Number,0
-0.116373,-0.209076,1.63887,-0.103068,-0.20937,1.62718,-0.0897625,-0.209664,1.61549,-0.0764572,-0.209958,1.60379,-0.0631519,-0.210252,1.5921,-0.0498466,-0.210546,1.58041,-0.0365413,-0.21084,1.56872,-0.0232361,-0.211134,1.55703,-0.00993078,-0.211428,1.54534,0.0033745,-0.211723,1.53364,0.0166798,-0.212017,1.52195,0.0299851,-0.212311,1.51026,0.0432903,-0.212605,1.49857,0.0565956,-0.212899,1.48688,0.0699009,-0.213193,1.47519,0.0832062,-0.213487,1.4635,0.0965115,-0.213781,1.4518,0.109817,-0.214075,1.44011,0.123122,-0.214369,1.42842,0.136427,-0.214663,1.41673
Edge,4,Number,0
-0.167768,-0.196547,1.64252,-0.157482,-0.182842,1.6434,-0.146859,-0.169615,1.64548,-0.135616,-0.157121,1.64848,-0.123534,-0.145668,1.65228,-0.110433,-0.135568,1.65687,-0.0962753,-0.127288,1.66218,-0.081256,-0.12129,1.66808,-0.0656162,-0.117938,1.67441,-0.049729,-0.117299,1.68099,-0.0339878,-0.119157,1.68759,-0.0186235,-0.123103,1.69405,-0.00365021,-0.128773,1.70034,0.0108842,-0.135857,1.7064,0.0250464,-0.144098,1.71225,0.038917,-0.153343,1.71791,0.0524762,-0.163371,1.72335,0.0659328,-0.174129,1.72865,0.0794383,-0.185418,1.73376,0.0951195,-0.198041,1.73904
Edge,5,Number,0
-0.275619,-0.227357,1.64008,-0.278976,-0.228328,1.63638,-0.282332,-0.229299,1.63268,-0.285689,-0.23027,1.62898,-0.289045,-0.231241,1.62528,-0.292402,-0.232212,1.62158,-0.295758,-0.233182,1.61788,-0.299115,-0.234153,1.61418,-0.302471,-0.235124,1.61048,-0.305828,-0.236095,1.60679,-0.309185,-0.237066,1.60309,-0.312541,-0.238037,1.59939,-0.315898,-0.239008,1.59569,-0.319254,-0.239978,1.59199,-0.322611,-0.240949,1.58829,-0.325967,-0.24192,1.58459,-0.329324,-0.242891,1.58089,-0.33268,-0.243862,1.57719,-0.336037,-0.244833,1.57349,-0.339393,-0.245803,1.56979
Edge,6,Number,0
0.334531,0.00118717,1.63566,0.311018,-0.00788015,1.63921,0.287506,-0.0169475,1.64277,0.263993,-0.0260148,1.64632,0.24048,-0.0350821,1.64987,0.216967,-0.0441495,1.65342,0.193454,-0.0532168,1.65698,0.169942,-0.0622841,1.66053,0.146429,-0.0713514,1.66408,0.122916,-0.0804187,1.66764,0.0994032,-0.0894861,1.67119,0.0758904,-0.0985534,1.67474,0.0523776,-0.107621,1.67829,0.0288648,-0.116688,1.68185,0.005352,-0.125755,1.6854,-0.0181608,-0.134823,1.68895,-0.0416736,-0.14389,1.6925,-0.0651864,-0.152957,1.69606,-0.0886992,-0.162025,1.69961,-0.112212,-0.171092,1.70316
Edge,7,Number,0
0,0,0,0,0,0,0,0,0,0,0,0,0,0,0,0,0,0,0,0,0,0,0,0,0,0,0,0,0,0,0,0,0,0,0,0,0,0,0,0,0,0,0,0,0,0,0,0,0,0,0,0,0,0,0,0,0,0,0,0
Edge,8,Number,0
0.364542,0.119107,1.65098,0.352033,0.129595,1.65572,0.339523,0.140082,1.66047,0.327013,0.15057,1.66522,0.314504,0.161057,1.66997,0.301994,0.171545,1.67471,0.289484,0.182032,1.67946,0.276974,0.19252,1.68421,0.264465,0.203007,1.68896,0.251955,0.213495,1.69371,0.239445,0.223982,1.69845,0.226936,0.23447,1.7032,0.214426,0.244957,1.70795,0.201916,0.255445,1.7127,0.189407,0.265932,1.71744,0.176897,0.27642,1.72219,0.164387,0.286907,1.72694,0.151878,0.297395,1.73169,0.139368,0.307882,1.73643,0.126858,0.31837,1.74118
Edge,9,Number,0
0.390588,-0.0205594,1.54981,0.384066,-0.0277236,1.5425,0.377544,-0.0348878,1.53519,0.371021,-0.042052,1.52787,0.364499,-0.0492162,1.52056,0.357976,-0.0563804,1.51325,0.351454,-0.0635446,1.50594,0.344931,-0.0707088,1.49863,0.338409,-0.077873,1.49132,0.331887,-0.0850372,1.48401,0.325364,-0.0922015,1.4767,0.318842,-0.0993657,1.46939,0.312319,-0.10653,1.46208,0.305797,-0.113694,1.45477,0.299274,-0.120858,1.44746,0.292752,-0.128023,1.44015,0.286229,-0.135187,1.43283,0.279707,-0.142351,1.42552,0.273185,-0.149515,1.41821,0.266662,-0.156679,1.4109
Edge,10,Number,0
0.363005,-0.0156663,1.65492,0.352917,-0.0227319,1.65913,0.34283,-0.0297975,1.66334,0.332742,-0.0368631,1.66755,0.322654,-0.0439287,1.67177,0.312567,-0.0509943,1.67598,0.302479,-0.0580599,1.68019,0.292391,-0.0651255,1.6844,0.282303,-0.0721911,1.68861,0.272216,-0.0792567,1.69283,0.262128,-0.0863224,1.69704,0.25204,-0.093388,1.70125,0.241953,-0.100454,1.70546,0.231865,-0.107519,1.70967,0.221777,-0.114585,1.71388,0.211689,-0.12165,1.7181,0.201602,-0.128716,1.72231,0.191514,-0.135782,1.72652,0.181426,-0.142847,1.73073,0.171338,-0.149913,1.73494
Edge,11,Number,0
0.323798,-7.59099e-05,1.59989,0.29034,-0.0122241,1.59514,0.256883,-0.0243723,1.59039,0.223426,-0.0365205,1.58564,0.189969,-0.0486687,1.58089,0.156512,-0.0608169,1.57614,0.123055,-0.0729651,1.5714,0.0895981,-0.0851133,1.56665,0.0561411,-0.0972615,1.5619,0.022684,-0.10941,1.55715,-0.0107731,-0.121558,1.5524,-0.0442301,-0.133706,1.54765,-0.0776872,-0.145854,1.5429,-0.111144,-0.158003,1.53816,-0.144601,-0.170151,1.53341,-0.178058,-0.182299,1.52866,-0.211515,-0.194447,1.52391,-0.244972,-0.206595,1.51916,-0.27843,-0.218744,1.51441,-0.311887,-0.230892,1.50967
Edge,12,Number,0
0.00312871,0.26831,1.75944,-0.00572525,0.248143,1.75765,-0.0145792,0.227977,1.75586,-0.0234332,0.20781,1.75407,-0.0322871,0.187643,1.75228,-0.0411411,0.167476,1.7505,-0.049995,0.14731,1.74871,-0.058849,0.127143,1.74692,-0.0677029,0.106976,1.74513,-0.0765569,0.0868095,1.74334,-0.0854109,0.0666428,1.74155,-0.0942648,0.046476,1.73976,-0.103119,0.0263093,1.73797,-0.111973,0.00614256,1.73618,-0.120827,-0.0140242,1.7344,-0.129681,-0.0341909,1.73261,-0.138535,-0.0543576,1.73082,-0.147389,-0.0745244,1.72903,-0.156243,-0.0946911,1.72724,-0.165096,-0.114858,1.72545
Edge,13,Number,0
0.139368,0.307882,1.73643,0.151878,0.297395,1.73169,0.164387,0.286907,1.72694,0.176897,0.27642,1.72219,0.189407,0.265932,1.71744,0.201916,0.255445,1.7127,0.214426,0.244957,1.70795,0.226936,0.23447,1.7032,0.239445,0.223982,1.69845,0.251955,0.213495,1.69371,0.264465,0.203007,1.68896,0.276974,0.19252,1.68421,0.289484,0.182032,1.67946,0.301994,0.171545,1.67471,0.314504,0.161057,1.66997,0.327013,0.15057,1.66522,0.339523,0.140082,1.66047,0.352033,0.129595,1.65572,0.364542,0.119107,1.65098,0.377052,0.10862,1.64623
Edge,14,Number,0
0,0,0,0,0,0,0,0,0,0,0,0,0,0,0,0,0,0,0,0,0,0,0,0,0,0,0,0,0,0,0,0,0,0,0,0,0,0,0,0,0,0,0,0,0,0,0,0,0,0,0,0,0,0,0,0,0,0,0,0
Edge,15,Number,0
0.0799447,0.278155,1.69736,0.0857746,0.256381,1.68207,0.0916045,0.234607,1.66678,0.0974343,0.212833,1.65148,0.103264,0.19106,1.63619,0.109094,0.169286,1.62089,0.114924,0.147512,1.6056,0.120754,0.125738,1.5903,0.126584,0.103965,1.57501,0.132414,0.082191,1.55971,0.138243,0.0604173,1.54442,0.144073,0.0386435,1.52913,0.149903,0.0168698,1.51383,0.155733,-0.00490394,1.49854,0.161563,-0.0266777,1.48324,0.167393,-0.0484514,1.46795,0.173223,-0.0702252,1.45265,0.179053,-0.0919989,1.43736,0.184883,-0.113773,1.42207,0.190712,-0.135546,1.40677
Edge,16,Number,0
0.060789,0.260696,1.76905,0.0621172,0.241505,1.76899,0.0634454,0.222313,1.76893,0.0647736,0.203121,1.76888,0.0661018,0.18393,1.76882,0.06743,0.164738,1.76876,0.0687582,0.145546,1.7687,0.0700864,0.126355,1.76865,0.0714146,0.107163,1.76859,0.0727428,0.0879715,1.76853,0.074071,0.0687799,1.76847,0.0753992,0.0495882,1.76841,0.0767274,0.0303966,1.76836,0.0780556,0.0112049,1.7683,0.0793838,-0.00798669,1.76824,0.080712,-0.0271783,1.76818,0.0820402,-0.04637,1.76813,0.0833684,-0.0655616,1.76807,0.0846966,-0.0847532,1.76801,0.0860249,-0.103945,1.76795
Edge,17,Number,0
-0.0202335,0.278311,1.7261,-0.0376285,0.253811,1.71574,-0.0550236,0.229312,1.70538,-0.0724186,0.204813,1.69502,-0.0898137,0.180314,1.68466,-0.107209,0.155815,1.6743,-0.124604,0.131316,1.66394,-0.141999,0.106817,1.65358,-0.159394,0.0823176,1.64322,-0.176789,0.0578185,1.63285,-0.194184,0.0333194,1.62249,-0.211579,0.00882027,1.61213,-0.228974,-0.0156788,1.60177,-0.246369,-0.040178,1.59141,-0.263764,-0.0646771,1.58105,-0.281159,-0.0891762,1.57069,-0.298554,-0.113675,1.56033,-0.315949,-0.138174,1.54997,-0.333344,-0.162674,1.53961,-0.350739,-0.187173,1.52925
Edge,18,Number,0
0.123122,-0.214369,1.42842,0.109817,-0.214075,1.44011,0.0965115,-0.213781,1.4518,0.0832062,-0.213487,1.4635,0.0699009,-0.213193,1.47519,0.0565956,-0.212899,1.48688,0.0432903,-0.212605,1.49857,0.0299851,-0.212311,1.51026,0.0166798,-0.212017,1.52195,0.0033745,-0.211723,1.53365,-0.00993078,-0.211428,1.54534,-0.0232361,-0.211134,1.55703,-0.0365413,-0.21084,1.56872,-0.0498466,-0.210546,1.58041,-0.0631519,-0.210252,1.5921,-0.0764572,-0.209958,1.60379,-0.0897625,-0.209664,1.61549,-0.103068,-0.20937,1.62718,-0.116373,-0.209076,1.63887,-0.129678,-0.208782,1.65056
Edge,19,Number,0
0.273185,-0.149515,1.41821,0.279707,-0.142351,1.42552,0.286229,-0.135187,1.43283,0.292752,-0.128023,1.44015,0.299274,-0.120858,1.44746,0.305797,-0.113694,1.45477,0.312319,-0.10653,1.46208,0.318842,-0.0993657,1.46939,0.325364,-0.0922015,1.4767,0.331886,-0.0850373,1.48401,0.338409,-0.077873,1.49132,0.344931,-0.0707088,1.49863,0.351454,-0.0635446,1.50594,0.357976,-0.0563804,1.51325,0.364499,-0.0492162,1.52056,0.371021,-0.042052,1.52787,0.377544,-0.0348878,1.53519,0.384066,-0.0277236,1.5425,0.390588,-0.0205594,1.54981,0.397111,-0.0133952,1.55712
Edge,20,Number,0
0.184883,-0.113773,1.42207,0.179053,-0.0919989,1.43736,0.173223,-0.0702252,1.45265,0.167393,-0.0484514,1.46795,0.161563,-0.0266777,1.48324,0.155733,-0.00490394,1.49854,0.149903,0.0168698,1.51383,0.144073,0.0386435,1.52913,0.138243,0.0604173,1.54442,0.132414,0.082191,1.55971,0.126584,0.103965,1.57501,0.120754,0.125738,1.5903,0.114924,0.147512,1.6056,0.109094,0.169286,1.62089,0.103264,0.19106,1.63619,0.0974343,0.212833,1.65148,0.0916045,0.234607,1.66678,0.0857746,0.256381,1.68207,0.0799447,0.278155,1.69736,0.0741148,0.299928,1.71266
Edge,21,Number,0
0,0,0,0,0,0,0,0,0,0,0,0,0,0,0,0,0,0,0,0,0,0,0,0,0,0,0,0,0,0,0,0,0,0,0,0,0,0,0,0,0,0,0,0,0,0,0,0,0,0,0,0,0,0,0,0,0,0,0,0
Edge,22,Number,0
0.181392,-0.213342,1.45834,0.178201,-0.213033,1.4695,0.17501,-0.212724,1.48067,0.171819,-0.212415,1.49184,0.168629,-0.212106,1.503,0.165438,-0.211797,1.51417,0.162247,-0.211488,1.52534,0.159056,-0.211179,1.5365,0.155865,-0.21087,1.54767,0.152674,-0.210561,1.55883,0.149483,-0.210251,1.57,0.146292,-0.209942,1.58117,0.143102,-0.209633,1.59233,0.139911,-0.209324,1.6035,0.13672,-0.209015,1.61467,0.133529,-0.208706,1.62583,0.130338,-0.208397,1.637,0.127147,-0.208088,1.64817,0.123956,-0.207779,1.65933,0.120766,-0.207469,1.6705
Edge,23,Number,0
0.0931579,-0.225736,1.37821,0.0720451,-0.2274,1.38321,0.0509323,-0.229064,1.3882,0.0298194,-0.230728,1.3932,0.00870661,-0.232393,1.39819,-0.0124062,-0.234057,1.40318,-0.033519,-0.235721,1.40818,-0.0546319,-0.237385,1.41317,-0.0757447,-0.239049,1.41817,-0.0968575,-0.240713,1.42316,-0.11797,-0.242378,1.42815,-0.139083,-0.244042,1.43315,-0.160196,-0.245706,1.43814,-0.181309,-0.24737,1.44314,-0.202422,-0.249034,1.44813,-0.223534,-0.250699,1.45312,-0.244647,-0.252363,1.45812,-0.26576,-0.254027,1.46311,-0.286873,-0.255691,1.46811,-0.307986,-0.257355,1.4731
Edge,24,Number,0
-0.0116252,-0.205594,1.75,-0.0165887,-0.205633,1.74916,-0.0215521,-0.205672,1.74832,-0.0265156,-0.20571,1.74748,-0.031479,-0.205749,1.74665,-0.0364425,-0.205787,1.74581,-0.0414059,-0.205826,1.74497,-0.0463694,-0.205865,1.74413,-0.0513328,-0.205903,1.7433,-0.0562963,-0.205942,1.74246,-0.0612598,-0.205981,1.74162,-0.0662232,-0.206019,1.74079,-0.0711867,-0.206058,1.73995,-0.0761501,-0.206097,1.73911,-0.0811136,-0.206135,1.73827,-0.086077,-0.206174,1.73744,-0.0910405,-0.206212,1.7366,-0.0960039,-0.206251,1.73576,-0.100967,-0.20629,1.73492,-0.105931,-0.206328,1.73409
Edge,25,Number,0
0.181426,-0.142847,1.73073,0.191514,-0.135782,1.72652,0.201602,-0.128716,1.72231,0.211689,-0.12165,1.7181,0.221777,-0.114585,1.71388,0.231865,-0.107519,1.70967,0.241953,-0.100454,1.70546,0.25204,-0.093388,1.70125,0.262128,-0.0863224,1.69704,0.272216,-0.0792568,1.69283,0.282303,-0.0721911,1.68861,0.292391,-0.0651255,1.6844,0.302479,-0.0580599,1.68019,0.312567,-0.0509943,1.67598,0.322654,-0.0439287,1.67177,0.332742,-0.0368631,1.66755,0.34283,-0.0297975,1.66334,0.352917,-0.0227319,1.65913,0.363005,-0.0156663,1.65492,0.373093,-0.00860068,1.65071
Edge,26,Number,0
0.0846966,-0.0847532,1.76801,0.0833684,-0.0655616,1.76807,0.0820402,-0.04637,1.76813,0.080712,-0.0271783,1.76818,0.0793838,-0.00798669,1.76824,0.0780556,0.0112049,1.7683,0.0767274,0.0303966,1.76836,0.0753992,0.0495882,1.76841,0.074071,0.0687799,1.76847,0.0727428,0.0879715,1.76853,0.0714146,0.107163,1.76859,0.0700864,0.126355,1.76865,0.0687582,0.145546,1.7687,0.06743,0.164738,1.76876,0.0661018,0.18393,1.76882,0.0647736,0.203121,1.76888,0.0634454,0.222313,1.76893,0.0621172,0.241505,1.76899,0.060789,0.260696,1.76905,0.0594607,0.279888,1.76911
Edge,27,Number,0
0.11203,-0.195909,1.72549,0.10777,-0.17886,1.71682,0.105787,-0.163956,1.70533,0.105499,-0.150608,1.69152,0.106808,-0.139457,1.67513,0.109523,-0.131363,1.65669,0.113306,-0.126117,1.63728,0.117969,-0.123257,1.6176,0.123514,-0.122488,1.59768,0.129902,-0.123736,1.57791,0.137087,-0.126856,1.55848,0.14503,-0.13173,1.53962,0.153626,-0.138171,1.52159,0.162882,-0.146065,1.5045,0.172806,-0.155314,1.48851,0.183433,-0.165889,1.4739,0.194942,-0.177829,1.46102,0.20773,-0.19137,1.45068,0.222759,-0.207071,1.44543,0.242154,-0.225354,1.45536
Edge,28,Number,0
0,0,0,0,0,0,0,0,0,0,0,0,0,0,0,0,0,0,0,0,0,0,0,0,0,0,0,0,0,0,0,0,0,0,0,0,0,0,0,0,0,0,0,0,0,0,0,0,0,0,0,0,0,0,0,0,0,0,0,0
Edge,29,Number,0
-0.0114228,-0.217399,1.71087,-0.0275456,-0.219347,1.70211,-0.0436685,-0.221295,1.69334,-0.0597913,-0.223243,1.68457,-0.0759141,-0.225192,1.67581,-0.092037,-0.22714,1.66704,-0.10816,-0.229088,1.65827,-0.124283,-0.231036,1.64951,-0.140405,-0.232985,1.64074,-0.156528,-0.234933,1.63197,-0.172651,-0.236881,1.62321,-0.188774,-0.23883,1.61444,-0.204897,-0.240778,1.60568,-0.22102,-0.242726,1.59691,-0.237142,-0.244674,1.58814,-0.253265,-0.246623,1.57938,-0.269388,-0.248571,1.57061,-0.285511,-0.250519,1.56184,-0.301634,-0.252467,1.55308,-0.317757,-0.254416,1.54431
Edge,30,Number,0
-0.336037,-0.244833,1.57349,-0.33268,-0.243862,1.57719,-0.329324,-0.242891,1.58089,-0.325967,-0.24192,1.58459,-0.322611,-0.240949,1.58829,-0.319254,-0.239978,1.59199,-0.315898,-0.239008,1.59569,-0.312541,-0.238037,1.59939,-0.309185,-0.237066,1.60309,-0.305828,-0.236095,1.60678,-0.302471,-0.235124,1.61048,-0.299115,-0.234153,1.61418,-0.295758,-0.233182,1.61788,-0.292402,-0.232212,1.62158,-0.289045,-0.231241,1.62528,-0.285689,-0.23027,1.62898,-0.282332,-0.229299,1.63268,-0.278976,-0.228328,1.63638,-0.275619,-0.227357,1.64008,-0.272263,-0.226387,1.64378
Edge,31,Number,0
-0.27843,-0.218744,1.51441,-0.244972,-0.206595,1.51916,-0.211515,-0.194447,1.52391,-0.178058,-0.182299,1.52866,-0.144601,-0.170151,1.53341,-0.111144,-0.158003,1.53816,-0.0776872,-0.145854,1.5429,-0.0442301,-0.133706,1.54765,-0.0107731,-0.121558,1.5524,0.022684,-0.10941,1.55715,0.0561411,-0.0972615,1.5619,0.0895981,-0.0851133,1.56665,0.123055,-0.0729651,1.5714,0.156512,-0.0608169,1.57614,0.189969,-0.0486687,1.58089,0.223426,-0.0365205,1.58564,0.256883,-0.0243723,1.59039,0.29034,-0.0122241,1.59514,0.323798,-7.59099e-05,1.59989,0.357255,0.0120723,1.60463
Edge,32,Number,0
-0.333344,-0.162674,1.53961,-0.315949,-0.138174,1.54997,-0.298554,-0.113675,1.56033,-0.281159,-0.0891762,1.57069,-0.263764,-0.0646771,1.58105,-0.246369,-0.040178,1.59141,-0.228974,-0.0156788,1.60177,-0.211579,0.00882027,1.61213,-0.194184,0.0333194,1.62249,-0.176789,0.0578185,1.63285,-0.159394,0.0823176,1.64322,-0.141999,0.106817,1.65358,-0.124604,0.131316,1.66394,-0.107209,0.155815,1.6743,-0.0898137,0.180314,1.68466,-0.0724186,0.204813,1.69502,-0.0550236,0.229312,1.70538,-0.0376285,0.253811,1.71574,-0.0202335,0.278311,1.7261,-0.00283842,0.30281,1.73646
Edge,33,Number,0
-0.286873,-0.255691,1.46811,-0.26576,-0.254027,1.46311,-0.244647,-0.252363,1.45812,-0.223534,-0.250699,1.45312,-0.202422,-0.249034,1.44813,-0.181309,-0.24737,1.44314,-0.160196,-0.245706,1.43814,-0.139083,-0.244042,1.43315,-0.11797,-0.242378,1.42815,-0.0968575,-0.240714,1.42316,-0.0757447,-0.239049,1.41817,-0.0546319,-0.237385,1.41317,-0.033519,-0.235721,1.40818,-0.0124062,-0.234057,1.40318,0.00870661,-0.232393,1.39819,0.0298194,-0.230728,1.3932,0.0509323,-0.229064,1.3882,0.0720451,-0.2274,1.38321,0.0931579,-0.225736,1.37821,0.114271,-0.224072,1.37322
Edge,34,Number,0
-0.301634,-0.252467,1.55308,-0.285511,-0.250519,1.56184,-0.269388,-0.248571,1.57061,-0.253265,-0.246623,1.57938,-0.237142,-0.244674,1.58814,-0.22102,-0.242726,1.59691,-0.204897,-0.240778,1.60568,-0.188774,-0.23883,1.61444,-0.172651,-0.236881,1.62321,-0.156528,-0.234933,1.63197,-0.140405,-0.232985,1.64074,-0.124283,-0.231036,1.64951,-0.10816,-0.229088,1.65827,-0.092037,-0.22714,1.66704,-0.0759141,-0.225192,1.67581,-0.0597913,-0.223243,1.68457,-0.0436685,-0.221295,1.69334,-0.0275456,-0.219347,1.70211,-0.0114228,-0.217399,1.71087,0.00470003,-0.21545,1.71964
Edge,35,Number,0
0,0,0,0,0,0,0,0,0,0,0,0,0,0,0,0,0,0,0,0,0,0,0,0,0,0,0,0,0,0,0,0,0,0,0,0,0,0,0,0,0,0,0,0,0,0,0,0,0,0,0,0,0,0,0,0,0,0,0,0
