101,0,0.311022,-0.213702,1.76049,-0.0442755,0.456316,1.78379
102,0,0.312867,-0.213744,1.76138,-0.0442755,0.456316,1.78379
103,0,0.310094,-0.213348,1.76247,-0.0442755,0.456316,1.78379
104,0,0.312221,-0.21468,1.7588,-0.0442755,0.456316,1.78379
105,0,0.308907,-0.212601,1.76227,-0.0442755,0.456316,1.78379
106,0,0.312595,-0.212832,1.75962,-0.0442755,0.456316,1.78379
107,0,0.310817,-0.213013,1.75938,-0.0442755,0.456316,1.78379
108,0,0.309251,-0.212895,1.76056,-0.0442755,0.456316,1.78379
109,0,0.310932,-0.213055,1.76024,-0.0442755,0.456316,1.78379
110,0,0.309394,-0.213402,1.76151,-0.0442755,0.456316,1.78379
111,0,0.310143,-0.21263,1.76219,-0.0442755,0.456316,1.78379
112,0,0.310107,-0.212437,1.7632,-0.0442755,0.456316,1.78379
113,0,0.31206,-0.214016,1.76362,-0.0442755,0.456316,1.78379
114,0,0.313842,-0.213548,1.75849,-0.0442755,0.456316,1.78379
115,0,0.314565,-0.213656,1.75887,-0.0442755,0.456316,1.78379
116,1,0.310629,-0.212373,1.75778,-0.0442755,0.456316,1.78379
117,1,0.310489,-0.211766,1.75894,-0.0442755,0.456316,1.78379
118,1,0.310618,-0.212255,1.75565,-0.0442755,0.456316,1.78379
119,1,0.312103,-0.213893,1.7597,-0.0442755,0.456316,1.78379
120,1,0.310172,-0.213907,1.75801,-0.0442755,0.456316,1.78379
121,1,0.311133,-0.214017,1.76085,-0.0442755,0.456316,1.78379
122,1,0.312332,-0.214583,1.76077,-0.0442755,0.456316,1.78379
123,1,0.311565,-0.215006,1.75978,-0.0442755,0.456316,1.78379
124,1,0.312248,-0.214338,1.76044,-0.0442755,0.456316,1.78379
125,1,0.312409,-0.214216,1.76027,-0.0442755,0.456316,1.78379
126,1,0.312029,-0.214876,1.76038,-0.0442755,0.456316,1.78379
127,1,0.309289,-0.214734,1.75777,-0.0442755,0.456316,1.78379
128,1,0.313613,-0.214626,1.75989,-0.0442755,0.456316,1.78379
129,1,0.312576,-0.214954,1.75937,-0.0442755,0.456316,1.78379
130,1,0.313053,-0.214856,1.76146,-0.0442755,0.456316,1.78379
131,1,0.314704,-0.213906,1.76005,-0.0442755,0.456316,1.78379
132,1,0.31664,-0.214836,1.7587,-0.0442755,0.456316,1.78379
133,1,0.314778,-0.215091,1.75975,-0.0442755,0.456316,1.78379
134,1,0.314353,-0.214633,1.75926,-0.0442755,0.456316,1.78379
135,1,0.314647,-0.215035,1.7592,-0.0442755,0.456316,1.78379
136,1,0.314538,-0.21485,1.76039,-0.0442755,0.456316,1.78379
137,1,0.31532,-0.214507,1.76217,-0.0442755,0.456316,1.78379
138,1,0.313863,-0.214464,1.76025,-0.0442755,0.456316,1.78379
139,1,0.313881,-0.214732,1.75817,-0.0442755,0.456316,1.78379
140,1,0.314468,-0.214422,1.76007,-0.0442755,0.456316,1.78379
141,1,0.313279,-0.214792,1.75935,-0.0442755,0.456316,1.78379
142,1,0.314514,-0.214373,1.75939,-0.0442755,0.456316,1.78379
143,1,0.313237,-0.215057,1.76011,-0.0442755,0.456316,1.78379
144,1,0.314438,-0.214962,1.75934,-0.0442755,0.456316,1.78379
145,1,0.314685,-0.214421,1.75712,-0.0442755,0.456316,1.78379
146,1,0.313491,-0.217118,1.75796,-0.0442755,0.456316,1.78379
147,1,0.315006,-0.214709,1.7583,-0.0442755,0.456316,1.78379
148,1,0.31506,-0.21404,1.75975,-0.0442755,0.456316,1.78379
149,1,0.31594,-0.213956,1.75981,-0.0442755,0.456316,1.78379
150,1,0.31469,-0.214036,1.7552,-0.0442755,0.456316,1.78379
151,1,0.313216,-0.214991,1.75447,-0.0442755,0.456316,1.78379
152,1,0.314144,-0.215471,1.75143,-0.0442755,0.456316,1.78379
153,1,0.289472,-0.208762,1.73046,-0.0442755,0.456316,1.78379
154,1,0.316128,-0.21684,1.74948,-0.0442755,0.456316,1.78379
155,1,0.319457,-0.214021,1.75094,-0.0442755,0.456316,1.78379
156,1,0.319181,-0.207934,1.74717,-0.0442755,0.456316,1.78379
157,1,0.325361,-0.197921,1.7376,-0.0442755,0.456316,1.78379
158,1,0.320953,-0.188218,1.72143,-0.0442755,0.456316,1.78379
159,1,0.314108,-0.183025,1.70003,-0.0442755,0.456316,1.78379
160,1,0.306575,-0.179101,1.67343,-0.0442755,0.456316,1.78379
161,1,0.295609,-0.173902,1.64613,-0.0442755,0.456316,1.78379
162,1,0.28057,-0.173366,1.61134,-0.0442755,0.456316,1.78379
163,1,0.265015,-0.17289,1.57727,-0.0442755,0.456316,1.78379
164,1,0.243882,-0.17366,1.54308,-0.0442755,0.456316,1.78379
165,1,0.224536,-0.175117,1.51506,-0.0442755,0.456316,1.78379
166,1,0.201344,-0.178602,1.48435,-0.0442755,0.456316,1.78379
167,1,0.180375,-0.183395,1.4552,-0.0442755,0.456316,1.78379
168,1,0.160551,-0.191609,1.43748,-0.0442755,0.456316,1.78379
169,1,0.144188,-0.19996,1.4236,-0.0442755,0.456316,1.78379
170,1,0.125729,-0.209795,1.41325,-0.0442755,0.456316,1.78379
171,1,0.113002,-0.220567,1.41046,-0.0442755,0.456316,1.78379
172,1,0.101535,-0.230625,1.41142,-0.0442755,0.456316,1.78379
173,1,0.0938046,-0.239341,1.41305,-0.0442755,0.456316,1.78379
174,1,0.0858371,-0.249721,1.41735,-0.0442755,0.456316,1.78379
175,1,0.0808943,-0.256683,1.42469,-0.0442755,0.456316,1.78379
176,1,0.0774075,-0.264487,1.43503,-0.0442755,0.456316,1.78379
177,1,0.0755667,-0.269825,1.44131,-0.0442755,0.456316,1.78379
178,1,0.0734542,-0.274198,1.45279,-0.0442755,0.456316,1.78379
179,1,0.0704396,-0.278363,1.45966,-0.0442755,0.456316,1.78379
180,1,0.0742682,-0.276521,1.46987,-0.0442755,0.456316,1.78379
181,1,0.0741011,-0.28254,1.46856,-0.0442755,0.456316,1.78379
182,1,0.0798619,-0.281319,1.46488,-0.0442755,0.456316,1.78379
183,1,0.0847726,-0.285091,1.45099,-0.0442755,0.456316,1.78379
184,1,0.0936474,-0.287316,1.43374,-0.0442755,0.456316,1.78379
185,1,0.098306,-0.289899,1.40864,-0.0442755,0.456316,1.78379
186,1,0.10622,-0.292909,1.38087,-0.0442755,0.456316,1.78379
187,1,0.111365,-0.296352,1.35682,-0.0442755,0.456316,1.78379
188,1,0.114376,-0.296449,1.33478,-0.0442755,0.456316,1.78379
189,1,0.117175,-0.297528,1.31476,-0.0442755,0.456316,1.78379
190,1,0.118681,-0.297893,1.3018,-0.0442755,0.456316,1.78379
191,1,0.121137,-0.29785,1.29315,-0.0442755,0.456316,1.78379
192,1,0.124589,-0.297503,1.28808,-0.0442755,0.456316,1.78379
193,1,0.123465,-0.294825,1.28845,-0.0442755,0.456316,1.78379
194,1,0.125301,-0.290852,1.29291,-0.0442755,0.456316,1.78379
195,1,0.122453,-0.287537,1.30423,-0.0442755,0.456316,1.78379
196,1,0.119998,-0.2838,1.32573,-0.0442755,0.456316,1.78379
197,1,0.11656,-0.277278,1.3513,-0.0442755,0.456316,1.78379
198,1,0.110723,-0.270539,1.38023,-0.0442755,0.456316,1.78379
199,1,0.103907,-0.265205,1.41092,-0.0442755,0.456316,1.78379
200,1,0.0959563,-0.258378,1.44264,-0.0442755,0.456316,1.78379
201,1,0.0872239,-0.255156,1.47063,-0.0442755,0.456316,1.78379
202,1,0.0814245,-0.25347,1.49997,-0.0442755,0.456316,1.78379
203,1,0.0759089,-0.252762,1.52113,-0.0442755,0.456316,1.78379
204,1,0.0725195,-0.251457,1.5325,-0.0442755,0.456316,1.78379
205,1,0.0705369,-0.250154,1.54041,-0.0442755,0.456316,1.78379
206,1,0.0713447,-0.251272,1.5397,-0.0442755,0.456316,1.78379
207,1,0.0725616,-0.254702,1.5285,-0.0442755,0.456316,1.78379
208,1,0.0758871,-0.260798,1.50905,-0.0442755,0.456316,1.78379
209,1,0.0754801,-0.272183,1.47543,-0.0442755,0.456316,1.78379
210,1,0.0791878,-0.279229,1.44499,-0.0442755,0.456316,1.78379
211,1,0.0798817,-0.284828,1.40641,-0.0442755,0.456316,1.78379
212,1,0.0814666,-0.287473,1.37343,-0.0442755,0.456316,1.78379
213,1,0.0813963,-0.288101,1.33874,-0.0442755,0.456316,1.78379
214,1,0.0809127,-0.287793,1.31404,-0.0442755,0.456316,1.78379
215,1,0.0802618,-0.288019,1.29598,-0.0442755,0.456316,1.78379
216,1,0.0790263,-0.287195,1.2838,-0.0442755,0.456316,1.78379
217,1,0.0793257,-0.284439,1.27689,-0.0442755,0.456316,1.78379
218,1,0.0777944,-0.282281,1.27482,-0.0442755,0.456316,1.78379
219,1,0.0773482,-0.28074,1.27767,-0.0442755,0.456316,1.78379
220,1,0.0763413,-0.278033,1.28819,-0.0442755,0.456316,1.78379
221,1,0.0751442,-0.274098,1.30753,-0.0442755,0.456316,1.78379
222,1,0.0730766,-0.26988,1.33075,-0.0442755,0.456316,1.78379
223,1,0.06776,-0.264851,1.36062,-0.0442755,0.456316,1.78379
224,1,0.0635416,-0.261733,1.39345,-0.0442755,0.456316,1.78379
225,1,0.0532358,-0.258797,1.42828,-0.0442755,0.456316,1.78379
226,1,0.0477268,-0.257862,1.46279,-0.0442755,0.456316,1.78379
227,1,0.0394722,-0.257627,1.48884,-0.0442755,0.456316,1.78379
228,1,0.0354292,-0.254166,1.51233,-0.0442755,0.456316,1.78379
229,1,0.0317088,-0.25277,1.52767,-0.0442755,0.456316,1.78379
230,1,0.0301267,-0.25246,1.5346,-0.0442755,0.456316,1.78379
231,1,0.0308382,-0.253316,1.52653,-0.0442755,0.456316,1.78379
232,1,0.0333266,-0.257358,1.51468,-0.0442755,0.456316,1.78379
233,1,0.0402116,-0.259794,1.49261,-0.0442755,0.456316,1.78379
234,1,0.0457215,-0.264399,1.46106,-0.0442755,0.456316,1.78379
235,1,0.051563,-0.268144,1.42255,-0.0442755,0.456316,1.78379
236,1,0.0556073,-0.270956,1.38723,-0.0442755,0.456316,1.78379
237,1,0.0573041,-0.271477,1.35116,-0.0442755,0.456316,1.78379
238,1,0.0616319,-0.271893,1.32149,-0.0442755,0.456316,1.78379
239,1,0.0605247,-0.271046,1.29808,-0.0442755,0.456316,1.78379
240,1,0.0599734,-0.271508,1.28629,-0.0442755,0.456316,1.78379
241,1,0.0566631,-0.269631,1.27651,-0.0442755,0.456316,1.78379
242,1,0.0609128,-0.267074,1.27304,-0.0442755,0.456316,1.78379
243,1,0.0610226,-0.265814,1.27494,-0.0442755,0.456316,1.78379
244,1,0.0642484,-0.264669,1.28572,-0.0442755,0.456316,1.78379
245,1,0.0650863,-0.263261,1.30241,-0.0442755,0.456316,1.78379
246,1,0.0669732,-0.262409,1.32454,-0.0442755,0.456316,1.78379
247,1,0.0675376,-0.258358,1.35476,-0.0442755,0.456316,1.78379
248,1,0.0675213,-0.252044,1.38304,-0.0442755,0.456316,1.78379
249,1,0.0600603,-0.250398,1.41392,-0.0442755,0.456316,1.78379
250,1,0.0567524,-0.247606,1.44761,-0.0442755,0.456316,1.78379
251,1,0.0490557,-0.244158,1.47211,-0.0442755,0.456316,1.78379
252,1,0.0431998,-0.243951,1.49779,-0.0442755,0.456316,1.78379
253,1,0.0411564,-0.243256,1.5219,-0.0442755,0.456316,1.78379
254,1,0.0367543,-0.243363,1.53417,-0.0442755,0.456316,1.78379
255,1,0.0363463,-0.244034,1.53851,-0.0442755,0.456316,1.78379
256,1,0.036496,-0.246185,1.5318,-0.0442755,0.456316,1.78379
257,1,0.0371664,-0.250853,1.51705,-0.0442755,0.456316,1.78379
258,1,0.0392322,-0.259305,1.49452,-0.0442755,0.456316,1.78379
259,1,0.0395556,-0.268283,1.46343,-0.0442755,0.456316,1.78379
260,1,0.0406271,-0.274758,1.42939,-0.0442755,0.456316,1.78379
261,1,0.0399676,-0.280363,1.39208,-0.0442755,0.456316,1.78379
262,1,0.0347196,-0.283871,1.36258,-0.0442755,0.456316,1.78379
263,1,0.0280227,-0.287081,1.33621,-0.0442755,0.456316,1.78379
264,1,0.0250713,-0.288279,1.31892,-0.0442755,0.456316,1.78379
265,1,0.0265239,-0.285746,1.30774,-0.0442755,0.456316,1.78379
266,1,0.0260355,-0.284784,1.30219,-0.0442755,0.456316,1.78379
267,1,0.0265079,-0.283615,1.30289,-0.0442755,0.456316,1.78379
268,1,0.0283898,-0.282299,1.30429,-0.0442755,0.456316,1.78379
269,1,0.0321258,-0.280837,1.31226,-0.0442755,0.456316,1.78379
270,1,0.0361921,-0.277358,1.32747,-0.0442755,0.456316,1.78379
271,1,0.0407777,-0.273544,1.34509,-0.0442755,0.456316,1.78379
272,1,0.043941,-0.270132,1.36828,-0.0442755,0.456316,1.78379
273,1,0.0458275,-0.26716,1.39102,-0.0442755,0.456316,1.78379
274,1,0.046965,-0.265968,1.41751,-0.0442755,0.456316,1.78379
275,1,0.0469962,-0.265153,1.44252,-0.0442755,0.456316,1.78379
276,1,0.0451577,-0.265674,1.4589,-0.0442755,0.456316,1.78379
277,1,0.0443451,-0.267387,1.47356,-0.0442755,0.456316,1.78379
278,1,0.0430412,-0.266166,1.47987,-0.0442755,0.456316,1.78379
279,1,0.0433939,-0.264558,1.48882,-0.0442755,0.456316,1.78379
280,1,0.043788,-0.259873,1.48919,-0.0442755,0.456316,1.78379
281,1,0.0422663,-0.251142,1.48815,-0.0442755,0.456316,1.78379
282,1,0.0424732,-0.238189,1.48333,-0.0442755,0.456316,1.78379
283,1,0.0416288,-0.221394,1.48221,-0.0442755,0.456316,1.78379
284,1,0.0339309,-0.204574,1.47948,-0.0442755,0.456316,1.78379
285,1,0.0271691,-0.184688,1.47527,-0.0442755,0.456316,1.78379
286,1,0.0154133,-0.163946,1.47511,-0.0442755,0.456316,1.78379
287,1,-0.000543494,-0.142983,1.47758,-0.0442755,0.456316,1.78379
288,1,-0.0187806,-0.121633,1.47417,-0.0442755,0.456316,1.78379
289,1,-0.0422055,-0.103409,1.48121,-0.0442755,0.456316,1.78379
290,1,-0.0680201,-0.0825298,1.48432,-0.0442755,0.456316,1.78379
291,1,-0.0970297,-0.0668382,1.49491,-0.0442755,0.456316,1.78379
292,1,-0.124692,-0.0554075,1.49952,-0.0442755,0.456316,1.78379
293,1,-0.15824,-0.0515333,1.50824,-0.0442755,0.456316,1.78379
294,1,-0.18538,-0.0470137,1.51245,-0.0442755,0.456316,1.78379
295,1,-0.215053,-0.0508739,1.52536,-0.0442755,0.456316,1.78379
296,1,-0.248837,-0.0589807,1.53853,-0.0442755,0.456316,1.78379
297,1,-0.277681,-0.0669702,1.55384,-0.0442755,0.456316,1.78379
298,1,-0.306655,-0.0794422,1.57258,-0.0442755,0.456316,1.78379
299,1,-0.331379,-0.0923756,1.58793,-0.0442755,0.456316,1.78379
300,1,-0.348079,-0.107227,1.60532,-0.0442755,0.456316,1.78379
301,1,-0.36002,-0.122202,1.62091,-0.0442755,0.456316,1.78379
302,1,-0.37532,-0.136614,1.63847,-0.0442755,0.456316,1.78379
303,1,-0.382488,-0.148126,1.65172,-0.0442755,0.456316,1.78379
304,1,-0.385131,-0.160272,1.65937,-0.0442755,0.456316,1.78379
305,1,-0.386694,-0.168013,1.67609,-0.0442755,0.456316,1.78379
306,1,-0.386017,-0.1748,1.67832,-0.0442755,0.456316,1.78379
307,1,-0.385318,-0.180202,1.67768,-0.0442755,0.456316,1.78379
308,1,-0.385862,-0.182107,1.68253,-0.0442755,0.456316,1.78379
309,1,-0.388048,-0.182799,1.68338,-0.0442755,0.456316,1.78379
310,1,-0.386613,-0.184256,1.68287,-0.0442755,0.456316,1.78379
311,1,-0.387513,-0.184133,1.68382,-0.0442755,0.456316,1.78379
312,1,-0.389071,-0.183647,1.68384,-0.0442755,0.456316,1.78379
313,1,-0.387739,-0.183782,1.68444,-0.0442755,0.456316,1.78379
314,0,-0.388751,-0.184283,1.6847,-0.0442755,0.456316,1.78379
315,0,-0.388641,-0.183764,1.68353,-0.0442755,0.456316,1.78379
316,0,-0.388515,-0.183933,1.68218,-0.0442755,0.456316,1.78379
317,0,-0.387005,-0.184842,1.68134,-0.0442755,0.456316,1.78379
318,0,-0.387185,-0.184835,1.6793,-0.0442755,0.456316,1.78379
319,0,-0.387455,-0.185916,1.67856,-0.0442755,0.456316,1.78379
320,0,-0.386592,-0.185297,1.67912,-0.0442755,0.456316,1.78379
321,0,-0.387023,-0.185098,1.67854,-0.0442755,0.456316,1.78379
322,0,-0.388854,-0.183716,1.68499,-0.0442755,0.456316,1.78379
323,0,-0.388641,-0.183875,1.68391,-0.0442755,0.456316,1.78379
324,0,-0.387096,-0.18425,1.681,-0.0442755,0.456316,1.78379
325,0,-0.38863,-0.183916,1.68416,-0.0442755,0.456316,1.78379
326,0,-0.388265,-0.183631,1.6829,-0.0442755,0.456316,1.78379
327,0,-0.388014,-0.183985,1.68344,-0.0442755,0.456316,1.78379
328,0,-0.387804,-0.183846,1.68496,-0.0442755,0.456316,1.78379
329,0,-0.387913,-0.184332,1.68412,-0.0442755,0.456316,1.78379
330,0,-0.387483,-0.184211,1.6822,-0.0442755,0.456316,1.78379
331,0,-0.387862,-0.184616,1.67996,-0.0442755,0.456316,1.78379
332,0,-0.388057,-0.183875,1.68326,-0.0442755,0.456316,1.78379
333,0,-0.387993,-0.183875,1.68266,-0.0442755,0.456316,1.78379
334,0,-0.386411,-0.184395,1.68278,-0.0442755,0.456316,1.78379
335,0,-0.387496,-0.184368,1.68146,-0.0442755,0.456316,1.78379
336,0,-0.387109,-0.18365,1.68159,-0.0442755,0.456316,1.78379
337,0,-0.387209,-0.183696,1.68215,-0.0442755,0.456316,1.78379
338,0,-0.387862,-0.183357,1.682,-0.0442755,0.456316,1.78379
339,0,-0.388161,-0.183787,1.68478,-0.0442755,0.456316,1.78379
340,0,-0.387229,-0.182633,1.68378,-0.0442755,0.456316,1.78379
341,0,-0.386551,-0.183732,1.67908,-0.0442755,0.456316,1.78379
342,0,-0.387951,-0.184531,1.68365,-0.0442755,0.456316,1.78379
343,0,-0.387734,-0.184708,1.68193,-0.0442755,0.456316,1.78379
344,0,-0.38765,-0.183911,1.68188,-0.0442755,0.456316,1.78379
345,0,-0.386376,-0.184068,1.67941,-0.0442755,0.456316,1.78379
346,0,-0.387727,-0.184201,1.68276,-0.0442755,0.456316,1.78379
347,0,-0.387614,-0.18434,1.68313,-0.0442755,0.456316,1.78379
348,0,-0.38775,-0.184086,1.68089,-0.0442755,0.456316,1.78379
349,0,-0.387901,-0.183888,1.68271,-0.0442755,0.456316,1.78379
350,0,-0.386225,-0.184326,1.6815,-0.0442755,0.456316,1.78379
351,0,-0.386062,-0.184479,1.67896,-0.0442755,0.456316,1.78379
352,0,-0.386466,-0.185359,1.67685,-0.0442755,0.456316,1.78379
353,0,-0.387247,-0.184366,1.68194,-0.0442755,0.456316,1.78379
354,0,-0.387754,-0.18446,1.67875,-0.0442755,0.456316,1.78379
355,0,-0.386549,-0.1842,1.6814,-0.0442755,0.456316,1.78379
356,0,-0.387612,-0.184668,1.68349,-0.0442755,0.456316,1.78379
357,0,-0.388168,-0.184262,1.68489,-0.0442755,0.456316,1.78379
358,0,-0.38723,-0.183929,1.68228,-0.0442755,0.456316,1.78379
359,0,-0.38665,-0.184847,1.68051,-0.0442755,0.456316,1.78379
360,0,-0.385431,-0.185177,1.67931,-0.0442755,0.456316,1.78379
361,0,-0.385796,-0.185558,1.6783,-0.0442755,0.456316,1.78379
362,0,-0.387734,-0.183581,1.68443,-0.0442755,0.456316,1.78379
363,0,-0.387034,-0.184723,1.68407,-0.0442755,0.456316,1.78379
364,0,-0.386908,-0.185211,1.68373,-0.0442755,0.456316,1.78379
365,0,-0.387664,-0.184223,1.68551,-0.0442755,0.456316,1.78379
366,0,-0.387567,-0.184012,1.68305,-0.0442755,0.456316,1.78379
367,0,-0.388532,-0.183949,1.68454,-0.0442755,0.456316,1.78379
368,0,-0.387391,-0.184224,1.68368,-0.0442755,0.456316,1.78379
369,0,-0.386352,-0.185128,1.68056,-0.0442755,0.456316,1.78379
370,0,-0.386988,-0.184404,1.68226,-0.0442755,0.456316,1.78379
371,0,-0.386606,-0.184884,1.681,-0.0442755,0.456316,1.78379
372,0,-0.386941,-0.184453,1.68099,-0.0442755,0.456316,1.78379
373,0,-0.386253,-0.185285,1.68249,-0.0442755,0.456316,1.78379
374,0,-0.387141,-0.184504,1.68421,-0.0442755,0.456316,1.78379
375,0,-0.387342,-0.184599,1.68219,-0.0442755,0.456316,1.78379
376,0,-0.387572,-0.184438,1.68661,-0.0442755,0.456316,1.78379
377,0,-0.386736,-0.185458,1.68305,-0.0442755,0.456316,1.78379
378,0,-0.387615,-0.184316,1.68328,-0.0442755,0.456316,1.78379
379,0,-0.387753,-0.184287,1.68506,-0.0442755,0.456316,1.78379
380,0,-0.385419,-0.184548,1.68168,-0.0442755,0.456316,1.78379
381,0,-0.387561,-0.183903,1.68355,-0.0442755,0.456316,1.78379
382,0,-0.38795,-0.183309,1.68481,-0.0442755,0.456316,1.78379
383,0,-0.386164,-0.183538,1.68161,-0.0442755,0.456316,1.78379
384,0,-0.387243,-0.184469,1.68151,-0.0442755,0.456316,1.78379
385,0,-0.388071,-0.183558,1.68494,-0.0442755,0.456316,1.78379
386,0,-0.387147,-0.185043,1.68311,-0.0442755,0.456316,1.78379
387,0,-0.386582,-0.183109,1.6827,-0.0442755,0.456316,1.78379
388,0,-0.388395,-0.184234,1.6846,-0.0442755,0.456316,1.78379
389,0,-0.385201,-0.183495,1.68192,-0.0442755,0.456316,1.78379
390,0,-0.386278,-0.181884,1.68381,-0.0442755,0.456316,1.78379
391,0,-0.388571,-0.184277,1.68299,-0.0442755,0.456316,1.78379
392,0,-0.38845,-0.182677,1.68551,-0.0442755,0.456316,1.78379
393,0,-0.388692,-0.183644,1.68506,-0.0442755,0.456316,1.78379
394,0,-0.388457,-0.183921,1.68791,-0.0442755,0.456316,1.78379
395,0,-0.387075,-0.185326,1.68261,-0.0442755,0.456316,1.78379
396,0,-0.388091,-0.183607,1.68623,-0.0442755,0.456316,1.78379
397,0,-0.385695,-0.184465,1.68458,-0.0442755,0.456316,1.78379
398,0,-0.387363,-0.185054,1.68331,-0.0442755,0.456316,1.78379
399,0,-0.389366,-0.183922,1.68388,-0.0442755,0.456316,1.78379
400,0,-0.388318,-0.183586,1.68514,-0.0442755,0.456316,1.78379
401,0,-0.388899,-0.182754,1.68635,-0.0442755,0.456316,1.78379
402,0,-0.38831,-0.18464,1.68466,-0.0442755,0.456316,1.78379
403,0,-0.3887,-0.184906,1.68405,-0.0442755,0.456316,1.78379
404,0,-0.388513,-0.184262,1.68604,-0.0442755,0.456316,1.78379
405,0,-0.387944,-0.184473,1.68295,-0.0442755,0.456316,1.78379
406,0,-0.388314,-0.183494,1.68205,-0.0442755,0.456316,1.78379
407,0,-0.388565,-0.183523,1.6831,-0.0442755,0.456316,1.78379
408,0,-0.387582,-0.184731,1.68182,-0.0442755,0.456316,1.78379
409,0,-0.387647,-0.184581,1.68261,-0.0442755,0.456316,1.78379
410,0,-0.388088,-0.183562,1.6836,-0.0442755,0.456316,1.78379
411,0,-0.385515,-0.184914,1.68127,-0.0442755,0.456316,1.78379
412,0,-0.387237,-0.184584,1.68048,-0.0442755,0.456316,1.78379
413,0,-0.38663,-0.183966,1.68112,-0.0442755,0.456316,1.78379
414,0,-0.387033,-0.183717,1.68159,-0.0442755,0.456316,1.78379
415,0,-0.388709,-0.182525,1.68408,-0.0442755,0.456316,1.78379
416,0,-0.387782,-0.182716,1.68065,-0.0442755,0.456316,1.78379
417,0,-0.388116,-0.181417,1.68357,-0.0442755,0.456316,1.78379
418,0,-0.388275,-0.18203,1.68069,-0.0442755,0.456316,1.78379
419,0,-0.388768,-0.181213,1.68427,-0.0442755,0.456316,1.78379
420,0,-0.388327,-0.181167,1.68358,-0.0442755,0.456316,1.78379
421,0,-0.388718,-0.181085,1.68371,-0.0442755,0.456316,1.78379
422,0,-0.388278,-0.181097,1.68334,-0.0442755,0.456316,1.78379
423,0,-0.388879,-0.181686,1.68238,-0.0442755,0.456316,1.78379
424,0,-0.389017,-0.180866,1.68443,-0.0442755,0.456316,1.78379
425,0,-0.388815,-0.180853,1.68274,-0.0442755,0.456316,1.78379
426,0,-0.389055,-0.181717,1.68233,-0.0442755,0.456316,1.78379
427,0,-0.389385,-0.181884,1.68142,-0.0442755,0.456316,1.78379
428,0,-0.388872,-0.182276,1.68217,-0.0442755,0.456316,1.78379
429,0,-0.388373,-0.182825,1.68081,-0.0442755,0.456316,1.78379
430,0,-0.388108,-0.183615,1.67895,-0.0442755,0.456316,1.78379
431,0,-0.388345,-0.182564,1.68284,-0.0442755,0.456316,1.78379
432,0,-0.387845,-0.182301,1.68052,-0.0442755,0.456316,1.78379
433,0,-0.38709,-0.181951,1.68016,-0.0442755,0.456316,1.78379
434,0,-0.387041,-0.182552,1.68101,-0.0442755,0.456316,1.78379
435,0,-0.389029,-0.182241,1.68456,-0.0442755,0.456316,1.78379
436,0,-0.388944,-0.182658,1.68461,-0.0442755,0.456316,1.78379
437,0,-0.385226,-0.185202,1.67707,-0.0442755,0.456316,1.78379
438,0,-0.386657,-0.182976,1.68188,-0.0442755,0.456316,1.78379
439,0,-0.387726,-0.182414,1.68301,-0.0442755,0.456316,1.78379
440,0,-0.388256,-0.182008,1.68309,-0.0442755,0.456316,1.78379
441,0,-0.387224,-0.181602,1.68207,-0.0442755,0.456316,1.78379
442,0,-0.386992,-0.182783,1.67835,-0.0442755,0.456316,1.78379
443,0,-0.387742,-0.182243,1.68327,-0.0442755,0.456316,1.78379
444,0,-0.387591,-0.183019,1.68282,-0.0442755,0.456316,1.78379
445,0,-0.388622,-0.182042,1.68464,-0.0442755,0.456316,1.78379
446,0,-0.387305,-0.182156,1.68222,-0.0442755,0.456316,1.78379
447,0,-0.388528,-0.181978,1.68141,-0.0442755,0.456316,1.78379
448,0,-0.388418,-0.183687,1.68125,-0.0442755,0.456316,1.78379
449,0,-0.388047,-0.182511,1.68157,-0.0442755,0.456316,1.78379
450,0,-0.388022,-0.181769,1.68248,-0.0442755,0.456316,1.78379
451,0,-0.388406,-0.181935,1.68343,-0.0442755,0.456316,1.78379
452,0,-0.388228,-0.181996,1.68415,-0.0442755,0.456316,1.78379
453,0,-0.387282,-0.18312,1.68197,-0.0442755,0.456316,1.78379
454,0,-0.38826,-0.181789,1.68318,-0.0442755,0.456316,1.78379
455,0,-0.3891,-0.182256,1.68277,-0.0442755,0.456316,1.78379
456,0,-0.388641,-0.182445,1.68143,-0.0442755,0.456316,1.78379
457,0,-0.387507,-0.181331,1.68103,-0.0442755,0.456316,1.78379
458,0,-0.385668,-0.184149,1.67656,-0.0442755,0.456316,1.78379
459,0,-0.387886,-0.182804,1.68039,-0.0442755,0.456316,1.78379
460,0,-0.386777,-0.182141,1.68148,-0.0442755,0.456316,1.78379
461,0,-0.387624,-0.183021,1.68182,-0.0442755,0.456316,1.78379
462,0,-0.386491,-0.181867,1.68168,-0.0442755,0.456316,1.78379
463,0,-0.386621,-0.182988,1.68217,-0.0442755,0.456316,1.78379
464,0,-0.38482,-0.183173,1.6791,-0.0442755,0.456316,1.78379
465,0,-0.38466,-0.18241,1.67734,-0.0442755,0.456316,1.78379
466,0,-0.385135,-0.183276,1.67555,-0.0442755,0.456316,1.78379
467,0,-0.384317,-0.182967,1.6749,-0.0442755,0.456316,1.78379
468,0,-0.386049,-0.183249,1.67665,-0.0442755,0.456316,1.78379
469,0,-0.386489,-0.182901,1.68059,-0.0442755,0.456316,1.78379
470,0,-0.385551,-0.182755,1.67487,-0.0442755,0.456316,1.78379
471,0,-0.385874,-0.183031,1.6775,-0.0442755,0.456316,1.78379
472,0,-0.385256,-0.184077,1.67396,-0.0442755,0.456316,1.78379
473,0,-0.385338,-0.183419,1.67499,-0.0442755,0.456316,1.78379
474,0,-0.38535,-0.183222,1.67616,-0.0442755,0.456316,1.78379
475,0,-0.384949,-0.182251,1.67606,-0.0442755,0.456316,1.78379
476,0,-0.384468,-0.182437,1.67508,-0.0442755,0.456316,1.78379
477,0,-0.386014,-0.182949,1.6766,-0.0442755,0.456316,1.78379
478,0,-0.385875,-0.182364,1.67704,-0.0442755,0.456316,1.78379
479,0,-0.384915,-0.182836,1.67757,-0.0442755,0.456316,1.78379
480,0,-0.386878,-0.182715,1.67778,-0.0442755,0.456316,1.78379
481,0,-0.385542,-0.183532,1.67744,-0.0442755,0.456316,1.78379
482,0,-0.38495,-0.182871,1.67937,-0.0442755,0.456316,1.78379
483,0,-0.385879,-0.1834,1.67629,-0.0442755,0.456316,1.78379
484,0,-0.384108,-0.182491,1.67753,-0.0442755,0.456316,1.78379
485,0,-0.385853,-0.182524,1.67832,-0.0442755,0.456316,1.78379
486,0,-0.386387,-0.183838,1.67636,-0.0442755,0.456316,1.78379
487,0,-0.38548,-0.183602,1.673,-0.0442755,0.456316,1.78379
488,0,-0.386958,-0.184285,1.67843,-0.0442755,0.456316,1.78379
489,0,-0.385057,-0.183325,1.67589,-0.0442755,0.456316,1.78379
490,0,-0.386633,-0.18289,1.6779,-0.0442755,0.456316,1.78379
491,0,-0.385938,-0.183554,1.67573,-0.0442755,0.456316,1.78379
492,0,-0.385927,-0.183884,1.67621,-0.0442755,0.456316,1.78379
493,0,-0.38621,-0.184046,1.67611,-0.0442755,0.456316,1.78379
494,0,-0.385834,-0.184151,1.67556,-0.0442755,0.456316,1.78379
495,1,-0.38554,-0.183626,1.67419,-0.0442755,0.456316,1.78379
496,1,-0.386481,-0.18318,1.67748,-0.0442755,0.456316,1.78379
497,1,-0.38616,-0.182914,1.67628,-0.0442755,0.456316,1.78379
498,1,-0.385224,-0.183027,1.67618,-0.0442755,0.456316,1.78379
499,1,-0.386581,-0.183177,1.67754,-0.0442755,0.456316,1.78379
500,1,-0.387897,-0.182967,1.67719,-0.0442755,0.456316,1.78379
501,1,-0.386509,-0.18349,1.6775,-0.0442755,0.456316,1.78379
502,1,-0.385481,-0.183132,1.67526,-0.0442755,0.456316,1.78379
503,1,-0.386445,-0.183881,1.67801,-0.0442755,0.456316,1.78379
504,1,-0.387005,-0.18351,1.67825,-0.0442755,0.456316,1.78379
505,1,-0.386054,-0.183414,1.67688,-0.0442755,0.456316,1.78379
506,1,-0.385392,-0.183674,1.67839,-0.0442755,0.456316,1.78379
507,1,-0.384914,-0.183365,1.67477,-0.0442755,0.456316,1.78379
508,1,-0.385788,-0.183452,1.67611,-0.0442755,0.456316,1.78379
509,1,-0.387245,-0.183765,1.67804,-0.0442755,0.456316,1.78379
510,1,-0.38658,-0.18393,1.67713,-0.0442755,0.456316,1.78379
511,1,-0.384689,-0.183279,1.67554,-0.0442755,0.456316,1.78379
512,1,-0.38621,-0.182548,1.67878,-0.0442755,0.456316,1.78379
513,1,-0.38676,-0.183546,1.67718,-0.0442755,0.456316,1.78379
514,1,-0.384775,-0.183257,1.67847,-0.0442755,0.456316,1.78379
515,1,-0.386434,-0.183434,1.67954,-0.0442755,0.456316,1.78379
516,1,-0.38481,-0.185065,1.67215,-0.0442755,0.456316,1.78379
517,1,-0.385908,-0.183143,1.67745,-0.0442755,0.456316,1.78379
518,1,-0.385597,-0.183494,1.67887,-0.0442755,0.456316,1.78379
519,1,-0.386497,-0.183338,1.67913,-0.0442755,0.456316,1.78379
520,1,-0.38681,-0.183069,1.67592,-0.0442755,0.456316,1.78379
521,1,-0.385672,-0.18331,1.67831,-0.0442755,0.456316,1.78379
522,1,-0.384507,-0.183342,1.67697,-0.0442755,0.456316,1.78379
523,1,-0.385748,-0.183882,1.67866,-0.0442755,0.456316,1.78379
524,1,-0.385667,-0.183393,1.67688,-0.0442755,0.456316,1.78379
525,1,-0.385359,-0.182471,1.67487,-0.0442755,0.456316,1.78379
526,1,-0.38652,-0.183356,1.67734,-0.0442755,0.456316,1.78379
527,1,-0.386595,-0.183264,1.67847,-0.0442755,0.456316,1.78379
528,1,-0.386867,-0.184094,1.6756,-0.0442755,0.456316,1.78379
529,1,-0.387066,-0.183868,1.67676,-0.0442755,0.456316,1.78379
530,0,-0.386684,-0.183732,1.67653,-0.0442755,0.456316,1.78379
531,0,-0.385467,-0.183895,1.67326,-0.0442755,0.456316,1.78379
532,0,-0.386485,-0.184248,1.6769,-0.0442755,0.456316,1.78379
533,0,-0.38683,-0.184335,1.67575,-0.0442755,0.456316,1.78379
534,1,-0.386443,-0.184699,1.67295,-0.0442755,0.456316,1.78379
535,1,-0.38645,-0.183938,1.67708,-0.0442755,0.456316,1.78379
536,1,-0.386049,-0.183581,1.67372,-0.0442755,0.456316,1.78379
537,1,-0.385919,-0.185606,1.67234,-0.0442755,0.456316,1.78379
538,1,-0.386273,-0.184621,1.67324,-0.0442755,0.456316,1.78379
539,1,-0.387639,-0.184175,1.67648,-0.0442755,0.456316,1.78379
540,1,-0.386467,-0.18414,1.67501,-0.0442755,0.456316,1.78379
541,1,-0.386477,-0.183987,1.67691,-0.0442755,0.456316,1.78379
542,1,-0.386454,-0.183469,1.67496,-0.0442755,0.456316,1.78379
543,1,-0.385426,-0.182488,1.67443,-0.0442755,0.456316,1.78379
544,1,-0.38682,-0.183678,1.67421,-0.0442755,0.456316,1.78379
545,1,-0.383773,-0.182822,1.67598,-0.0442755,0.456316,1.78379
546,1,-0.384914,-0.18303,1.6756,-0.0442755,0.456316,1.78379
547,1,-0.384189,-0.183413,1.6741,-0.0442755,0.456316,1.78379
548,1,-0.386205,-0.183518,1.67419,-0.0442755,0.456316,1.78379
549,1,-0.386095,-0.183393,1.67308,-0.0442755,0.456316,1.78379
550,1,-0.386538,-0.182922,1.67488,-0.0442755,0.456316,1.78379
551,1,-0.386433,-0.182966,1.6753,-0.0442755,0.456316,1.78379
552,1,-0.384829,-0.183194,1.67265,-0.0442755,0.456316,1.78379
553,1,-0.385445,-0.183292,1.67399,-0.0442755,0.456316,1.78379
554,1,-0.385782,-0.183385,1.67401,-0.0442755,0.456316,1.78379
555,1,-0.384248,-0.182399,1.67488,-0.0442755,0.456316,1.78379
556,1,-0.3853,-0.183328,1.67358,-0.0442755,0.456316,1.78379
557,1,-0.385851,-0.18275,1.67729,-0.0442755,0.456316,1.78379
558,1,-0.384903,-0.182861,1.67467,-0.0442755,0.456316,1.78379
559,1,-0.385484,-0.182608,1.67405,-0.0442755,0.456316,1.78379
560,1,-0.385736,-0.182287,1.67245,-0.0442755,0.456316,1.78379
561,1,-0.38581,-0.180217,1.67398,-0.0442755,0.456316,1.78379
562,1,-0.384087,-0.176921,1.67004,-0.0442755,0.456316,1.78379
563,1,-0.387525,-0.17444,1.6691,-0.0442755,0.456316,1.78379
564,1,-0.387228,-0.175097,1.66568,-0.0442755,0.456316,1.78379
565,1,-0.388486,-0.173235,1.67068,-0.0442755,0.456316,1.78379
566,1,-0.388092,-0.1737,1.67005,-0.0442755,0.456316,1.78379
567,1,-0.388629,-0.172256,1.67278,-0.0442755,0.456316,1.78379
568,1,-0.38743,-0.174138,1.67191,-0.0442755,0.456316,1.78379
569,1,-0.386291,-0.174545,1.67023,-0.0442755,0.456316,1.78379
570,1,-0.38557,-0.171359,1.67546,-0.0442755,0.456316,1.78379
571,1,-0.385378,-0.169809,1.67223,-0.0442755,0.456316,1.78379
572,1,-0.382439,-0.165896,1.67073,-0.0442755,0.456316,1.78379
573,1,-0.381297,-0.160568,1.66593,-0.0442755,0.456316,1.78379
574,1,-0.376497,-0.155957,1.66053,-0.0442755,0.456316,1.78379
575,1,-0.371347,-0.147168,1.6492,-0.0442755,0.456316,1.78379
576,1,-0.36179,-0.135739,1.6422,-0.0442755,0.456316,1.78379
577,1,-0.349711,-0.124847,1.63077,-0.0442755,0.456316,1.78379
578,1,-0.334638,-0.111203,1.61819,-0.0442755,0.456316,1.78379
579,1,-0.315246,-0.0983611,1.60627,-0.0442755,0.456316,1.78379
580,1,-0.287332,-0.0856275,1.58883,-0.0442755,0.456316,1.78379
581,1,-0.271543,-0.0734879,1.58695,-0.0442755,0.456316,1.78379
582,1,-0.241246,-0.0617654,1.57876,-0.0442755,0.456316,1.78379
583,1,-0.196658,-0.0389336,1.54781,-0.0442755,0.456316,1.78379
584,1,-0.185084,-0.0449335,1.56994,-0.0442755,0.456316,1.78379
585,1,-0.152508,-0.038733,1.56795,-0.0442755,0.456316,1.78379
586,1,-0.119516,-0.0345393,1.56724,-0.0442755,0.456316,1.78379
587,1,-0.0747521,-0.0318044,1.55882,-0.0442755,0.456316,1.78379
588,1,-0.044642,-0.0339617,1.56181,-0.0442755,0.456316,1.78379
589,1,-0.0112709,-0.0363072,1.57013,-0.0442755,0.456316,1.78379
590,1,0.0352345,-0.0381132,1.57027,-0.0442755,0.456316,1.78379
591,1,0.0569066,-0.0428658,1.58424,-0.0442755,0.456316,1.78379
592,1,0.0911319,-0.0492029,1.59767,-0.0442755,0.456316,1.78379
593,1,0.125221,-0.0556992,1.61173,-0.0442755,0.456316,1.78379
594,1,0.153961,-0.0656004,1.63221,-0.0442755,0.456316,1.78379
595,1,0.182221,-0.0740742,1.64758,-0.0442755,0.456316,1.78379
596,1,0.209094,-0.0846941,1.66878,-0.0442755,0.456316,1.78379
597,1,0.235353,-0.0961994,1.6917,-0.0442755,0.456316,1.78379
598,1,0.254546,-0.110653,1.71121,-0.0442755,0.456316,1.78379
599,1,0.273106,-0.124764,1.72793,-0.0442755,0.456316,1.78379
600,1,0.286446,-0.142615,1.73995,-0.0442755,0.456316,1.78379
601,1,0.297317,-0.16002,1.74963,-0.0442755,0.456316,1.78379
602,1,0.305639,-0.175473,1.75607,-0.0442755,0.456316,1.78379
603,1,0.31115,-0.189558,1.76227,-0.0442755,0.456316,1.78379
604,1,0.315728,-0.201425,1.77031,-0.0442755,0.456316,1.78379
605,1,0.313137,-0.209704,1.7689,-0.0442755,0.456316,1.78379
606,1,0.314013,-0.214931,1.77415,-0.0442755,0.456316,1.78379
607,1,0.313129,-0.215826,1.77217,-0.0442755,0.456316,1.78379
608,1,0.312401,-0.21634,1.77497,-0.0442755,0.456316,1.78379
609,1,0.311637,-0.216268,1.77327,-0.0442755,0.456316,1.78379
610,1,0.311019,-0.215975,1.77393,-0.0442755,0.456316,1.78379
611,1,0.310471,-0.215481,1.77394,-0.0442755,0.456316,1.78379
612,1,0.310636,-0.215215,1.77315,-0.0442755,0.456316,1.78379
613,1,0.310855,-0.216339,1.77517,-0.0442755,0.456316,1.78379
614,1,0.312507,-0.216518,1.77703,-0.0442755,0.456316,1.78379
615,0,0.314481,-0.216088,1.77667,-0.0442755,0.456316,1.78379
616,0,0.314249,-0.216594,1.77335,-0.0442755,0.456316,1.78379
617,0,0.314021,-0.216593,1.77344,-0.0442755,0.456316,1.78379
618,0,0.313804,-0.216328,1.77333,-0.0442755,0.456316,1.78379
619,0,0.314256,-0.216346,1.7752,-0.0442755,0.456316,1.78379
620,0,0.313257,-0.216294,1.77399,-0.0442755,0.456316,1.78379
621,0,0.314767,-0.216715,1.77374,-0.0442755,0.456316,1.78379
622,0,0.314052,-0.217146,1.77275,-0.0442755,0.456316,1.78379
623,0,0.314717,-0.216765,1.77372,-0.0442755,0.456316,1.78379
624,0,0.316706,-0.217895,1.77738,-0.0442755,0.456316,1.78379
625,0,0.315425,-0.216895,1.77581,-0.0442755,0.456316,1.78379
626,0,0.314284,-0.218835,1.77117,-0.0442755,0.456316,1.78379
627,0,0.31473,-0.21787,1.7761,-0.0442755,0.456316,1.78379
628,0,0.312802,-0.217544,1.77262,-0.0442755,0.456316,1.78379
629,0,0.314826,-0.217421,1.77558,-0.0442755,0.456316,1.78379
630,0,0.313475,-0.216092,1.77446,-0.0442755,0.456316,1.78379
631,0,0.313303,-0.21745,1.77556,-0.0442755,0.456316,1.78379
632,0,0.314574,-0.217367,1.7727,-0.0442755,0.456316,1.78379
633,0,0.312367,-0.217106,1.77285,-0.0442755,0.456316,1.78379
634,0,0.314886,-0.217328,1.7755,-0.0442755,0.456316,1.78379
635,0,0.313987,-0.21813,1.77671,-0.0442755,0.456316,1.78379
636,0,0.315642,-0.218002,1.77553,-0.0442755,0.456316,1.78379
637,0,0.315808,-0.218327,1.77587,-0.0442755,0.456316,1.78379
638,0,0.316225,-0.216827,1.77637,-0.0442755,0.456316,1.78379
639,0,0.313729,-0.217567,1.77554,-0.0442755,0.456316,1.78379
640,0,0.315119,-0.217058,1.77661,-0.0442755,0.456316,1.78379
641,0,0.315299,-0.217044,1.77409,-0.0442755,0.456316,1.78379
642,0,0.313411,-0.217125,1.77304,-0.0442755,0.456316,1.78379
643,0,0.314618,-0.216728,1.7753,-0.0442755,0.456316,1.78379
644,0,0.313988,-0.216549,1.77432,-0.0442755,0.456316,1.78379
645,0,0.314155,-0.216934,1.77193,-0.0442755,0.456316,1.78379
646,0,0.313289,-0.215914,1.77458,-0.0442755,0.456316,1.78379
647,0,0.31496,-0.216954,1.77459,-0.0442755,0.456316,1.78379
648,0,0.314843,-0.216429,1.77427,-0.0442755,0.456316,1.78379
649,0,0.314692,-0.216616,1.77332,-0.0442755,0.456316,1.78379
650,0,0.315163,-0.217315,1.77375,-0.0442755,0.456316,1.78379
651,0,0.315431,-0.217072,1.77403,-0.0442755,0.456316,1.78379
652,0,0.313635,-0.218078,1.77028,-0.0442755,0.456316,1.78379
653,0,0.31402,-0.217104,1.77087,-0.0442755,0.456316,1.78379
654,0,0.314295,-0.217445,1.77278,-0.0442755,0.456316,1.78379
655,0,0.314787,-0.216768,1.77165,-0.0442755,0.456316,1.78379
656,0,0.31461,-0.217124,1.77028,-0.0442755,0.456316,1.78379
657,0,0.314521,-0.216613,1.7756,-0.0442755,0.456316,1.78379
658,0,0.31536,-0.215648,1.77663,-0.0442755,0.456316,1.78379
659,0,0.315984,-0.215785,1.77733,-0.0442755,0.456316,1.78379
660,0,0.31561,-0.216212,1.77272,-0.0442755,0.456316,1.78379
661,0,0.315743,-0.217027,1.77691,-0.0442755,0.456316,1.78379
662,0,0.312413,-0.217485,1.7699,-0.0442755,0.456316,1.78379
663,0,0.314429,-0.219217,1.77208,-0.0442755,0.456316,1.78379
664,0,0.314587,-0.21733,1.77566,-0.0442755,0.456316,1.78379
665,0,0.314101,-0.217416,1.77576,-0.0442755,0.456316,1.78379
666,0,0.31298,-0.217363,1.77231,-0.0442755,0.456316,1.78379
667,0,0.313576,-0.217469,1.77173,-0.0442755,0.456316,1.78379
668,0,0.315125,-0.216567,1.77612,-0.0442755,0.456316,1.78379
669,0,0.313979,-0.217082,1.77136,-0.0442755,0.456316,1.78379
670,0,0.316129,-0.216469,1.7749,-0.0442755,0.456316,1.78379
671,0,0.314053,-0.217049,1.77488,-0.0442755,0.456316,1.78379
672,0,0.315056,-0.216113,1.77527,-0.0442755,0.456316,1.78379
673,0,0.314688,-0.216855,1.77505,-0.0442755,0.456316,1.78379
674,0,0.314309,-0.216953,1.77486,-0.0442755,0.456316,1.78379
675,0,0.31527,-0.216698,1.77426,-0.0442755,0.456316,1.78379
676,0,0.312964,-0.217562,1.7736,-0.0442755,0.456316,1.78379
677,0,0.314645,-0.216935,1.7752,-0.0442755,0.456316,1.78379
678,0,0.315184,-0.216559,1.77501,-0.0442755,0.456316,1.78379
679,0,0.314439,-0.216917,1.77688,-0.0442755,0.456316,1.78379
680,0,0.313713,-0.216584,1.7766,-0.0442755,0.456316,1.78379
681,0,0.315322,-0.216828,1.77615,-0.0442755,0.456316,1.78379
682,0,0.314972,-0.217807,1.77607,-0.0442755,0.456316,1.78379
683,0,0.313742,-0.217218,1.77712,-0.0442755,0.456316,1.78379
684,0,0.314545,-0.217016,1.77495,-0.0442755,0.456316,1.78379
685,0,0.314794,-0.217101,1.77522,-0.0442755,0.456316,1.78379
686,0,0.315537,-0.217069,1.77404,-0.0442755,0.456316,1.78379
687,0,0.314962,-0.217784,1.77577,-0.0442755,0.456316,1.78379
688,0,0.31501,-0.217879,1.77606,-0.0442755,0.456316,1.78379
689,0,0.315858,-0.216342,1.77462,-0.0442755,0.456316,1.78379
690,0,0.316773,-0.216663,1.77921,-0.0442755,0.456316,1.78379
691,0,0.315197,-0.217216,1.77741,-0.0442755,0.456316,1.78379
692,0,0.31484,-0.21701,1.7755,-0.0442755,0.456316,1.78379
693,0,0.314787,-0.216811,1.77628,-0.0442755,0.456316,1.78379
694,0,0.314967,-0.217406,1.77679,-0.0442755,0.456316,1.78379
695,0,0.315151,-0.217712,1.77485,-0.0442755,0.456316,1.78379
696,0,0.313108,-0.217223,1.77165,-0.0442755,0.456316,1.78379
697,0,0.313985,-0.216936,1.7746,-0.0442755,0.456316,1.78379
698,0,0.314295,-0.216641,1.77397,-0.0442755,0.456316,1.78379
699,0,0.313554,-0.217322,1.7765,-0.0442755,0.456316,1.78379
700,0,0.312669,-0.21773,1.77544,-0.0442755,0.456316,1.78379
701,0,0.31603,-0.217524,1.777,-0.0442755,0.456316,1.78379
702,0,0.313702,-0.216809,1.77746,-0.0442755,0.456316,1.78379
703,0,0.314576,-0.217872,1.77687,-0.0442755,0.456316,1.78379
704,0,0.314377,-0.21721,1.77716,-0.0442755,0.456316,1.78379
705,0,0.315003,-0.217359,1.77593,-0.0442755,0.456316,1.78379
706,0,0.315717,-0.217162,1.77804,-0.0442755,0.456316,1.78379
707,0,0.316143,-0.216805,1.77747,-0.0442755,0.456316,1.78379
708,0,0.314291,-0.217246,1.77426,-0.0442755,0.456316,1.78379
709,0,0.313884,-0.217346,1.77636,-0.0442755,0.456316,1.78379
710,0,0.315988,-0.216984,1.77997,-0.0442755,0.456316,1.78379
711,0,0.314475,-0.217312,1.77783,-0.0442755,0.456316,1.78379
712,0,0.315406,-0.217527,1.77872,-0.0442755,0.456316,1.78379
713,0,0.314786,-0.217434,1.77948,-0.0442755,0.456316,1.78379
714,0,0.314012,-0.217232,1.77636,-0.0442755,0.456316,1.78379
715,0,0.315263,-0.217181,1.77694,-0.0442755,0.456316,1.78379
716,0,0.316063,-0.217449,1.77715,-0.0442755,0.456316,1.78379
717,0,0.315534,-0.216741,1.77979,-0.0442755,0.456316,1.78379
718,0,0.314162,-0.217213,1.77752,-0.0442755,0.456316,1.78379
719,0,0.315162,-0.218085,1.7791,-0.0442755,0.456316,1.78379
720,0,0.31494,-0.217669,1.77776,-0.0442755,0.456316,1.78379
721,0,0.31414,-0.21713,1.77691,-0.0442755,0.456316,1.78379
722,0,0.316191,-0.217568,1.77748,-0.0442755,0.456316,1.78379
723,0,0.316322,-0.217729,1.78041,-0.0442755,0.456316,1.78379
724,0,0.315509,-0.217376,1.77955,-0.0442755,0.456316,1.78379
725,0,0.315503,-0.218124,1.77824,-0.0442755,0.456316,1.78379
726,0,0.313979,-0.217227,1.77619,-0.0442755,0.456316,1.78379
727,0,0.315756,-0.217629,1.77868,-0.0442755,0.456316,1.78379
728,0,0.314614,-0.21692,1.77974,-0.0442755,0.456316,1.78379
729,0,0.314802,-0.217457,1.77707,-0.0442755,0.456316,1.78379
730,0,0.313188,-0.217601,1.77564,-0.0442755,0.456316,1.78379
731,0,0.313675,-0.216652,1.77724,-0.0442755,0.456316,1.78379
732,0,0.315019,-0.217467,1.7763,-0.0442755,0.456316,1.78379
733,0,0.311793,-0.217141,1.77716,-0.0442755,0.456316,1.78379
734,0,0.315436,-0.217623,1.7789,-0.0442755,0.456316,1.78379
735,0,0.313325,-0.217596,1.77793,-0.0442755,0.456316,1.78379
736,0,0.313318,-0.217755,1.77838,-0.0442755,0.456316,1.78379
737,0,0.31449,-0.216777,1.77665,-0.0442755,0.456316,1.78379
738,0,0.313889,-0.216863,1.77764,-0.0442755,0.456316,1.78379
739,0,0.314306,-0.217401,1.77607,-0.0442755,0.456316,1.78379
740,0,0.313818,-0.216857,1.77658,-0.0442755,0.456316,1.78379
741,0,0.313595,-0.216787,1.77557,-0.0442755,0.456316,1.78379
742,0,0.315072,-0.217597,1.77758,-0.0442755,0.456316,1.78379
743,0,0.31495,-0.216871,1.77782,-0.0442755,0.456316,1.78379
744,0,0.312393,-0.217732,1.77449,-0.0442755,0.456316,1.78379
745,0,0.315393,-0.21731,1.77718,-0.0442755,0.456316,1.78379
746,0,0.313663,-0.21735,1.77613,-0.0442755,0.456316,1.78379
747,0,0.31334,-0.217479,1.77431,-0.0442755,0.456316,1.78379
748,0,0.31523,-0.216896,1.77665,-0.0442755,0.456316,1.78379
749,0,0.313605,-0.217721,1.77626,-0.0442755,0.456316,1.78379
750,0,0.314815,-0.216791,1.77709,-0.0442755,0.456316,1.78379
751,0,0.315555,-0.217998,1.7766,-0.0442755,0.456316,1.78379
752,0,0.314555,-0.217034,1.77736,-0.0442755,0.456316,1.78379
753,0,0.31516,-0.21702,1.7783,-0.0442755,0.456316,1.78379
754,0,0.315209,-0.217773,1.77691,-0.0442755,0.456316,1.78379
755,0,0.314548,-0.217424,1.77622,-0.0442755,0.456316,1.78379
756,0,0.316412,-0.21652,1.77688,-0.0442755,0.456316,1.78379
757,0,0.314699,-0.21702,1.77451,-0.0442755,0.456316,1.78379
758,0,0.314329,-0.217635,1.77596,-0.0442755,0.456316,1.78379
759,0,0.313994,-0.216336,1.77578,-0.0442755,0.456316,1.78379
760,0,0.314959,-0.217223,1.77622,-0.0442755,0.456316,1.78379
761,0,0.314561,-0.217004,1.77603,-0.0442755,0.456316,1.78379
762,0,0.313093,-0.217491,1.7758,-0.0442755,0.456316,1.78379
763,0,0.315234,-0.217237,1.77642,-0.0442755,0.456316,1.78379
764,0,0.315125,-0.217591,1.77948,-0.0442755,0.456316,1.78379
765,0,0.315061,-0.217183,1.77627,-0.0442755,0.456316,1.78379
766,0,0.315156,-0.216778,1.7787,-0.0442755,0.456316,1.78379
767,0,0.314717,-0.217007,1.77802,-0.0442755,0.456316,1.78379
768,0,0.316155,-0.21697,1.78064,-0.0442755,0.456316,1.78379
769,0,0.315433,-0.217272,1.77966,-0.0442755,0.456316,1.78379
770,0,0.315044,-0.21681,1.77913,-0.0442755,0.456316,1.78379
771,0,0.313948,-0.217307,1.77977,-0.0442755,0.456316,1.78379
772,0,0.315558,-0.217121,1.77786,-0.0442755,0.456316,1.78379
