51,0,0.601853,-0.174809,1.85166,0.0697809,0.46201,1.74618
52,0,0.601286,-0.17539,1.85281,0.0697809,0.46201,1.74618
53,0,0.601724,-0.173716,1.85245,0.0697809,0.46201,1.74618
54,0,0.600992,-0.175096,1.85337,0.0697809,0.46201,1.74618
55,0,0.600195,-0.175658,1.84822,0.0697809,0.46201,1.74618
56,0,0.60099,-0.174644,1.85235,0.0697809,0.46201,1.74618
57,0,0.600355,-0.173967,1.85084,0.0697809,0.46201,1.74618
58,0,0.600958,-0.174096,1.85133,0.0697809,0.46201,1.74618
59,0,0.600491,-0.175549,1.85243,0.0697809,0.46201,1.74618
60,0,0.601881,-0.175067,1.85344,0.0697809,0.46201,1.74618
61,0,0.599362,-0.174595,1.85177,0.0697809,0.46201,1.74618
62,0,0.600963,-0.174517,1.85187,0.0697809,0.46201,1.74618
63,0,0.601101,-0.174791,1.85228,0.0697809,0.46201,1.74618
64,0,0.60149,-0.174955,1.85216,0.0697809,0.46201,1.74618
65,0,0.60103,-0.173181,1.84979,0.0697809,0.46201,1.74618
66,0,0.600761,-0.174198,1.85171,0.0697809,0.46201,1.74618
67,0,0.601138,-0.174406,1.85177,0.0697809,0.46201,1.74618
68,0,0.601803,-0.174572,1.85242,0.0697809,0.46201,1.74618
69,0,0.600993,-0.173446,1.85176,0.0697809,0.46201,1.74618
70,0,0.599772,-0.173238,1.85154,0.0697809,0.46201,1.74618
71,0,0.601342,-0.173059,1.85098,0.0697809,0.46201,1.74618
72,0,0.599754,-0.174613,1.8512,0.0697809,0.46201,1.74618
73,0,0.602179,-0.173455,1.85178,0.0697809,0.46201,1.74618
74,0,0.601374,-0.174529,1.85418,0.0697809,0.46201,1.74618
75,0,0.599575,-0.174008,1.85199,0.0697809,0.46201,1.74618
76,0,0.60027,-0.175673,1.85292,0.0697809,0.46201,1.74618
77,0,0.602145,-0.174257,1.85181,0.0697809,0.46201,1.74618
78,0,0.601523,-0.173909,1.85165,0.0697809,0.46201,1.74618
79,0,0.6003,-0.174181,1.84382,0.0697809,0.46201,1.74618
80,0,0.601854,-0.173604,1.85157,0.0697809,0.46201,1.74618
81,0,0.603279,-0.173135,1.85221,0.0697809,0.46201,1.74618
82,0,0.601036,-0.174465,1.85287,0.0697809,0.46201,1.74618
83,0,0.602046,-0.174385,1.85141,0.0697809,0.46201,1.74618
84,0,0.600095,-0.174805,1.85174,0.0697809,0.46201,1.74618
85,0,0.602604,-0.174721,1.85112,0.0697809,0.46201,1.74618
86,0,0.599994,-0.174725,1.85201,0.0697809,0.46201,1.74618
87,0,0.600463,-0.174235,1.85082,0.0697809,0.46201,1.74618
88,0,0.600728,-0.173874,1.85164,0.0697809,0.46201,1.74618
89,0,0.600911,-0.173071,1.85132,0.0697809,0.46201,1.74618
90,0,0.60208,-0.173644,1.85285,0.0697809,0.46201,1.74618
91,0,0.600549,-0.174706,1.85298,0.0697809,0.46201,1.74618
92,0,0.600887,-0.174339,1.85217,0.0697809,0.46201,1.74618
93,0,0.601868,-0.175078,1.85367,0.0697809,0.46201,1.74618
94,0,0.58907,-0.171213,1.81937,0.0697809,0.46201,1.74618
95,0,0.588719,-0.172248,1.82003,0.0697809,0.46201,1.74618
96,0,0.588272,-0.173826,1.81726,0.0697809,0.46201,1.74618
97,0,0.589208,-0.170409,1.81947,0.0697809,0.46201,1.74618
98,0,0.588417,-0.171008,1.81875,0.0697809,0.46201,1.74618
99,0,0.589272,-0.170737,1.81883,0.0697809,0.46201,1.74618
100,0,0.588996,-0.1716,1.81906,0.0697809,0.46201,1.74618
101,0,0.590031,-0.171361,1.82092,0.0697809,0.46201,1.74618
102,0,0.588779,-0.171992,1.81914,0.0697809,0.46201,1.74618
103,0,0.588565,-0.171456,1.81975,0.0697809,0.46201,1.74618
104,0,0.589483,-0.171085,1.81987,0.0697809,0.46201,1.74618
105,0,0.588517,-0.172044,1.81887,0.0697809,0.46201,1.74618
106,0,0.588115,-0.171994,1.81789,0.0697809,0.46201,1.74618
107,0,0.588558,-0.171876,1.82042,0.0697809,0.46201,1.74618
108,0,0.588712,-0.17138,1.82009,0.0697809,0.46201,1.74618
109,0,0.589066,-0.172175,1.82031,0.0697809,0.46201,1.74618
110,0,0.588186,-0.172464,1.81907,0.0697809,0.46201,1.74618
111,0,0.589701,-0.170771,1.82028,0.0697809,0.46201,1.74618
112,0,0.587792,-0.171039,1.81914,0.0697809,0.46201,1.74618
113,0,0.588319,-0.171187,1.8188,0.0697809,0.46201,1.74618
114,0,0.588577,-0.172059,1.82098,0.0697809,0.46201,1.74618
115,0,0.589606,-0.171694,1.82098,0.0697809,0.46201,1.74618
116,0,0.587695,-0.172403,1.82046,0.0697809,0.46201,1.74618
117,0,0.589039,-0.171591,1.82055,0.0697809,0.46201,1.74618
118,0,0.589487,-0.17212,1.81941,0.0697809,0.46201,1.74618
119,0,0.588141,-0.171778,1.81921,0.0697809,0.46201,1.74618
120,0,0.586405,-0.172528,1.81978,0.0697809,0.46201,1.74618
121,0,0.590038,-0.17093,1.82025,0.0697809,0.46201,1.74618
122,0,0.589159,-0.171429,1.82039,0.0697809,0.46201,1.74618
123,0,0.590075,-0.168644,1.81826,0.0697809,0.46201,1.74618
124,0,0.588383,-0.171911,1.81954,0.0697809,0.46201,1.74618
125,0,0.588087,-0.17084,1.8194,0.0697809,0.46201,1.74618
126,0,0.589368,-0.170836,1.82092,0.0697809,0.46201,1.74618
127,0,0.588285,-0.170619,1.82056,0.0697809,0.46201,1.74618
128,0,0.590952,-0.170652,1.82036,0.0697809,0.46201,1.74618
129,0,0.588127,-0.171187,1.81952,0.0697809,0.46201,1.74618
130,0,0.578589,-0.164149,1.80523,0.0697809,0.46201,1.74618
131,1,0.576214,-0.157856,1.7952,0.0697809,0.46201,1.74618
132,1,0.574352,-0.160262,1.78949,0.0697809,0.46201,1.74618
133,1,0.576118,-0.163203,1.78876,0.0697809,0.46201,1.74618
134,1,0.580272,-0.166323,1.79174,0.0697809,0.46201,1.74618
135,1,0.586972,-0.170752,1.79764,0.0697809,0.46201,1.74618
136,1,0.585707,-0.172401,1.79388,0.0697809,0.46201,1.74618
137,1,0.585815,-0.172921,1.79365,0.0697809,0.46201,1.74618
138,1,0.581513,-0.173801,1.79185,0.0697809,0.46201,1.74618
139,1,0.579708,-0.186898,1.79592,0.0697809,0.46201,1.74618
140,1,0.580569,-0.190333,1.80256,0.0697809,0.46201,1.74618
141,1,0.580684,-0.193683,1.80548,0.0697809,0.46201,1.74618
142,1,0.620182,-0.154513,1.81612,0.0697809,0.46201,1.74618
143,1,0.626002,-0.152543,1.82003,0.0697809,0.46201,1.74618
144,1,0.625959,-0.155385,1.8159,0.0697809,0.46201,1.74618
145,1,0.62976,-0.15255,1.82608,0.0697809,0.46201,1.74618
146,1,0.628705,-0.150374,1.82539,0.0697809,0.46201,1.74618
147,1,0.626139,-0.151959,1.82186,0.0697809,0.46201,1.74618
148,1,0.620516,-0.148569,1.82703,0.0697809,0.46201,1.74618
149,1,0.626128,-0.147005,1.82653,0.0697809,0.46201,1.74618
150,1,0.618483,-0.15553,1.80498,0.0697809,0.46201,1.74618
151,1,0.616624,-0.151727,1.80975,0.0697809,0.46201,1.74618
152,1,0.605187,-0.144892,1.80082,0.0697809,0.46201,1.74618
153,1,0.59798,-0.135974,1.80424,0.0697809,0.46201,1.74618
154,1,0.579919,-0.130796,1.78517,0.0697809,0.46201,1.74618
155,1,0.568355,-0.139548,1.75722,0.0697809,0.46201,1.74618
157,1,0.527129,-0.15668,1.72188,0.0697809,0.46201,1.74618
158,1,0.506505,-0.154852,1.70133,0.0697809,0.46201,1.74618
159,1,0.491363,-0.15343,1.68332,0.0697809,0.46201,1.74618
160,1,0.470309,-0.164441,1.6575,0.0697809,0.46201,1.74618
161,1,0.45984,-0.160471,1.6399,0.0697809,0.46201,1.74618
162,1,0.444785,-0.163597,1.61596,0.0697809,0.46201,1.74618
163,1,0.430227,-0.168903,1.59402,0.0697809,0.46201,1.74618
164,1,0.422241,-0.167055,1.57332,0.0697809,0.46201,1.74618
165,1,0.416465,-0.168139,1.55378,0.0697809,0.46201,1.74618
166,1,0.408215,-0.17301,1.53043,0.0697809,0.46201,1.74618
167,1,0.402629,-0.177151,1.5135,0.0697809,0.46201,1.74618
168,1,0.399763,-0.180523,1.49955,0.0697809,0.46201,1.74618
169,1,0.400296,-0.183665,1.49051,0.0697809,0.46201,1.74618
170,1,0.399305,-0.188198,1.47949,0.0697809,0.46201,1.74618
171,1,0.399953,-0.18976,1.46887,0.0697809,0.46201,1.74618
172,1,0.403256,-0.191621,1.45855,0.0697809,0.46201,1.74618
173,1,0.407755,-0.190712,1.44538,0.0697809,0.46201,1.74618
174,1,0.411076,-0.191738,1.43767,0.0697809,0.46201,1.74618
175,1,0.412856,-0.19467,1.43478,0.0697809,0.46201,1.74618
176,1,0.41587,-0.196653,1.43368,0.0697809,0.46201,1.74618
177,1,0.418282,-0.200089,1.42856,0.0697809,0.46201,1.74618
178,1,0.424055,-0.202021,1.4252,0.0697809,0.46201,1.74618
179,1,0.427099,-0.205484,1.42163,0.0697809,0.46201,1.74618
180,1,0.433613,-0.205806,1.41596,0.0697809,0.46201,1.74618
181,1,0.436273,-0.205905,1.41093,0.0697809,0.46201,1.74618
182,1,0.43853,-0.203602,1.40761,0.0697809,0.46201,1.74618
183,1,0.441431,-0.206904,1.40487,0.0697809,0.46201,1.74618
184,1,0.444695,-0.20725,1.40239,0.0697809,0.46201,1.74618
185,1,0.444693,-0.21069,1.40285,0.0697809,0.46201,1.74618
186,1,0.448879,-0.21012,1.39939,0.0697809,0.46201,1.74618
187,1,0.450786,-0.211814,1.3965,0.0697809,0.46201,1.74618
188,1,0.450695,-0.213075,1.3949,0.0697809,0.46201,1.74618
189,1,0.455738,-0.20752,1.38658,0.0697809,0.46201,1.74618
190,1,0.459359,-0.208862,1.38356,0.0697809,0.46201,1.74618
191,1,0.461676,-0.210271,1.38346,0.0697809,0.46201,1.74618
192,1,0.463435,-0.211792,1.38457,0.0697809,0.46201,1.74618
193,1,0.464154,-0.214463,1.38334,0.0697809,0.46201,1.74618
194,1,0.465988,-0.216097,1.3813,0.0697809,0.46201,1.74618
195,1,0.466446,-0.216857,1.37991,0.0697809,0.46201,1.74618
196,1,0.467925,-0.217124,1.37925,0.0697809,0.46201,1.74618
197,1,0.470384,-0.216737,1.37915,0.0697809,0.46201,1.74618
198,1,0.471823,-0.216073,1.37734,0.0697809,0.46201,1.74618
199,1,0.473383,-0.216578,1.37742,0.0697809,0.46201,1.74618
200,1,0.475007,-0.217302,1.37804,0.0697809,0.46201,1.74618
201,1,0.476412,-0.21776,1.37912,0.0697809,0.46201,1.74618
202,1,0.476482,-0.218609,1.38041,0.0697809,0.46201,1.74618
203,1,0.476679,-0.218297,1.38042,0.0697809,0.46201,1.74618
204,1,0.474559,-0.219246,1.38037,0.0697809,0.46201,1.74618
205,1,0.474435,-0.219232,1.38017,0.0697809,0.46201,1.74618
206,1,0.474664,-0.218515,1.3793,0.0697809,0.46201,1.74618
207,1,0.476116,-0.21792,1.37873,0.0697809,0.46201,1.74618
208,1,0.476359,-0.217871,1.37889,0.0697809,0.46201,1.74618
209,1,0.476664,-0.216723,1.37743,0.0697809,0.46201,1.74618
210,1,0.476535,-0.217624,1.38026,0.0697809,0.46201,1.74618
211,1,0.475715,-0.218402,1.37966,0.0697809,0.46201,1.74618
212,1,0.476243,-0.218,1.37969,0.0697809,0.46201,1.74618
213,1,0.476263,-0.218023,1.38057,0.0697809,0.46201,1.74618
214,1,0.475561,-0.218269,1.37997,0.0697809,0.46201,1.74618
215,1,0.475824,-0.218299,1.37951,0.0697809,0.46201,1.74618
216,1,0.473882,-0.219439,1.38043,0.0697809,0.46201,1.74618
217,1,0.475327,-0.218423,1.37931,0.0697809,0.46201,1.74618
218,1,0.474074,-0.218976,1.38065,0.0697809,0.46201,1.74618
219,1,0.475825,-0.217974,1.37948,0.0697809,0.46201,1.74618
220,1,0.476588,-0.218332,1.38072,0.0697809,0.46201,1.74618
221,1,0.476047,-0.218462,1.38015,0.0697809,0.46201,1.74618
222,1,0.47591,-0.216701,1.37806,0.0697809,0.46201,1.74618
223,1,0.476056,-0.216889,1.37895,0.0697809,0.46201,1.74618
224,1,0.475988,-0.217483,1.38018,0.0697809,0.46201,1.74618
225,1,0.475494,-0.217576,1.38003,0.0697809,0.46201,1.74618
226,1,0.474915,-0.217672,1.37996,0.0697809,0.46201,1.74618
227,1,0.475215,-0.216871,1.37913,0.0697809,0.46201,1.74618
228,1,0.474992,-0.217194,1.38076,0.0697809,0.46201,1.74618
229,1,0.472687,-0.218321,1.38192,0.0697809,0.46201,1.74618
230,1,0.472764,-0.217676,1.38269,0.0697809,0.46201,1.74618
231,1,0.471972,-0.217887,1.3848,0.0697809,0.46201,1.74618
232,1,0.470368,-0.21854,1.38748,0.0697809,0.46201,1.74618
233,1,0.473438,-0.21495,1.38616,0.0697809,0.46201,1.74618
234,1,0.471171,-0.214563,1.38952,0.0697809,0.46201,1.74618
235,1,0.468979,-0.214954,1.39626,0.0697809,0.46201,1.74618
236,1,0.467333,-0.201822,1.39086,0.0697809,0.46201,1.74618
237,1,0.461876,-0.209718,1.40435,0.0697809,0.46201,1.74618
238,1,0.457198,-0.199995,1.4045,0.0697809,0.46201,1.74618
239,1,0.449657,-0.195258,1.41339,0.0697809,0.46201,1.74618
240,1,0.438809,-0.194708,1.42943,0.0697809,0.46201,1.74618
241,1,0.437803,-0.178071,1.43178,0.0697809,0.46201,1.74618
242,1,0.422211,-0.170799,1.44924,0.0697809,0.46201,1.74618
243,1,0.416581,-0.153256,1.45923,0.0697809,0.46201,1.74618
244,1,0.40028,-0.1485,1.48582,0.0697809,0.46201,1.74618
245,1,0.39152,-0.124499,1.49268,0.0697809,0.46201,1.74618
246,1,0.372137,-0.108926,1.50675,0.0697809,0.46201,1.74618
247,1,0.359909,-0.0885045,1.51848,0.0697809,0.46201,1.74618
248,1,0.339884,-0.07177,1.53265,0.0697809,0.46201,1.74618
249,1,0.325639,-0.0465021,1.54162,0.0697809,0.46201,1.74618
250,1,0.308312,-0.0267422,1.55184,0.0697809,0.46201,1.74618
251,1,0.299283,-0.00292821,1.55577,0.0697809,0.46201,1.74618
252,1,0.27935,0.0139087,1.56518,0.0697809,0.46201,1.74618
253,1,0.264784,0.0375919,1.56897,0.0697809,0.46201,1.74618
254,1,0.251676,0.0624512,1.57093,0.0697809,0.46201,1.74618
255,1,0.237767,0.0921107,1.57171,0.0697809,0.46201,1.74618
256,1,0.219089,0.115263,1.57457,0.0697809,0.46201,1.74618
257,1,0.203622,0.142045,1.57186,0.0697809,0.46201,1.74618
258,1,0.190416,0.167141,1.57345,0.0697809,0.46201,1.74618
259,1,0.178196,0.194543,1.572,0.0697809,0.46201,1.74618
260,1,0.163019,0.218973,1.57508,0.0697809,0.46201,1.74618
261,1,0.152903,0.241134,1.57633,0.0697809,0.46201,1.74618
262,1,0.140524,0.262697,1.57968,0.0697809,0.46201,1.74618
263,1,0.129217,0.282027,1.58595,0.0697809,0.46201,1.74618
264,1,0.118334,0.296641,1.59194,0.0697809,0.46201,1.74618
265,1,0.10856,0.31302,1.59592,0.0697809,0.46201,1.74618
266,1,0.0969846,0.325907,1.60095,0.0697809,0.46201,1.74618
267,1,0.0896734,0.33948,1.6055,0.0697809,0.46201,1.74618
268,1,0.0807681,0.34831,1.6089,0.0697809,0.46201,1.74618
269,1,0.0907617,0.336622,1.52533,0.0697809,0.46201,1.74618
270,1,0.0670689,0.367183,1.61485,0.0697809,0.46201,1.74618
271,1,0.0606957,0.376961,1.61998,0.0697809,0.46201,1.74618
272,1,0.0533149,0.3826,1.62167,0.0697809,0.46201,1.74618
273,1,0.0478589,0.39061,1.62513,0.0697809,0.46201,1.74618
274,1,0.045665,0.399506,1.63092,0.0697809,0.46201,1.74618
275,1,0.0365757,0.402695,1.63451,0.0697809,0.46201,1.74618
276,1,0.037103,0.413799,1.64167,0.0697809,0.46201,1.74618
277,1,0.0344293,0.41747,1.6441,0.0697809,0.46201,1.74618
278,1,0.0320159,0.423586,1.6452,0.0697809,0.46201,1.74618
279,1,0.0288085,0.423281,1.64552,0.0697809,0.46201,1.74618
280,1,0.0278372,0.425425,1.64607,0.0697809,0.46201,1.74618
281,1,0.0247213,0.424974,1.64624,0.0697809,0.46201,1.74618
282,1,0.0243453,0.426185,1.64741,0.0697809,0.46201,1.74618
283,1,0.0235428,0.422751,1.64646,0.0697809,0.46201,1.74618
284,1,0.0225871,0.421238,1.6454,0.0697809,0.46201,1.74618
285,1,0.0193103,0.41651,1.64592,0.0697809,0.46201,1.74618
286,1,0.017106,0.407689,1.64215,0.0697809,0.46201,1.74618
287,1,0.0162119,0.400087,1.63904,0.0697809,0.46201,1.74618
288,1,0.0154238,0.388509,1.638,0.0697809,0.46201,1.74618
289,1,0.0156885,0.373125,1.63596,0.0697809,0.46201,1.74618
290,1,0.0144963,0.352698,1.6322,0.0697809,0.46201,1.74618
291,1,0.0121102,0.327788,1.63096,0.0697809,0.46201,1.74618
292,1,0.0113244,0.304926,1.6292,0.0697809,0.46201,1.74618
293,1,0.0090518,0.272237,1.6296,0.0697809,0.46201,1.74618
294,1,0.00630613,0.233851,1.63266,0.0697809,0.46201,1.74618
295,1,0.00650963,0.194899,1.63658,0.0697809,0.46201,1.74618
296,1,0.00616505,0.155772,1.64461,0.0697809,0.46201,1.74618
297,1,0.00549865,0.114812,1.65419,0.0697809,0.46201,1.74618
298,1,0.00313028,0.0755961,1.66493,0.0697809,0.46201,1.74618
299,1,0.00150456,0.0392401,1.67877,0.0697809,0.46201,1.74618
300,1,-0.00176392,0.00318274,1.69333,0.0697809,0.46201,1.74618
301,1,-0.00523507,-0.0317115,1.70055,0.0697809,0.46201,1.74618
302,1,-0.00729553,-0.0624172,1.7116,0.0697809,0.46201,1.74618
303,1,-0.0109517,-0.093112,1.72283,0.0697809,0.46201,1.74618
304,1,-0.0123674,-0.11724,1.72892,0.0697809,0.46201,1.74618
305,1,-0.0155244,-0.140448,1.73566,0.0697809,0.46201,1.74618
306,1,-0.0152101,-0.157534,1.74427,0.0697809,0.46201,1.74618
307,1,-0.0182587,-0.175559,1.75468,0.0697809,0.46201,1.74618
308,1,-0.0216061,-0.191912,1.75373,0.0697809,0.46201,1.74618
309,1,-0.0241146,-0.20629,1.75382,0.0697809,0.46201,1.74618
310,1,-0.0268289,-0.218249,1.75789,0.0697809,0.46201,1.74618
311,1,-0.0296658,-0.226651,1.75659,0.0697809,0.46201,1.74618
312,1,-0.030191,-0.236532,1.75592,0.0697809,0.46201,1.74618
313,1,-0.0282885,-0.23876,1.75369,0.0697809,0.46201,1.74618
314,1,-0.0338577,-0.243101,1.76578,0.0697809,0.46201,1.74618
315,1,-0.0308763,-0.248743,1.76582,0.0697809,0.46201,1.74618
316,1,-0.0318965,-0.255188,1.76567,0.0697809,0.46201,1.74618
317,1,-0.031509,-0.256396,1.76786,0.0697809,0.46201,1.74618
318,1,-0.0290366,-0.262888,1.76795,0.0697809,0.46201,1.74618
319,1,-0.0268618,-0.260538,1.76304,0.0697809,0.46201,1.74618
320,1,-0.0269833,-0.260735,1.7616,0.0697809,0.46201,1.74618
321,1,-0.027035,-0.261215,1.76313,0.0697809,0.46201,1.74618
322,1,-0.0291861,-0.264337,1.77045,0.0697809,0.46201,1.74618
323,1,-0.0286157,-0.264305,1.76875,0.0697809,0.46201,1.74618
324,1,-0.0266784,-0.258091,1.7633,0.0697809,0.46201,1.74618
325,1,-0.0276466,-0.258751,1.76515,0.0697809,0.46201,1.74618
326,1,-0.0302715,-0.264452,1.77101,0.0697809,0.46201,1.74618
327,1,-0.0311603,-0.26539,1.77123,0.0697809,0.46201,1.74618
328,1,-0.0313449,-0.265023,1.76974,0.0697809,0.46201,1.74618
329,1,-0.0316005,-0.264886,1.76899,0.0697809,0.46201,1.74618
330,1,-0.0326804,-0.265646,1.77323,0.0697809,0.46201,1.74618
331,1,-0.035097,-0.260975,1.77155,0.0697809,0.46201,1.74618
332,1,-0.0342068,-0.264728,1.77286,0.0697809,0.46201,1.74618
333,0,-0.0344105,-0.264014,1.77341,0.0697809,0.46201,1.74618
334,0,-0.03431,-0.263467,1.77217,0.0697809,0.46201,1.74618
335,0,-0.0344031,-0.264273,1.7719,0.0697809,0.46201,1.74618
336,0,-0.0344657,-0.26426,1.77312,0.0697809,0.46201,1.74618
337,0,-0.0346747,-0.264231,1.77324,0.0697809,0.46201,1.74618
338,0,-0.0342536,-0.264188,1.7721,0.0697809,0.46201,1.74618
339,0,-0.0337739,-0.262915,1.77075,0.0697809,0.46201,1.74618
340,0,-0.0348677,-0.264395,1.77303,0.0697809,0.46201,1.74618
341,0,-0.0346747,-0.264671,1.7729,0.0697809,0.46201,1.74618
342,0,-0.0346772,-0.263948,1.77295,0.0697809,0.46201,1.74618
343,0,-0.0339293,-0.263423,1.77095,0.0697809,0.46201,1.74618
344,0,-0.0337124,-0.26355,1.77281,0.0697809,0.46201,1.74618
345,0,-0.0343603,-0.262607,1.77005,0.0697809,0.46201,1.74618
346,0,-0.0339682,-0.263626,1.77062,0.0697809,0.46201,1.74618
347,0,-0.0344773,-0.263853,1.77249,0.0697809,0.46201,1.74618
348,0,-0.0349529,-0.263851,1.77245,0.0697809,0.46201,1.74618
349,0,-0.0344027,-0.263448,1.77303,0.0697809,0.46201,1.74618
350,0,-0.0341259,-0.263353,1.77237,0.0697809,0.46201,1.74618
351,0,-0.0343297,-0.264252,1.77216,0.0697809,0.46201,1.74618
352,0,-0.033996,-0.264001,1.77302,0.0697809,0.46201,1.74618
353,0,-0.034075,-0.264171,1.77312,0.0697809,0.46201,1.74618
354,0,-0.0341543,-0.263609,1.77328,0.0697809,0.46201,1.74618
355,0,-0.0341781,-0.264003,1.77242,0.0697809,0.46201,1.74618
356,0,-0.0347534,-0.264617,1.77262,0.0697809,0.46201,1.74618
357,0,-0.0341154,-0.263881,1.77216,0.0697809,0.46201,1.74618
358,0,-0.0340591,-0.263068,1.77185,0.0697809,0.46201,1.74618
359,0,-0.0337503,-0.263782,1.77046,0.0697809,0.46201,1.74618
360,0,-0.0342705,-0.264445,1.77338,0.0697809,0.46201,1.74618
361,0,-0.0349478,-0.262251,1.77284,0.0697809,0.46201,1.74618
362,0,-0.0343367,-0.264425,1.77216,0.0697809,0.46201,1.74618
363,0,-0.0340449,-0.263231,1.77133,0.0697809,0.46201,1.74618
364,0,-0.0345943,-0.264625,1.77323,0.0697809,0.46201,1.74618
365,0,-0.0345008,-0.264186,1.77191,0.0697809,0.46201,1.74618
366,0,-0.0344723,-0.264136,1.7724,0.0697809,0.46201,1.74618
367,0,-0.0357789,-0.262454,1.77284,0.0697809,0.46201,1.74618
368,0,-0.0362,-0.261188,1.77266,0.0697809,0.46201,1.74618
369,1,-0.0365089,-0.260903,1.77381,0.0697809,0.46201,1.74618
370,1,-0.0358756,-0.261681,1.77256,0.0697809,0.46201,1.74618
371,1,-0.0350485,-0.263622,1.77185,0.0697809,0.46201,1.74618
372,1,-0.0341316,-0.265233,1.77203,0.0697809,0.46201,1.74618
373,1,-0.0327389,-0.264068,1.76902,0.0697809,0.46201,1.74618
374,1,-0.0335849,-0.264896,1.77331,0.0697809,0.46201,1.74618
375,1,-0.033269,-0.26395,1.77003,0.0697809,0.46201,1.74618
376,1,-0.0337702,-0.265287,1.7714,0.0697809,0.46201,1.74618
377,1,-0.0324776,-0.264105,1.76812,0.0697809,0.46201,1.74618
378,1,-0.0320044,-0.264535,1.76915,0.0697809,0.46201,1.74618
379,1,-0.0316315,-0.264459,1.76923,0.0697809,0.46201,1.74618
380,1,-0.0301697,-0.261944,1.76882,0.0697809,0.46201,1.74618
381,1,-0.0298686,-0.256346,1.76904,0.0697809,0.46201,1.74618
382,1,-0.0301303,-0.248549,1.76968,0.0697809,0.46201,1.74618
383,1,-0.0262737,-0.229674,1.76216,0.0697809,0.46201,1.74618
384,1,-0.0206891,-0.211795,1.75383,0.0697809,0.46201,1.74618
385,1,-0.0161924,-0.181856,1.74127,0.0697809,0.46201,1.74618
386,1,-0.0084756,-0.144917,1.72239,0.0697809,0.46201,1.74618
387,1,-0.00361046,-0.11682,1.70783,0.0697809,0.46201,1.74618
388,1,0.00157511,-0.0793656,1.6926,0.0697809,0.46201,1.74618
389,1,0.00672192,-0.043886,1.67402,0.0697809,0.46201,1.74618
390,1,0.0122661,-0.00864238,1.66369,0.0697809,0.46201,1.74618
391,1,0.0152074,0.0288249,1.65391,0.0697809,0.46201,1.74618
392,1,0.0163518,0.0687592,1.64279,0.0697809,0.46201,1.74618
393,1,0.0175822,0.113028,1.63102,0.0697809,0.46201,1.74618
394,1,0.0184471,0.15074,1.63071,0.0697809,0.46201,1.74618
395,1,0.0192077,0.180905,1.63423,0.0697809,0.46201,1.74618
396,1,0.015729,0.220405,1.63496,0.0697809,0.46201,1.74618
397,1,0.0169891,0.257626,1.63582,0.0697809,0.46201,1.74618
398,1,0.0149429,0.284716,1.63971,0.0697809,0.46201,1.74618
399,1,0.012946,0.308886,1.64379,0.0697809,0.46201,1.74618
400,1,0.0119089,0.328027,1.64709,0.0697809,0.46201,1.74618
401,1,0.0116819,0.345468,1.65091,0.0697809,0.46201,1.74618
402,1,0.0106665,0.357423,1.65463,0.0697809,0.46201,1.74618
403,1,0.00899543,0.366169,1.65868,0.0697809,0.46201,1.74618
404,1,0.00881876,0.37461,1.66243,0.0697809,0.46201,1.74618
405,1,0.00774523,0.380821,1.66505,0.0697809,0.46201,1.74618
406,1,0.0055698,0.384231,1.6668,0.0697809,0.46201,1.74618
407,1,0.00825968,0.393995,1.67276,0.0697809,0.46201,1.74618
408,1,0.00846436,0.39789,1.67107,0.0697809,0.46201,1.74618
409,1,0.00768131,0.399549,1.66967,0.0697809,0.46201,1.74618
410,1,0.00969895,0.403707,1.67179,0.0697809,0.46201,1.74618
411,1,0.0112169,0.408168,1.67401,0.0697809,0.46201,1.74618
412,1,0.010802,0.411004,1.67423,0.0697809,0.46201,1.74618
413,1,0.0112612,0.413879,1.67418,0.0697809,0.46201,1.74618
414,1,0.0116465,0.416179,1.67514,0.0697809,0.46201,1.74618
415,1,0.0105023,0.415409,1.67484,0.0697809,0.46201,1.74618
416,1,0.00962282,0.413933,1.6743,0.0697809,0.46201,1.74618
417,1,0.00782352,0.410313,1.6704,0.0697809,0.46201,1.74618
418,1,0.00552906,0.40308,1.66796,0.0697809,0.46201,1.74618
419,1,0.00474056,0.401993,1.66963,0.0697809,0.46201,1.74618
420,1,0.00153114,0.391671,1.66418,0.0697809,0.46201,1.74618
421,1,-0.00379203,0.382248,1.66188,0.0697809,0.46201,1.74618
422,1,-0.00921431,0.372027,1.65631,0.0697809,0.46201,1.74618
423,1,-0.0187618,0.361498,1.64944,0.0697809,0.46201,1.74618
424,1,-0.0329397,0.346477,1.64132,0.0697809,0.46201,1.74618
425,1,-0.0497458,0.335203,1.63132,0.0697809,0.46201,1.74618
426,1,-0.0721378,0.322471,1.62652,0.0697809,0.46201,1.74618
427,1,-0.0944304,0.313443,1.62573,0.0697809,0.46201,1.74618
428,1,-0.121842,0.299584,1.61527,0.0697809,0.46201,1.74618
429,1,-0.150468,0.283011,1.61671,0.0697809,0.46201,1.74618
430,1,-0.182452,0.262618,1.60649,0.0697809,0.46201,1.74618
431,1,-0.214416,0.241892,1.60824,0.0697809,0.46201,1.74618
432,1,-0.249282,0.218623,1.60832,0.0697809,0.46201,1.74618
433,1,-0.285169,0.191238,1.61127,0.0697809,0.46201,1.74618
434,1,-0.320294,0.163092,1.61054,0.0697809,0.46201,1.74618
435,1,-0.350859,0.132508,1.61484,0.0697809,0.46201,1.74618
436,1,-0.38272,0.0979322,1.63185,0.0697809,0.46201,1.74618
437,1,-0.417207,0.0658579,1.64841,0.0697809,0.46201,1.74618
438,1,-0.444566,0.0311223,1.66302,0.0697809,0.46201,1.74618
439,1,-0.473783,0.00746318,1.68304,0.0697809,0.46201,1.74618
440,1,-0.491472,-0.0302049,1.68765,0.0697809,0.46201,1.74618
441,1,-0.507383,-0.0544689,1.70068,0.0697809,0.46201,1.74618
442,1,-0.518861,-0.0807997,1.70942,0.0697809,0.46201,1.74618
443,1,-0.529084,-0.105488,1.72024,0.0697809,0.46201,1.74618
444,1,-0.534276,-0.128992,1.72764,0.0697809,0.46201,1.74618
445,1,-0.541888,-0.142801,1.73654,0.0697809,0.46201,1.74618
446,1,-0.544262,-0.161933,1.74173,0.0697809,0.46201,1.74618
447,1,-0.545128,-0.176854,1.7435,0.0697809,0.46201,1.74618
448,1,-0.547554,-0.186151,1.74633,0.0697809,0.46201,1.74618
449,1,-0.549446,-0.197659,1.74509,0.0697809,0.46201,1.74618
450,1,-0.551614,-0.204012,1.7466,0.0697809,0.46201,1.74618
451,1,-0.552388,-0.208635,1.74683,0.0697809,0.46201,1.74618
452,1,-0.555534,-0.213532,1.74851,0.0697809,0.46201,1.74618
453,1,-0.556883,-0.219148,1.74735,0.0697809,0.46201,1.74618
454,1,-0.55906,-0.224385,1.74852,0.0697809,0.46201,1.74618
455,1,-0.560617,-0.230163,1.75134,0.0697809,0.46201,1.74618
456,1,-0.560912,-0.231701,1.75266,0.0697809,0.46201,1.74618
457,1,-0.564725,-0.235837,1.75567,0.0697809,0.46201,1.74618
458,1,-0.563556,-0.23751,1.76039,0.0697809,0.46201,1.74618
459,1,-0.565045,-0.235286,1.75664,0.0697809,0.46201,1.74618
460,1,-0.563365,-0.235575,1.75829,0.0697809,0.46201,1.74618
461,1,-0.564504,-0.237952,1.75993,0.0697809,0.46201,1.74618
462,1,-0.561417,-0.235416,1.757,0.0697809,0.46201,1.74618
463,1,-0.562474,-0.238802,1.7605,0.0697809,0.46201,1.74618
464,1,-0.564049,-0.237582,1.75959,0.0697809,0.46201,1.74618
465,1,-0.563584,-0.237666,1.76094,0.0697809,0.46201,1.74618
466,1,-0.56492,-0.238426,1.76031,0.0697809,0.46201,1.74618
467,1,-0.564368,-0.238683,1.76154,0.0697809,0.46201,1.74618
468,1,-0.564811,-0.237655,1.76092,0.0697809,0.46201,1.74618
469,1,-0.564974,-0.236648,1.75877,0.0697809,0.46201,1.74618
470,1,-0.563728,-0.238091,1.76098,0.0697809,0.46201,1.74618
471,1,-0.564115,-0.238521,1.76028,0.0697809,0.46201,1.74618
472,1,-0.563404,-0.238632,1.76032,0.0697809,0.46201,1.74618
473,0,-0.56388,-0.239153,1.76164,0.0697809,0.46201,1.74618
474,0,-0.563034,-0.239694,1.76052,0.0697809,0.46201,1.74618
475,0,-0.564857,-0.237004,1.75802,0.0697809,0.46201,1.74618
476,0,-0.563549,-0.2388,1.76193,0.0697809,0.46201,1.74618
477,0,-0.563799,-0.239333,1.76085,0.0697809,0.46201,1.74618
478,0,-0.564675,-0.238285,1.75966,0.0697809,0.46201,1.74618
479,0,-0.564085,-0.238791,1.76102,0.0697809,0.46201,1.74618
480,0,-0.563573,-0.238745,1.76034,0.0697809,0.46201,1.74618
481,0,-0.56447,-0.238455,1.76071,0.0697809,0.46201,1.74618
482,0,-0.564173,-0.238666,1.76026,0.0697809,0.46201,1.74618
483,0,-0.564251,-0.238972,1.76032,0.0697809,0.46201,1.74618
484,0,-0.564351,-0.238402,1.76169,0.0697809,0.46201,1.74618
485,0,-0.565277,-0.237639,1.76155,0.0697809,0.46201,1.74618
486,0,-0.563887,-0.238797,1.76052,0.0697809,0.46201,1.74618
487,0,-0.564665,-0.23844,1.76043,0.0697809,0.46201,1.74618
488,0,-0.564507,-0.238596,1.76076,0.0697809,0.46201,1.74618
489,0,-0.563856,-0.239064,1.76054,0.0697809,0.46201,1.74618
490,0,-0.565714,-0.238339,1.76034,0.0697809,0.46201,1.74618
491,0,-0.564052,-0.23856,1.75976,0.0697809,0.46201,1.74618
492,0,-0.564449,-0.234009,1.75613,0.0697809,0.46201,1.74618
493,0,-0.562928,-0.238841,1.76018,0.0697809,0.46201,1.74618
494,0,-0.563646,-0.23862,1.75906,0.0697809,0.46201,1.74618
495,0,-0.56389,-0.239102,1.76017,0.0697809,0.46201,1.74618
496,0,-0.563237,-0.23865,1.76027,0.0697809,0.46201,1.74618
497,0,-0.564263,-0.239337,1.76094,0.0697809,0.46201,1.74618
498,0,-0.564191,-0.237594,1.76039,0.0697809,0.46201,1.74618
499,0,-0.564325,-0.238829,1.76253,0.0697809,0.46201,1.74618
500,0,-0.563754,-0.238796,1.76031,0.0697809,0.46201,1.74618
501,0,-0.564777,-0.238475,1.75977,0.0697809,0.46201,1.74618
502,0,-0.564095,-0.238958,1.76196,0.0697809,0.46201,1.74618
503,0,-0.564417,-0.237961,1.75916,0.0697809,0.46201,1.74618
504,0,-0.565534,-0.236345,1.75845,0.0697809,0.46201,1.74618
505,0,-0.564671,-0.238564,1.76003,0.0697809,0.46201,1.74618
506,0,-0.565655,-0.238204,1.76017,0.0697809,0.46201,1.74618
507,0,-0.565727,-0.236676,1.75798,0.0697809,0.46201,1.74618
508,0,-0.564081,-0.239445,1.76002,0.0697809,0.46201,1.74618
509,0,-0.564671,-0.238299,1.76238,0.0697809,0.46201,1.74618
510,0,-0.564874,-0.238716,1.76099,0.0697809,0.46201,1.74618
511,0,-0.564753,-0.238719,1.75962,0.0697809,0.46201,1.74618
512,0,-0.564691,-0.238651,1.76084,0.0697809,0.46201,1.74618
513,0,-0.564449,-0.238866,1.76066,0.0697809,0.46201,1.74618
514,0,-0.565105,-0.23454,1.75684,0.0697809,0.46201,1.74618
515,0,-0.564038,-0.239569,1.76081,0.0697809,0.46201,1.74618
516,0,-0.565113,-0.238844,1.76,0.0697809,0.46201,1.74618
517,1,-0.563859,-0.238707,1.76305,0.0697809,0.46201,1.74618
518,1,-0.564399,-0.239576,1.76142,0.0697809,0.46201,1.74618
519,1,-0.564829,-0.238249,1.76097,0.0697809,0.46201,1.74618
520,1,-0.565273,-0.235197,1.75714,0.0697809,0.46201,1.74618
521,1,-0.564144,-0.238049,1.76068,0.0697809,0.46201,1.74618
522,1,-0.564593,-0.238735,1.76019,0.0697809,0.46201,1.74618
523,1,-0.565141,-0.23767,1.76238,0.0697809,0.46201,1.74618
524,1,-0.566341,-0.238009,1.76188,0.0697809,0.46201,1.74618
525,1,-0.564389,-0.237428,1.76082,0.0697809,0.46201,1.74618
526,1,-0.56489,-0.235839,1.75722,0.0697809,0.46201,1.74618
527,1,-0.564886,-0.234741,1.75719,0.0697809,0.46201,1.74618
528,1,-0.56449,-0.237027,1.75881,0.0697809,0.46201,1.74618
529,1,-0.562832,-0.238551,1.7607,0.0697809,0.46201,1.74618
530,1,-0.565364,-0.235052,1.75747,0.0697809,0.46201,1.74618
531,1,-0.56617,-0.238861,1.76074,0.0697809,0.46201,1.74618
532,1,-0.563818,-0.239099,1.76328,0.0697809,0.46201,1.74618
533,1,-0.562891,-0.237508,1.75953,0.0697809,0.46201,1.74618
534,1,-0.56408,-0.234277,1.75849,0.0697809,0.46201,1.74618
535,1,-0.566546,-0.226114,1.75594,0.0697809,0.46201,1.74618
536,1,-0.569021,-0.215611,1.74954,0.0697809,0.46201,1.74618
537,1,-0.566022,-0.20902,1.75207,0.0697809,0.46201,1.74618
538,1,-0.564774,-0.190176,1.74342,0.0697809,0.46201,1.74618
539,1,-0.560892,-0.174105,1.73492,0.0697809,0.46201,1.74618
540,1,-0.558613,-0.15576,1.7255,0.0697809,0.46201,1.74618
541,1,-0.553253,-0.124293,1.70922,0.0697809,0.46201,1.74618
542,1,-0.544562,-0.102566,1.69733,0.0697809,0.46201,1.74618
543,1,-0.540193,-0.0683901,1.67018,0.0697809,0.46201,1.74618
544,1,-0.517738,-0.0503658,1.66444,0.0697809,0.46201,1.74618
545,1,-0.502241,-0.0353725,1.65262,0.0697809,0.46201,1.74618
546,1,-0.478944,-0.00382618,1.63236,0.0697809,0.46201,1.74618
547,1,-0.461573,0.00940889,1.62202,0.0697809,0.46201,1.74618
548,1,-0.431131,0.0357401,1.60297,0.0697809,0.46201,1.74618
549,1,-0.408675,0.0490904,1.59558,0.0697809,0.46201,1.74618
550,1,-0.377673,0.0627052,1.5841,0.0697809,0.46201,1.74618
551,1,-0.347613,0.0762449,1.57233,0.0697809,0.46201,1.74618
552,1,-0.313459,0.0842712,1.56147,0.0697809,0.46201,1.74618
553,1,-0.285114,0.0974195,1.55832,0.0697809,0.46201,1.74618
554,1,-0.249497,0.107562,1.55212,0.0697809,0.46201,1.74618
555,1,-0.216077,0.112393,1.54749,0.0697809,0.46201,1.74618
556,1,-0.179558,0.114576,1.54134,0.0697809,0.46201,1.74618
557,1,-0.144366,0.114352,1.54223,0.0697809,0.46201,1.74618
558,1,-0.105416,0.116877,1.53983,0.0697809,0.46201,1.74618
559,1,-0.0673376,0.11636,1.53776,0.0697809,0.46201,1.74618
560,1,-0.0286183,0.113788,1.53947,0.0697809,0.46201,1.74618
561,1,0.00853017,0.110453,1.54464,0.0697809,0.46201,1.74618
562,1,0.0502898,0.106152,1.54573,0.0697809,0.46201,1.74618
563,1,0.0864456,0.0994623,1.55424,0.0697809,0.46201,1.74618
564,1,0.123764,0.0912197,1.56536,0.0697809,0.46201,1.74618
565,1,0.161109,0.0812983,1.58002,0.0697809,0.46201,1.74618
566,1,0.195498,0.0695559,1.59075,0.0697809,0.46201,1.74618
568,1,0.227382,0.0580036,1.60395,0.0697809,0.46201,1.74618
569,1,0.296516,0.0357515,1.6325,0.0697809,0.46201,1.74618
570,1,0.328388,0.025763,1.64429,0.0697809,0.46201,1.74618
571,1,0.357627,0.0108155,1.66157,0.0697809,0.46201,1.74618
572,1,0.383754,-0.000444543,1.674,0.0697809,0.46201,1.74618
573,1,0.409682,-0.0137877,1.69479,0.0697809,0.46201,1.74618
574,1,0.437086,-0.0184327,1.71029,0.0697809,0.46201,1.74618
575,1,0.446999,-0.043891,1.72026,0.0697809,0.46201,1.74618
576,1,0.4716,-0.0499215,1.73663,0.0697809,0.46201,1.74618
577,1,0.491237,-0.0551325,1.74708,0.0697809,0.46201,1.74618
578,1,0.497317,-0.0794377,1.75639,0.0697809,0.46201,1.74618
579,1,0.509431,-0.093504,1.76745,0.0697809,0.46201,1.74618
580,1,0.522198,-0.10608,1.77806,0.0697809,0.46201,1.74618
581,1,0.533237,-0.116025,1.79002,0.0697809,0.46201,1.74618
582,1,0.541033,-0.123367,1.79332,0.0697809,0.46201,1.74618
583,1,0.549658,-0.135214,1.80719,0.0697809,0.46201,1.74618
584,1,0.554171,-0.143632,1.81202,0.0697809,0.46201,1.74618
585,1,0.559268,-0.151203,1.81831,0.0697809,0.46201,1.74618
586,1,0.564129,-0.156163,1.81959,0.0697809,0.46201,1.74618
587,1,0.569594,-0.160602,1.82288,0.0697809,0.46201,1.74618
588,1,0.573312,-0.16468,1.82505,0.0697809,0.46201,1.74618
589,1,0.577545,-0.170357,1.83233,0.0697809,0.46201,1.74618
590,1,0.57899,-0.176498,1.83871,0.0697809,0.46201,1.74618
591,1,0.583917,-0.17524,1.83555,0.0697809,0.46201,1.74618
592,1,0.58275,-0.182026,1.84094,0.0697809,0.46201,1.74618
593,1,0.584422,-0.178574,1.83467,0.0697809,0.46201,1.74618
594,1,0.587191,-0.186905,1.84572,0.0697809,0.46201,1.74618
595,1,0.590076,-0.187561,1.84869,0.0697809,0.46201,1.74618
596,0,0.192821,0.019011,1.80197,0.0697809,0.46201,1.74618
597,0,0.5904,-0.186705,1.84655,0.0697809,0.46201,1.74618
598,0,0.591368,-0.186338,1.84708,0.0697809,0.46201,1.74618
599,0,0.593215,-0.188645,1.85201,0.0697809,0.46201,1.74618
600,0,0.591834,-0.185273,1.84607,0.0697809,0.46201,1.74618
601,0,0.593433,-0.190424,1.85495,0.0697809,0.46201,1.74618
602,0,0.160549,0.024035,1.89925,0.0697809,0.46201,1.74618
603,0,0.590738,-0.19054,1.8481,0.0697809,0.46201,1.74618
604,0,0.593026,-0.190226,1.84914,0.0697809,0.46201,1.74618
605,0,0.593328,-0.191256,1.85137,0.0697809,0.46201,1.74618
606,0,0.593305,-0.192775,1.85278,0.0697809,0.46201,1.74618
607,1,0.32575,0.441125,1.71592,0.0697809,0.46201,1.74618
608,1,0.591,-0.178427,1.8354,0.0697809,0.46201,1.74618
609,1,0.594122,-0.167993,1.83601,0.0697809,0.46201,1.74618
610,1,0.590214,-0.153135,1.82965,0.0697809,0.46201,1.74618
611,1,0.573222,-0.142741,1.82084,0.0697809,0.46201,1.74618
612,1,0.564199,-0.135011,1.81473,0.0697809,0.46201,1.74618
613,0,0.594238,-0.172757,1.86061,0.0697809,0.46201,1.74618
614,0,0.592748,-0.173361,1.85972,0.0697809,0.46201,1.74618
615,0,0.592969,-0.173532,1.85998,0.0697809,0.46201,1.74618
616,0,0.593474,-0.173663,1.85976,0.0697809,0.46201,1.74618
617,0,0.593262,-0.173649,1.85894,0.0697809,0.46201,1.74618
618,0,0.594021,-0.173215,1.8594,0.0697809,0.46201,1.74618
619,0,0.593482,-0.173765,1.86005,0.0697809,0.46201,1.74618
620,0,0.596783,-0.172861,1.86397,0.0697809,0.46201,1.74618
621,0,0.595548,-0.17312,1.86396,0.0697809,0.46201,1.74618
622,0,0.594483,-0.171986,1.86221,0.0697809,0.46201,1.74618
623,0,0.595976,-0.174038,1.86368,0.0697809,0.46201,1.74618
624,0,0.59326,-0.172991,1.86032,0.0697809,0.46201,1.74618
625,0,0.595388,-0.172806,1.86374,0.0697809,0.46201,1.74618
626,0,0.593805,-0.172809,1.86061,0.0697809,0.46201,1.74618
627,0,0.59685,-0.172676,1.86416,0.0697809,0.46201,1.74618
628,0,0.595545,-0.172287,1.86353,0.0697809,0.46201,1.74618
629,0,0.59719,-0.171296,1.86342,0.0697809,0.46201,1.74618
630,0,0.595984,-0.172435,1.86238,0.0697809,0.46201,1.74618
631,0,0.594698,-0.172466,1.86206,0.0697809,0.46201,1.74618
632,0,0.594168,-0.172615,1.86125,0.0697809,0.46201,1.74618
633,0,0.593176,-0.173589,1.86051,0.0697809,0.46201,1.74618
634,0,0.59726,-0.172465,1.86355,0.0697809,0.46201,1.74618
635,0,0.593683,-0.17221,1.86082,0.0697809,0.46201,1.74618
636,0,0.594445,-0.172584,1.8612,0.0697809,0.46201,1.74618
637,0,0.593445,-0.172653,1.86186,0.0697809,0.46201,1.74618
638,0,0.594074,-0.17308,1.85953,0.0697809,0.46201,1.74618
639,0,0.593556,-0.171952,1.86062,0.0697809,0.46201,1.74618
640,0,0.593457,-0.172615,1.86037,0.0697809,0.46201,1.74618
641,0,0.594082,-0.172115,1.86096,0.0697809,0.46201,1.74618
642,0,0.594569,-0.171769,1.86111,0.0697809,0.46201,1.74618
643,0,0.596821,-0.172809,1.8629,0.0697809,0.46201,1.74618
644,0,0.593391,-0.171918,1.85941,0.0697809,0.46201,1.74618
645,0,0.59366,-0.172853,1.86085,0.0697809,0.46201,1.74618
646,0,0.593688,-0.17198,1.86093,0.0697809,0.46201,1.74618
647,0,0.595612,-0.173025,1.86229,0.0697809,0.46201,1.74618
648,0,0.59385,-0.173237,1.86039,0.0697809,0.46201,1.74618
649,0,0.597562,-0.171245,1.86286,0.0697809,0.46201,1.74618
650,0,0.595351,-0.172912,1.85976,0.0697809,0.46201,1.74618
651,0,0.592678,-0.17251,1.86019,0.0697809,0.46201,1.74618
652,0,0.594211,-0.171936,1.86083,0.0697809,0.46201,1.74618
653,0,0.594624,-0.172944,1.86059,0.0697809,0.46201,1.74618
654,0,0.593591,-0.173222,1.86065,0.0697809,0.46201,1.74618
655,0,0.595223,-0.173624,1.8616,0.0697809,0.46201,1.74618
656,0,0.593373,-0.173516,1.86068,0.0697809,0.46201,1.74618
657,0,0.594511,-0.172727,1.86156,0.0697809,0.46201,1.74618
658,0,0.596883,-0.172589,1.86362,0.0697809,0.46201,1.74618
659,0,0.595452,-0.172304,1.86355,0.0697809,0.46201,1.74618
660,0,0.594135,-0.172889,1.86127,0.0697809,0.46201,1.74618
661,0,0.594325,-0.173382,1.86129,0.0697809,0.46201,1.74618
662,0,0.596192,-0.172756,1.86135,0.0697809,0.46201,1.74618
663,0,0.595244,-0.172835,1.86051,0.0697809,0.46201,1.74618
664,0,0.596383,-0.171961,1.86379,0.0697809,0.46201,1.74618
665,0,0.595809,-0.172296,1.86423,0.0697809,0.46201,1.74618
666,0,0.593456,-0.173479,1.86132,0.0697809,0.46201,1.74618
667,0,0.593003,-0.173139,1.8614,0.0697809,0.46201,1.74618
668,0,0.593182,-0.17338,1.8605,0.0697809,0.46201,1.74618
669,0,0.595962,-0.172438,1.86365,0.0697809,0.46201,1.74618
670,0,0.595089,-0.172648,1.86297,0.0697809,0.46201,1.74618
671,0,0.594173,-0.172882,1.86108,0.0697809,0.46201,1.74618
672,0,0.594353,-0.172986,1.86115,0.0697809,0.46201,1.74618
673,0,0.592949,-0.173002,1.86036,0.0697809,0.46201,1.74618
674,0,0.59469,-0.17241,1.86159,0.0697809,0.46201,1.74618
675,0,0.597409,-0.172023,1.86351,0.0697809,0.46201,1.74618
676,0,0.596737,-0.172524,1.86311,0.0697809,0.46201,1.74618
677,0,0.596578,-0.172788,1.865,0.0697809,0.46201,1.74618
678,0,0.595004,-0.171971,1.8604,0.0697809,0.46201,1.74618
679,0,0.594343,-0.171575,1.86099,0.0697809,0.46201,1.74618
680,0,0.594383,-0.173102,1.85912,0.0697809,0.46201,1.74618
681,0,0.593673,-0.172737,1.86001,0.0697809,0.46201,1.74618
682,0,0.592951,-0.173258,1.86072,0.0697809,0.46201,1.74618
683,0,0.594433,-0.172866,1.86065,0.0697809,0.46201,1.74618
684,0,0.593688,-0.173132,1.86239,0.0697809,0.46201,1.74618
685,0,0.594387,-0.172488,1.86266,0.0697809,0.46201,1.74618
686,0,0.598374,-0.17275,1.86341,0.0697809,0.46201,1.74618
687,0,0.59286,-0.172304,1.86065,0.0697809,0.46201,1.74618
688,0,0.59548,-0.172423,1.86145,0.0697809,0.46201,1.74618
689,0,0.596078,-0.172151,1.86413,0.0697809,0.46201,1.74618
690,0,0.593637,-0.173521,1.86156,0.0697809,0.46201,1.74618
691,0,0.593287,-0.172592,1.86047,0.0697809,0.46201,1.74618
692,0,0.595398,-0.1725,1.86402,0.0697809,0.46201,1.74618
693,0,0.592499,-0.173022,1.86081,0.0697809,0.46201,1.74618
694,0,0.596346,-0.172792,1.86194,0.0697809,0.46201,1.74618
695,0,0.59802,-0.173498,1.86551,0.0697809,0.46201,1.74618
696,0,0.595136,-0.174083,1.866,0.0697809,0.46201,1.74618
697,0,0.597143,-0.173603,1.86616,0.0697809,0.46201,1.74618
698,0,0.595866,-0.173203,1.86456,0.0697809,0.46201,1.74618
699,0,0.597063,-0.172908,1.86571,0.0697809,0.46201,1.74618
700,0,0.595965,-0.172966,1.86599,0.0697809,0.46201,1.74618
701,0,0.596005,-0.174643,1.86628,0.0697809,0.46201,1.74618
702,0,0.598365,-0.172395,1.86634,0.0697809,0.46201,1.74618
703,0,0.596107,-0.173798,1.86625,0.0697809,0.46201,1.74618
704,0,0.596125,-0.173413,1.86558,0.0697809,0.46201,1.74618
705,0,0.596993,-0.172461,1.86569,0.0697809,0.46201,1.74618
706,0,0.596079,-0.173245,1.86742,0.0697809,0.46201,1.74618
707,0,0.59866,-0.171425,1.86682,0.0697809,0.46201,1.74618
708,0,0.596041,-0.173422,1.86532,0.0697809,0.46201,1.74618
709,0,0.595989,-0.173428,1.86588,0.0697809,0.46201,1.74618
710,0,0.594976,-0.173363,1.86513,0.0697809,0.46201,1.74618
711,0,0.595336,-0.172643,1.8643,0.0697809,0.46201,1.74618
712,0,0.596601,-0.172893,1.86564,0.0697809,0.46201,1.74618
713,0,0.60018,-0.170346,1.86622,0.0697809,0.46201,1.74618
714,0,0.595967,-0.173557,1.86644,0.0697809,0.46201,1.74618
715,0,0.595244,-0.174043,1.86638,0.0697809,0.46201,1.74618
716,0,0.596641,-0.172712,1.86606,0.0697809,0.46201,1.74618
717,0,0.595887,-0.172408,1.86535,0.0697809,0.46201,1.74618
718,0,0.595975,-0.173035,1.8649,0.0697809,0.46201,1.74618
719,0,0.596428,-0.173042,1.86598,0.0697809,0.46201,1.74618
720,0,0.596452,-0.172065,1.86649,0.0697809,0.46201,1.74618
721,0,0.596948,-0.171827,1.86569,0.0697809,0.46201,1.74618
722,0,0.598025,-0.172775,1.86666,0.0697809,0.46201,1.74618
723,0,0.596787,-0.173415,1.86592,0.0697809,0.46201,1.74618
724,0,0.595615,-0.173457,1.86576,0.0697809,0.46201,1.74618
725,0,0.596649,-0.172497,1.86535,0.0697809,0.46201,1.74618
726,0,0.595288,-0.173508,1.86531,0.0697809,0.46201,1.74618
727,0,0.594804,-0.173328,1.86548,0.0697809,0.46201,1.74618
728,0,0.595912,-0.173029,1.86618,0.0697809,0.46201,1.74618
729,0,0.595913,-0.172742,1.86691,0.0697809,0.46201,1.74618
730,0,0.597141,-0.173035,1.86672,0.0697809,0.46201,1.74618
731,0,0.596941,-0.172422,1.86526,0.0697809,0.46201,1.74618
732,0,0.596696,-0.172845,1.86557,0.0697809,0.46201,1.74618
733,0,0.596002,-0.172895,1.86597,0.0697809,0.46201,1.74618
734,0,0.597569,-0.172906,1.86605,0.0697809,0.46201,1.74618
735,0,0.596049,-0.17288,1.86494,0.0697809,0.46201,1.74618
736,0,0.596991,-0.172251,1.86632,0.0697809,0.46201,1.74618
737,0,0.595607,-0.172947,1.8646,0.0697809,0.46201,1.74618
738,0,0.596056,-0.172611,1.86473,0.0697809,0.46201,1.74618
739,0,0.597234,-0.172356,1.86664,0.0697809,0.46201,1.74618
740,0,0.597203,-0.17237,1.86591,0.0697809,0.46201,1.74618
741,0,0.597452,-0.172228,1.86604,0.0697809,0.46201,1.74618
742,0,0.596313,-0.17327,1.86742,0.0697809,0.46201,1.74618
