101,0,0.303107,-0.214877,1.7553,-0.0454201,0.46612,1.8306
102,0,0.303904,-0.214696,1.75609,-0.0454201,0.46612,1.8306
103,0,0.302789,-0.214702,1.75615,-0.0454201,0.46612,1.8306
104,0,0.303619,-0.214737,1.75492,-0.0454201,0.46612,1.8306
105,0,0.304653,-0.214607,1.75683,-0.0454201,0.46612,1.8306
106,0,0.304289,-0.214392,1.75822,-0.0454201,0.46612,1.8306
107,0,0.304889,-0.214756,1.75636,-0.0454201,0.46612,1.8306
108,0,0.303785,-0.214872,1.75705,-0.0454201,0.46612,1.8306
109,0,0.303577,-0.214864,1.75738,-0.0454201,0.46612,1.8306
110,0,0.302744,-0.214398,1.75748,-0.0454201,0.46612,1.8306
111,0,0.303097,-0.213706,1.75665,-0.0454201,0.46612,1.8306
112,0,0.305624,-0.214516,1.75348,-0.0454201,0.46612,1.8306
113,0,0.302693,-0.214654,1.75735,-0.0454201,0.46612,1.8306
114,0,0.302712,-0.214151,1.75656,-0.0454201,0.46612,1.8306
115,0,0.303425,-0.213975,1.75614,-0.0454201,0.46612,1.8306
116,0,0.302344,-0.214567,1.75295,-0.0454201,0.46612,1.8306
117,0,0.303178,-0.214475,1.75776,-0.0454201,0.46612,1.8306
118,0,0.302618,-0.213931,1.75634,-0.0454201,0.46612,1.8306
119,0,0.302181,-0.215039,1.75672,-0.0454201,0.46612,1.8306
120,0,0.302164,-0.214788,1.75555,-0.0454201,0.46612,1.8306
121,0,0.302865,-0.213529,1.7555,-0.0454201,0.46612,1.8306
122,0,0.302165,-0.214221,1.75713,-0.0454201,0.46612,1.8306
123,0,0.302606,-0.214639,1.75747,-0.0454201,0.46612,1.8306
125,0,0.302246,-0.213565,1.75671,-0.0454201,0.46612,1.8306
126,0,0.301961,-0.214045,1.75923,-0.0454201,0.46612,1.8306
127,0,0.302779,-0.214767,1.75749,-0.0454201,0.46612,1.8306
128,0,0.301599,-0.213987,1.75738,-0.0454201,0.46612,1.8306
129,0,0.301215,-0.214101,1.75485,-0.0454201,0.46612,1.8306
130,0,0.298945,-0.212685,1.75637,-0.0454201,0.46612,1.8306
131,1,0.30227,-0.213701,1.75252,-0.0454201,0.46612,1.8306
132,1,0.299645,-0.213313,1.75113,-0.0454201,0.46612,1.8306
133,1,0.303801,-0.214503,1.75231,-0.0454201,0.46612,1.8306
134,1,0.302339,-0.214664,1.74914,-0.0454201,0.46612,1.8306
135,1,0.303122,-0.215064,1.75331,-0.0454201,0.46612,1.8306
136,1,0.303115,-0.214657,1.75215,-0.0454201,0.46612,1.8306
137,1,0.302888,-0.21481,1.75292,-0.0454201,0.46612,1.8306
138,1,0.302352,-0.214365,1.74843,-0.0454201,0.46612,1.8306
139,1,0.304221,-0.215112,1.75118,-0.0454201,0.46612,1.8306
140,1,0.302755,-0.214975,1.75174,-0.0454201,0.46612,1.8306
141,1,0.301779,-0.214738,1.75009,-0.0454201,0.46612,1.8306
142,1,0.301719,-0.213964,1.74495,-0.0454201,0.46612,1.8306
143,1,0.299588,-0.214696,1.74631,-0.0454201,0.46612,1.8306
144,1,0.302834,-0.215454,1.75334,-0.0454201,0.46612,1.8306
145,1,0.304644,-0.215402,1.75244,-0.0454201,0.46612,1.8306
146,1,0.303461,-0.216366,1.75401,-0.0454201,0.46612,1.8306
147,1,0.306441,-0.216198,1.7507,-0.0454201,0.46612,1.8306
148,1,0.306759,-0.216097,1.75289,-0.0454201,0.46612,1.8306
149,1,0.306046,-0.216554,1.74929,-0.0454201,0.46612,1.8306
150,1,0.306441,-0.21651,1.74989,-0.0454201,0.46612,1.8306
151,1,0.304667,-0.216919,1.751,-0.0454201,0.46612,1.8306
152,1,0.306336,-0.216388,1.75038,-0.0454201,0.46612,1.8306
153,1,0.295365,-0.218805,1.74168,-0.0454201,0.46612,1.8306
154,1,0.307096,-0.216146,1.74971,-0.0454201,0.46612,1.8306
155,1,0.306641,-0.216079,1.74927,-0.0454201,0.46612,1.8306
156,1,0.27505,-0.212553,1.7264,-0.0454201,0.46612,1.8306
157,1,0.280032,-0.216448,1.73308,-0.0454201,0.46612,1.8306
158,1,0.284492,-0.217759,1.73692,-0.0454201,0.46612,1.8306
159,1,0.305783,-0.217006,1.74723,-0.0454201,0.46612,1.8306
160,1,0.304863,-0.218177,1.75046,-0.0454201,0.46612,1.8306
161,1,0.309228,-0.215219,1.75152,-0.0454201,0.46612,1.8306
162,1,0.309602,-0.216783,1.75062,-0.0454201,0.46612,1.8306
163,1,0.309523,-0.215694,1.74885,-0.0454201,0.46612,1.8306
164,1,0.310985,-0.216135,1.75176,-0.0454201,0.46612,1.8306
165,1,0.311949,-0.211396,1.74463,-0.0454201,0.46612,1.8306
166,1,0.31226,-0.204656,1.73572,-0.0454201,0.46612,1.8306
167,1,0.310401,-0.197876,1.72419,-0.0454201,0.46612,1.8306
168,1,0.30608,-0.192644,1.71336,-0.0454201,0.46612,1.8306
169,1,0.299544,-0.189361,1.69329,-0.0454201,0.46612,1.8306
170,1,0.285598,-0.191329,1.66788,-0.0454201,0.46612,1.8306
171,1,0.271143,-0.191434,1.64076,-0.0454201,0.46612,1.8306
172,1,0.255983,-0.191821,1.61246,-0.0454201,0.46612,1.8306
173,1,0.233797,-0.199388,1.57924,-0.0454201,0.46612,1.8306
174,1,0.214855,-0.204051,1.54821,-0.0454201,0.46612,1.8306
175,1,0.197533,-0.206252,1.5311,-0.0454201,0.46612,1.8306
176,1,0.175672,-0.212564,1.50668,-0.0454201,0.46612,1.8306
177,1,0.157952,-0.219211,1.49458,-0.0454201,0.46612,1.8306
178,1,0.139457,-0.228514,1.48504,-0.0454201,0.46612,1.8306
179,1,0.124241,-0.23586,1.48024,-0.0454201,0.46612,1.8306
180,1,0.112444,-0.239495,1.47873,-0.0454201,0.46612,1.8306
181,1,0.100679,-0.245521,1.484,-0.0454201,0.46612,1.8306
182,1,0.0920285,-0.252347,1.48684,-0.0454201,0.46612,1.8306
183,1,0.0836404,-0.255579,1.49479,-0.0454201,0.46612,1.8306
184,1,0.0781448,-0.259239,1.50243,-0.0454201,0.46612,1.8306
185,1,0.0720956,-0.26349,1.50856,-0.0454201,0.46612,1.8306
186,1,0.0717335,-0.264211,1.50998,-0.0454201,0.46612,1.8306
187,1,0.0731079,-0.264825,1.50482,-0.0454201,0.46612,1.8306
188,1,0.0759869,-0.265532,1.49097,-0.0454201,0.46612,1.8306
189,1,0.0840106,-0.267159,1.47127,-0.0454201,0.46612,1.8306
190,1,0.0925841,-0.268821,1.44625,-0.0454201,0.46612,1.8306
191,1,0.101754,-0.272931,1.41923,-0.0454201,0.46612,1.8306
192,1,0.110921,-0.276287,1.39198,-0.0454201,0.46612,1.8306
193,1,0.121734,-0.278798,1.36721,-0.0454201,0.46612,1.8306
194,1,0.125521,-0.278382,1.34425,-0.0454201,0.46612,1.8306
195,1,0.129649,-0.277791,1.32564,-0.0454201,0.46612,1.8306
196,1,0.13345,-0.278543,1.31413,-0.0454201,0.46612,1.8306
197,1,0.136894,-0.279063,1.30938,-0.0454201,0.46612,1.8306
198,1,0.13936,-0.278258,1.3095,-0.0454201,0.46612,1.8306
199,1,0.138554,-0.276975,1.31428,-0.0454201,0.46612,1.8306
200,1,0.137512,-0.276865,1.32356,-0.0454201,0.46612,1.8306
201,1,0.136641,-0.275584,1.339,-0.0454201,0.46612,1.8306
202,1,0.132763,-0.27174,1.35778,-0.0454201,0.46612,1.8306
203,1,0.127129,-0.267341,1.38092,-0.0454201,0.46612,1.8306
204,1,0.119874,-0.260965,1.40663,-0.0454201,0.46612,1.8306
205,1,0.111592,-0.254783,1.43728,-0.0454201,0.46612,1.8306
206,1,0.102193,-0.249815,1.46372,-0.0454201,0.46612,1.8306
207,1,0.0924054,-0.247672,1.48292,-0.0454201,0.46612,1.8306
208,1,0.0846982,-0.243642,1.49894,-0.0454201,0.46612,1.8306
209,1,0.0790642,-0.244262,1.50681,-0.0454201,0.46612,1.8306
210,1,0.0741539,-0.243915,1.50445,-0.0454201,0.46612,1.8306
211,1,0.0735779,-0.247698,1.497,-0.0454201,0.46612,1.8306
212,1,0.0778056,-0.250275,1.48459,-0.0454201,0.46612,1.8306
213,1,0.0823687,-0.2542,1.46073,-0.0454201,0.46612,1.8306
214,1,0.0903087,-0.257497,1.43573,-0.0454201,0.46612,1.8306
215,1,0.095979,-0.262369,1.40607,-0.0454201,0.46612,1.8306
216,1,0.10247,-0.266217,1.37815,-0.0454201,0.46612,1.8306
217,1,0.110006,-0.268759,1.35265,-0.0454201,0.46612,1.8306
218,1,0.114607,-0.271309,1.33232,-0.0454201,0.46612,1.8306
219,1,0.120919,-0.274257,1.31537,-0.0454201,0.46612,1.8306
220,1,0.12334,-0.276579,1.30477,-0.0454201,0.46612,1.8306
221,1,0.126235,-0.277824,1.2977,-0.0454201,0.46612,1.8306
222,1,0.127055,-0.276893,1.2944,-0.0454201,0.46612,1.8306
223,1,0.126988,-0.274682,1.29813,-0.0454201,0.46612,1.8306
224,1,0.127108,-0.274967,1.30921,-0.0454201,0.46612,1.8306
225,1,0.123933,-0.275697,1.32496,-0.0454201,0.46612,1.8306
226,1,0.120333,-0.271252,1.34818,-0.0454201,0.46612,1.8306
227,1,0.116854,-0.266531,1.3725,-0.0454201,0.46612,1.8306
228,1,0.109097,-0.261534,1.40226,-0.0454201,0.46612,1.8306
229,1,0.102042,-0.254273,1.43945,-0.0454201,0.46612,1.8306
230,1,0.0926814,-0.247959,1.46818,-0.0454201,0.46612,1.8306
231,1,0.0851304,-0.245894,1.4951,-0.0454201,0.46612,1.8306
232,1,0.0792428,-0.244297,1.51391,-0.0454201,0.46612,1.8306
233,1,0.0718463,-0.244626,1.51682,-0.0454201,0.46612,1.8306
234,1,0.0694997,-0.244996,1.51113,-0.0454201,0.46612,1.8306
235,1,0.0708262,-0.244716,1.48947,-0.0454201,0.46612,1.8306
236,1,0.0697494,-0.246891,1.46578,-0.0454201,0.46612,1.8306
237,1,0.0749177,-0.248657,1.42696,-0.0454201,0.46612,1.8306
238,1,0.0767498,-0.251796,1.38674,-0.0454201,0.46612,1.8306
239,1,0.0810828,-0.253387,1.35462,-0.0454201,0.46612,1.8306
240,1,0.0837176,-0.258522,1.32758,-0.0454201,0.46612,1.8306
241,1,0.0870036,-0.263486,1.30889,-0.0454201,0.46612,1.8306
242,1,0.0900678,-0.263952,1.29364,-0.0454201,0.46612,1.8306
243,1,0.0888295,-0.26332,1.28765,-0.0454201,0.46612,1.8306
244,1,0.087465,-0.261553,1.28716,-0.0454201,0.46612,1.8306
245,1,0.0860569,-0.258763,1.29297,-0.0454201,0.46612,1.8306
246,1,0.0853854,-0.256799,1.31191,-0.0454201,0.46612,1.8306
247,1,0.0826676,-0.255601,1.33385,-0.0454201,0.46612,1.8306
248,1,0.0818873,-0.251663,1.36559,-0.0454201,0.46612,1.8306
249,1,0.077965,-0.249808,1.39751,-0.0454201,0.46612,1.8306
250,1,0.0746658,-0.246536,1.434,-0.0454201,0.46612,1.8306
251,1,0.0704248,-0.243599,1.46191,-0.0454201,0.46612,1.8306
252,1,0.0649156,-0.239671,1.49132,-0.0454201,0.46612,1.8306
253,1,0.0590434,-0.238365,1.50961,-0.0454201,0.46612,1.8306
254,1,0.0566768,-0.236136,1.52029,-0.0454201,0.46612,1.8306
255,1,0.0543346,-0.234748,1.5206,-0.0454201,0.46612,1.8306
256,1,0.05513,-0.233587,1.50755,-0.0454201,0.46612,1.8306
257,1,0.0574329,-0.234821,1.48041,-0.0454201,0.46612,1.8306
258,1,0.0628316,-0.234554,1.44831,-0.0454201,0.46612,1.8306
259,1,0.0717152,-0.23729,1.41404,-0.0454201,0.46612,1.8306
260,1,0.07641,-0.238027,1.3749,-0.0454201,0.46612,1.8306
261,1,0.0865031,-0.237481,1.34129,-0.0454201,0.46612,1.8306
262,1,0.0909096,-0.237532,1.31117,-0.0454201,0.46612,1.8306
263,1,0.0964503,-0.235173,1.29055,-0.0454201,0.46612,1.8306
264,1,0.0977834,-0.233906,1.27838,-0.0454201,0.46612,1.8306
265,1,0.098136,-0.232949,1.27292,-0.0454201,0.46612,1.8306
266,1,0.0963251,-0.236367,1.27201,-0.0454201,0.46612,1.8306
267,1,0.0926174,-0.238085,1.27908,-0.0454201,0.46612,1.8306
268,1,0.0881479,-0.241991,1.29165,-0.0454201,0.46612,1.8306
269,1,0.0825868,-0.244907,1.31253,-0.0454201,0.46612,1.8306
270,1,0.0755743,-0.249009,1.33946,-0.0454201,0.46612,1.8306
271,1,0.0698464,-0.249534,1.37168,-0.0454201,0.46612,1.8306
272,1,0.0597452,-0.250299,1.40543,-0.0454201,0.46612,1.8306
273,1,0.0508678,-0.249684,1.43815,-0.0454201,0.46612,1.8306
274,1,0.0401508,-0.248449,1.46827,-0.0454201,0.46612,1.8306
275,1,0.0290915,-0.248297,1.49287,-0.0454201,0.46612,1.8306
276,1,0.0215409,-0.248098,1.50919,-0.0454201,0.46612,1.8306
277,1,0.0139656,-0.247642,1.51259,-0.0454201,0.46612,1.8306
278,1,0.0135707,-0.24821,1.51015,-0.0454201,0.46612,1.8306
279,1,0.0147915,-0.252736,1.4912,-0.0454201,0.46612,1.8306
280,1,0.0192655,-0.252754,1.46729,-0.0454201,0.46612,1.8306
281,1,0.0224765,-0.253701,1.43525,-0.0454201,0.46612,1.8306
282,1,0.0305795,-0.255671,1.40061,-0.0454201,0.46612,1.8306
283,1,0.0361345,-0.254731,1.36867,-0.0454201,0.46612,1.8306
284,1,0.0382548,-0.255354,1.34102,-0.0454201,0.46612,1.8306
285,1,0.0450515,-0.251283,1.31977,-0.0454201,0.46612,1.8306
286,1,0.0489077,-0.248961,1.30744,-0.0454201,0.46612,1.8306
287,1,0.0541005,-0.246948,1.303,-0.0454201,0.46612,1.8306
288,1,0.0573642,-0.244098,1.30084,-0.0454201,0.46612,1.8306
289,1,0.06328,-0.239836,1.30581,-0.0454201,0.46612,1.8306
290,1,0.0655047,-0.234683,1.31299,-0.0454201,0.46612,1.8306
291,1,0.0687729,-0.231183,1.32806,-0.0454201,0.46612,1.8306
292,1,0.0700571,-0.225886,1.34614,-0.0454201,0.46612,1.8306
293,1,0.0684977,-0.218812,1.3637,-0.0454201,0.46612,1.8306
294,1,0.0678935,-0.212574,1.38483,-0.0454201,0.46612,1.8306
295,1,0.0682933,-0.204128,1.40937,-0.0454201,0.46612,1.8306
296,1,0.0671542,-0.194723,1.43249,-0.0454201,0.46612,1.8306
297,1,0.0635018,-0.187281,1.4538,-0.0454201,0.46612,1.8306
298,1,0.060151,-0.178503,1.46916,-0.0454201,0.46612,1.8306
299,1,0.0563323,-0.169488,1.48779,-0.0454201,0.46612,1.8306
300,1,0.0486021,-0.163899,1.50261,-0.0454201,0.46612,1.8306
301,1,0.0399739,-0.157907,1.51532,-0.0454201,0.46612,1.8306
302,1,0.0308372,-0.149812,1.52339,-0.0454201,0.46612,1.8306
303,1,0.0213626,-0.142481,1.52849,-0.0454201,0.46612,1.8306
304,1,0.00488972,-0.131861,1.52876,-0.0454201,0.46612,1.8306
305,1,-0.0134839,-0.122076,1.52731,-0.0454201,0.46612,1.8306
306,1,-0.0338573,-0.111247,1.52984,-0.0454201,0.46612,1.8306
307,1,-0.0633412,-0.101253,1.52728,-0.0454201,0.46612,1.8306
308,1,-0.0937731,-0.0932408,1.53225,-0.0454201,0.46612,1.8306
309,1,-0.128816,-0.0855603,1.5366,-0.0454201,0.46612,1.8306
310,1,-0.162369,-0.081757,1.54285,-0.0454201,0.46612,1.8306
311,1,-0.194401,-0.079332,1.54881,-0.0454201,0.46612,1.8306
312,1,-0.234077,-0.0817973,1.55813,-0.0454201,0.46612,1.8306
313,1,-0.267511,-0.0894776,1.5753,-0.0454201,0.46612,1.8306
314,1,-0.29938,-0.100178,1.59049,-0.0454201,0.46612,1.8306
315,1,-0.327892,-0.112017,1.6117,-0.0454201,0.46612,1.8306
316,1,-0.351438,-0.124451,1.63598,-0.0454201,0.46612,1.8306
317,1,-0.368207,-0.136137,1.64546,-0.0454201,0.46612,1.8306
318,1,-0.381493,-0.147821,1.67012,-0.0454201,0.46612,1.8306
319,1,-0.39211,-0.160573,1.67693,-0.0454201,0.46612,1.8306
320,1,-0.393963,-0.172075,1.68725,-0.0454201,0.46612,1.8306
321,1,-0.394326,-0.182165,1.68078,-0.0454201,0.46612,1.8306
322,1,-0.394401,-0.182222,1.68751,-0.0454201,0.46612,1.8306
323,1,-0.398576,-0.184656,1.69189,-0.0454201,0.46612,1.8306
324,1,-0.396997,-0.18475,1.68751,-0.0454201,0.46612,1.8306
325,1,-0.396956,-0.183887,1.68917,-0.0454201,0.46612,1.8306
326,1,-0.395609,-0.184865,1.68884,-0.0454201,0.46612,1.8306
327,1,-0.39669,-0.183375,1.69042,-0.0454201,0.46612,1.8306
328,1,-0.39548,-0.184367,1.68934,-0.0454201,0.46612,1.8306
329,1,-0.394094,-0.184091,1.6872,-0.0454201,0.46612,1.8306
330,0,-0.395594,-0.184454,1.68914,-0.0454201,0.46612,1.8306
331,0,-0.394636,-0.183674,1.68483,-0.0454201,0.46612,1.8306
332,0,-0.394201,-0.185253,1.68025,-0.0454201,0.46612,1.8306
333,0,-0.395547,-0.185465,1.68296,-0.0454201,0.46612,1.8306
334,0,-0.396615,-0.18362,1.68655,-0.0454201,0.46612,1.8306
335,0,-0.395068,-0.185441,1.68435,-0.0454201,0.46612,1.8306
336,0,-0.395963,-0.185907,1.68459,-0.0454201,0.46612,1.8306
337,0,-0.39479,-0.183566,1.68474,-0.0454201,0.46612,1.8306
338,0,-0.396007,-0.182284,1.69071,-0.0454201,0.46612,1.8306
339,0,-0.396299,-0.183974,1.69074,-0.0454201,0.46612,1.8306
340,0,-0.396738,-0.182819,1.6909,-0.0454201,0.46612,1.8306
341,0,-0.393599,-0.184688,1.68735,-0.0454201,0.46612,1.8306
342,0,-0.395559,-0.183668,1.68723,-0.0454201,0.46612,1.8306
343,0,-0.39372,-0.184414,1.68729,-0.0454201,0.46612,1.8306
344,0,-0.394798,-0.18667,1.6831,-0.0454201,0.46612,1.8306
345,0,-0.396784,-0.185609,1.68784,-0.0454201,0.46612,1.8306
346,0,-0.396166,-0.183841,1.68651,-0.0454201,0.46612,1.8306
347,0,-0.395493,-0.184581,1.68383,-0.0454201,0.46612,1.8306
348,0,-0.394687,-0.184156,1.68551,-0.0454201,0.46612,1.8306
349,0,-0.396768,-0.183718,1.69045,-0.0454201,0.46612,1.8306
350,0,-0.394971,-0.185155,1.68547,-0.0454201,0.46612,1.8306
351,0,-0.39555,-0.186258,1.68305,-0.0454201,0.46612,1.8306
352,0,-0.394967,-0.185742,1.68184,-0.0454201,0.46612,1.8306
353,0,-0.395964,-0.184334,1.68717,-0.0454201,0.46612,1.8306
354,0,-0.394781,-0.184143,1.68532,-0.0454201,0.46612,1.8306
355,0,-0.395985,-0.18326,1.6879,-0.0454201,0.46612,1.8306
356,0,-0.395371,-0.185334,1.68566,-0.0454201,0.46612,1.8306
357,0,-0.395722,-0.183873,1.6884,-0.0454201,0.46612,1.8306
358,0,-0.395741,-0.185839,1.68354,-0.0454201,0.46612,1.8306
359,0,-0.396585,-0.186055,1.68598,-0.0454201,0.46612,1.8306
360,0,-0.395558,-0.185718,1.68486,-0.0454201,0.46612,1.8306
361,0,-0.395939,-0.184474,1.68329,-0.0454201,0.46612,1.8306
362,0,-0.396342,-0.184852,1.68809,-0.0454201,0.46612,1.8306
363,0,-0.396492,-0.184192,1.68814,-0.0454201,0.46612,1.8306
364,0,-0.396205,-0.184564,1.68811,-0.0454201,0.46612,1.8306
365,0,-0.395022,-0.183477,1.68891,-0.0454201,0.46612,1.8306
366,0,-0.395016,-0.183668,1.68923,-0.0454201,0.46612,1.8306
367,0,-0.396298,-0.184484,1.68661,-0.0454201,0.46612,1.8306
368,0,-0.395738,-0.18636,1.68513,-0.0454201,0.46612,1.8306
369,0,-0.395185,-0.183676,1.68939,-0.0454201,0.46612,1.8306
370,0,-0.395495,-0.184383,1.6883,-0.0454201,0.46612,1.8306
371,0,-0.395121,-0.184371,1.68705,-0.0454201,0.46612,1.8306
372,0,-0.397084,-0.184992,1.68912,-0.0454201,0.46612,1.8306
373,0,-0.395485,-0.183723,1.68894,-0.0454201,0.46612,1.8306
374,0,-0.396363,-0.183998,1.68792,-0.0454201,0.46612,1.8306
375,0,-0.39445,-0.185862,1.68764,-0.0454201,0.46612,1.8306
376,0,-0.395177,-0.184642,1.69045,-0.0454201,0.46612,1.8306
377,0,-0.395685,-0.184299,1.68848,-0.0454201,0.46612,1.8306
378,0,-0.396104,-0.184871,1.68991,-0.0454201,0.46612,1.8306
379,0,-0.396904,-0.184384,1.68842,-0.0454201,0.46612,1.8306
380,0,-0.395587,-0.184665,1.69009,-0.0454201,0.46612,1.8306
381,0,-0.395547,-0.18422,1.68952,-0.0454201,0.46612,1.8306
382,0,-0.396666,-0.185399,1.68935,-0.0454201,0.46612,1.8306
383,0,-0.395924,-0.184352,1.68956,-0.0454201,0.46612,1.8306
384,0,-0.394547,-0.184532,1.68852,-0.0454201,0.46612,1.8306
385,0,-0.396198,-0.184288,1.69243,-0.0454201,0.46612,1.8306
386,0,-0.395466,-0.184543,1.68988,-0.0454201,0.46612,1.8306
387,0,-0.394722,-0.184159,1.68889,-0.0454201,0.46612,1.8306
388,0,-0.393863,-0.184822,1.6868,-0.0454201,0.46612,1.8306
389,0,-0.396642,-0.184675,1.68772,-0.0454201,0.46612,1.8306
390,0,-0.395448,-0.185221,1.68151,-0.0454201,0.46612,1.8306
391,0,-0.396264,-0.183842,1.69071,-0.0454201,0.46612,1.8306
392,0,-0.395584,-0.185049,1.68585,-0.0454201,0.46612,1.8306
393,0,-0.395877,-0.184591,1.68944,-0.0454201,0.46612,1.8306
394,0,-0.395569,-0.186316,1.68418,-0.0454201,0.46612,1.8306
395,0,-0.396797,-0.184731,1.68849,-0.0454201,0.46612,1.8306
396,0,-0.395928,-0.185412,1.68628,-0.0454201,0.46612,1.8306
397,0,-0.395739,-0.185514,1.68393,-0.0454201,0.46612,1.8306
398,0,-0.396144,-0.184603,1.68448,-0.0454201,0.46612,1.8306
399,0,-0.394481,-0.184381,1.68728,-0.0454201,0.46612,1.8306
400,0,-0.394943,-0.183964,1.68865,-0.0454201,0.46612,1.8306
401,0,-0.39528,-0.183792,1.68812,-0.0454201,0.46612,1.8306
402,0,-0.394783,-0.183956,1.6885,-0.0454201,0.46612,1.8306
403,0,-0.396637,-0.184341,1.68929,-0.0454201,0.46612,1.8306
404,0,-0.395343,-0.183837,1.688,-0.0454201,0.46612,1.8306
405,0,-0.396007,-0.184471,1.68868,-0.0454201,0.46612,1.8306
406,0,-0.395491,-0.184897,1.68697,-0.0454201,0.46612,1.8306
407,0,-0.396257,-0.183873,1.6913,-0.0454201,0.46612,1.8306
408,0,-0.396154,-0.18502,1.68865,-0.0454201,0.46612,1.8306
409,0,-0.395135,-0.184672,1.68868,-0.0454201,0.46612,1.8306
410,0,-0.395566,-0.185444,1.69055,-0.0454201,0.46612,1.8306
411,0,-0.395891,-0.185596,1.68743,-0.0454201,0.46612,1.8306
412,0,-0.396382,-0.186634,1.68541,-0.0454201,0.46612,1.8306
413,0,-0.395488,-0.185259,1.68459,-0.0454201,0.46612,1.8306
414,0,-0.395531,-0.185606,1.68495,-0.0454201,0.46612,1.8306
415,0,-0.395552,-0.185561,1.68528,-0.0454201,0.46612,1.8306
416,0,-0.39553,-0.185443,1.68589,-0.0454201,0.46612,1.8306
417,0,-0.395839,-0.185555,1.68543,-0.0454201,0.46612,1.8306
418,0,-0.395046,-0.185515,1.68626,-0.0454201,0.46612,1.8306
419,0,-0.395033,-0.183448,1.6874,-0.0454201,0.46612,1.8306
420,0,-0.395252,-0.184857,1.68865,-0.0454201,0.46612,1.8306
421,0,-0.395523,-0.184981,1.68757,-0.0454201,0.46612,1.8306
422,0,-0.395229,-0.185559,1.68749,-0.0454201,0.46612,1.8306
423,0,-0.396086,-0.185841,1.68787,-0.0454201,0.46612,1.8306
424,0,-0.395051,-0.18363,1.6876,-0.0454201,0.46612,1.8306
425,0,-0.395337,-0.184921,1.68563,-0.0454201,0.46612,1.8306
426,0,-0.395015,-0.185147,1.68464,-0.0454201,0.46612,1.8306
427,0,-0.394665,-0.185241,1.6855,-0.0454201,0.46612,1.8306
428,0,-0.395869,-0.184714,1.68545,-0.0454201,0.46612,1.8306
429,0,-0.394796,-0.185218,1.68718,-0.0454201,0.46612,1.8306
430,0,-0.396608,-0.185214,1.68936,-0.0454201,0.46612,1.8306
431,0,-0.396083,-0.184592,1.68699,-0.0454201,0.46612,1.8306
432,0,-0.395615,-0.184431,1.68685,-0.0454201,0.46612,1.8306
433,0,-0.396003,-0.18427,1.69068,-0.0454201,0.46612,1.8306
434,0,-0.396326,-0.184762,1.68935,-0.0454201,0.46612,1.8306
435,0,-0.396593,-0.184354,1.6903,-0.0454201,0.46612,1.8306
436,0,-0.395681,-0.184495,1.68872,-0.0454201,0.46612,1.8306
437,0,-0.396114,-0.185127,1.6883,-0.0454201,0.46612,1.8306
438,0,-0.396143,-0.185507,1.69041,-0.0454201,0.46612,1.8306
439,0,-0.397765,-0.187049,1.68637,-0.0454201,0.46612,1.8306
440,0,-0.39602,-0.185831,1.68589,-0.0454201,0.46612,1.8306
441,0,-0.395841,-0.185974,1.68529,-0.0454201,0.46612,1.8306
442,0,-0.396432,-0.185395,1.69077,-0.0454201,0.46612,1.8306
443,0,-0.395912,-0.18571,1.68689,-0.0454201,0.46612,1.8306
444,0,-0.396711,-0.185356,1.69025,-0.0454201,0.46612,1.8306
445,0,-0.39619,-0.183851,1.68992,-0.0454201,0.46612,1.8306
446,0,-0.396741,-0.185193,1.69079,-0.0454201,0.46612,1.8306
447,0,-0.396587,-0.185352,1.68924,-0.0454201,0.46612,1.8306
448,0,-0.396639,-0.18503,1.69054,-0.0454201,0.46612,1.8306
449,0,-0.396088,-0.184882,1.68874,-0.0454201,0.46612,1.8306
450,0,-0.396075,-0.18488,1.69008,-0.0454201,0.46612,1.8306
451,0,-0.395681,-0.184832,1.69021,-0.0454201,0.46612,1.8306
452,0,-0.396045,-0.184685,1.69069,-0.0454201,0.46612,1.8306
453,0,-0.395322,-0.183899,1.68695,-0.0454201,0.46612,1.8306
454,0,-0.397334,-0.183616,1.68864,-0.0454201,0.46612,1.8306
455,0,-0.396755,-0.18346,1.68724,-0.0454201,0.46612,1.8306
456,0,-0.395951,-0.185059,1.68545,-0.0454201,0.46612,1.8306
457,0,-0.396634,-0.184927,1.68973,-0.0454201,0.46612,1.8306
458,0,-0.397269,-0.182669,1.68844,-0.0454201,0.46612,1.8306
459,0,-0.397558,-0.183509,1.69006,-0.0454201,0.46612,1.8306
460,0,-0.397476,-0.183228,1.68971,-0.0454201,0.46612,1.8306
461,0,-0.398916,-0.183968,1.69086,-0.0454201,0.46612,1.8306
462,0,-0.39728,-0.183731,1.68921,-0.0454201,0.46612,1.8306
463,0,-0.396625,-0.183162,1.6873,-0.0454201,0.46612,1.8306
464,0,-0.397873,-0.183519,1.68875,-0.0454201,0.46612,1.8306
465,0,-0.395783,-0.183971,1.68796,-0.0454201,0.46612,1.8306
466,0,-0.395893,-0.184602,1.68468,-0.0454201,0.46612,1.8306
467,0,-0.396117,-0.184166,1.6872,-0.0454201,0.46612,1.8306
468,0,-0.396121,-0.184268,1.68478,-0.0454201,0.46612,1.8306
469,0,-0.395691,-0.184712,1.68078,-0.0454201,0.46612,1.8306
470,0,-0.395468,-0.183245,1.68547,-0.0454201,0.46612,1.8306
471,0,-0.395303,-0.183915,1.68379,-0.0454201,0.46612,1.8306
472,0,-0.395462,-0.185087,1.68287,-0.0454201,0.46612,1.8306
473,0,-0.397399,-0.184714,1.68357,-0.0454201,0.46612,1.8306
474,0,-0.396006,-0.183968,1.68487,-0.0454201,0.46612,1.8306
475,0,-0.394093,-0.185272,1.67857,-0.0454201,0.46612,1.8306
476,0,-0.395718,-0.183081,1.68361,-0.0454201,0.46612,1.8306
477,0,-0.395673,-0.185434,1.68103,-0.0454201,0.46612,1.8306
478,0,-0.395869,-0.18414,1.68114,-0.0454201,0.46612,1.8306
479,0,-0.395952,-0.182266,1.68579,-0.0454201,0.46612,1.8306
480,0,-0.393919,-0.18389,1.67909,-0.0454201,0.46612,1.8306
481,0,-0.39543,-0.185767,1.68007,-0.0454201,0.46612,1.8306
482,0,-0.397528,-0.184233,1.68536,-0.0454201,0.46612,1.8306
483,0,-0.396356,-0.186542,1.67963,-0.0454201,0.46612,1.8306
484,0,-0.395292,-0.184457,1.68111,-0.0454201,0.46612,1.8306
485,0,-0.397315,-0.183382,1.68501,-0.0454201,0.46612,1.8306
486,0,-0.39784,-0.185854,1.68343,-0.0454201,0.46612,1.8306
487,0,-0.395634,-0.185296,1.67821,-0.0454201,0.46612,1.8306
488,0,-0.396268,-0.185808,1.68009,-0.0454201,0.46612,1.8306
489,0,-0.396741,-0.184611,1.68531,-0.0454201,0.46612,1.8306
490,0,-0.395141,-0.184623,1.68535,-0.0454201,0.46612,1.8306
491,0,-0.397295,-0.185039,1.68525,-0.0454201,0.46612,1.8306
492,0,-0.396055,-0.184338,1.68461,-0.0454201,0.46612,1.8306
493,0,-0.39558,-0.184905,1.68395,-0.0454201,0.46612,1.8306
494,0,-0.395578,-0.183487,1.68453,-0.0454201,0.46612,1.8306
495,0,-0.395333,-0.185002,1.68349,-0.0454201,0.46612,1.8306
496,0,-0.396189,-0.1844,1.68246,-0.0454201,0.46612,1.8306
497,0,-0.395168,-0.184781,1.68348,-0.0454201,0.46612,1.8306
498,0,-0.396889,-0.18387,1.68331,-0.0454201,0.46612,1.8306
499,0,-0.396439,-0.183952,1.68151,-0.0454201,0.46612,1.8306
500,0,-0.395959,-0.184475,1.68714,-0.0454201,0.46612,1.8306
501,0,-0.395585,-0.184117,1.68575,-0.0454201,0.46612,1.8306
502,0,-0.39593,-0.184707,1.68395,-0.0454201,0.46612,1.8306
503,0,-0.396354,-0.184406,1.68272,-0.0454201,0.46612,1.8306
504,0,-0.396607,-0.18457,1.6853,-0.0454201,0.46612,1.8306
505,0,-0.394971,-0.183063,1.68679,-0.0454201,0.46612,1.8306
506,0,-0.395681,-0.184254,1.68104,-0.0454201,0.46612,1.8306
507,0,-0.395841,-0.18506,1.68123,-0.0454201,0.46612,1.8306
508,0,-0.39538,-0.184448,1.68424,-0.0454201,0.46612,1.8306
509,0,-0.396291,-0.185309,1.68068,-0.0454201,0.46612,1.8306
510,0,-0.395492,-0.183835,1.68344,-0.0454201,0.46612,1.8306
511,0,-0.39495,-0.185979,1.68141,-0.0454201,0.46612,1.8306
512,0,-0.395629,-0.18375,1.68417,-0.0454201,0.46612,1.8306
515,0,-0.394165,-0.18421,1.68035,-0.0454201,0.46612,1.8306
516,1,-0.394557,-0.183141,1.68474,-0.0454201,0.46612,1.8306
517,1,-0.395687,-0.182985,1.68526,-0.0454201,0.46612,1.8306
518,1,-0.395344,-0.181823,1.68501,-0.0454201,0.46612,1.8306
519,1,-0.393969,-0.183321,1.6802,-0.0454201,0.46612,1.8306
520,1,-0.395076,-0.184532,1.68307,-0.0454201,0.46612,1.8306
521,1,-0.393618,-0.183734,1.68284,-0.0454201,0.46612,1.8306
522,1,-0.393129,-0.183475,1.68106,-0.0454201,0.46612,1.8306
523,0,-0.39392,-0.185374,1.67981,-0.0454201,0.46612,1.8306
524,0,-0.393666,-0.185155,1.67778,-0.0454201,0.46612,1.8306
525,0,-0.392727,-0.184761,1.67846,-0.0454201,0.46612,1.8306
526,0,-0.393325,-0.184887,1.67924,-0.0454201,0.46612,1.8306
527,0,-0.393422,-0.185779,1.678,-0.0454201,0.46612,1.8306
528,0,-0.395417,-0.185582,1.67952,-0.0454201,0.46612,1.8306
529,0,-0.393941,-0.185796,1.67864,-0.0454201,0.46612,1.8306
530,0,-0.394038,-0.185095,1.68,-0.0454201,0.46612,1.8306
531,0,-0.394194,-0.186541,1.68007,-0.0454201,0.46612,1.8306
532,0,-0.394863,-0.186893,1.68165,-0.0454201,0.46612,1.8306
535,0,-0.393402,-0.185173,1.68165,-0.0454201,0.46612,1.8306
536,0,-0.394969,-0.185586,1.68023,-0.0454201,0.46612,1.8306
537,0,-0.394449,-0.18627,1.68039,-0.0454201,0.46612,1.8306
538,0,-0.394708,-0.186283,1.6796,-0.0454201,0.46612,1.8306
539,0,-0.394493,-0.185259,1.68292,-0.0454201,0.46612,1.8306
540,0,-0.39522,-0.185925,1.67994,-0.0454201,0.46612,1.8306
541,0,-0.394404,-0.185481,1.68018,-0.0454201,0.46612,1.8306
542,0,-0.39345,-0.185444,1.67887,-0.0454201,0.46612,1.8306
543,0,-0.393184,-0.18572,1.67688,-0.0454201,0.46612,1.8306
544,0,-0.391868,-0.184009,1.67455,-0.0454201,0.46612,1.8306
545,0,-0.393737,-0.184665,1.68052,-0.0454201,0.46612,1.8306
546,0,-0.394026,-0.185227,1.67774,-0.0454201,0.46612,1.8306
547,0,-0.393025,-0.185389,1.6754,-0.0454201,0.46612,1.8306
548,0,-0.393608,-0.185525,1.67795,-0.0454201,0.46612,1.8306
549,0,-0.393955,-0.185016,1.67932,-0.0454201,0.46612,1.8306
550,0,-0.390472,-0.183622,1.67932,-0.0454201,0.46612,1.8306
551,0,-0.394128,-0.186323,1.68028,-0.0454201,0.46612,1.8306
552,0,-0.392021,-0.184345,1.67562,-0.0454201,0.46612,1.8306
553,0,-0.393563,-0.185228,1.67735,-0.0454201,0.46612,1.8306
554,0,-0.392602,-0.185028,1.67768,-0.0454201,0.46612,1.8306
555,0,-0.39328,-0.18432,1.6784,-0.0454201,0.46612,1.8306
556,0,-0.393462,-0.185109,1.67791,-0.0454201,0.46612,1.8306
557,0,-0.393082,-0.185925,1.67619,-0.0454201,0.46612,1.8306
558,0,-0.394346,-0.185545,1.67754,-0.0454201,0.46612,1.8306
559,0,-0.394228,-0.185033,1.67721,-0.0454201,0.46612,1.8306
560,0,-0.394273,-0.184766,1.67963,-0.0454201,0.46612,1.8306
561,0,-0.393811,-0.185349,1.67916,-0.0454201,0.46612,1.8306
562,0,-0.393649,-0.185724,1.679,-0.0454201,0.46612,1.8306
563,0,-0.39395,-0.185941,1.67928,-0.0454201,0.46612,1.8306
564,0,-0.3927,-0.184754,1.6771,-0.0454201,0.46612,1.8306
565,0,-0.391401,-0.184004,1.67499,-0.0454201,0.46612,1.8306
566,0,-0.393325,-0.184749,1.67662,-0.0454201,0.46612,1.8306
567,0,-0.393833,-0.184582,1.67932,-0.0454201,0.46612,1.8306
568,0,-0.392419,-0.18452,1.67646,-0.0454201,0.46612,1.8306
569,0,-0.394039,-0.184487,1.67934,-0.0454201,0.46612,1.8306
570,0,-0.393633,-0.183741,1.67953,-0.0454201,0.46612,1.8306
571,0,-0.393395,-0.185694,1.67631,-0.0454201,0.46612,1.8306
572,0,-0.393795,-0.184732,1.68176,-0.0454201,0.46612,1.8306
573,0,-0.392345,-0.185288,1.67534,-0.0454201,0.46612,1.8306
574,0,-0.391581,-0.184078,1.67618,-0.0454201,0.46612,1.8306
575,0,-0.392138,-0.183389,1.67921,-0.0454201,0.46612,1.8306
576,0,-0.393258,-0.185285,1.6752,-0.0454201,0.46612,1.8306
577,0,-0.392745,-0.185166,1.67791,-0.0454201,0.46612,1.8306
578,0,-0.393416,-0.184616,1.67594,-0.0454201,0.46612,1.8306
579,0,-0.392192,-0.184359,1.67567,-0.0454201,0.46612,1.8306
581,0,-0.392973,-0.184418,1.6754,-0.0454201,0.46612,1.8306
582,0,-0.393662,-0.184943,1.67803,-0.0454201,0.46612,1.8306
583,0,-0.394151,-0.183117,1.68107,-0.0454201,0.46612,1.8306
584,0,-0.394006,-0.183917,1.68256,-0.0454201,0.46612,1.8306
585,0,-0.392774,-0.184097,1.67851,-0.0454201,0.46612,1.8306
586,0,-0.39304,-0.184377,1.67711,-0.0454201,0.46612,1.8306
587,0,-0.392697,-0.183755,1.67891,-0.0454201,0.46612,1.8306
588,0,-0.393594,-0.183993,1.67537,-0.0454201,0.46612,1.8306
589,0,-0.392815,-0.185165,1.67242,-0.0454201,0.46612,1.8306
590,0,-0.392905,-0.184435,1.67797,-0.0454201,0.46612,1.8306
591,0,-0.392653,-0.1846,1.67575,-0.0454201,0.46612,1.8306
592,0,-0.393294,-0.185654,1.67669,-0.0454201,0.46612,1.8306
593,0,-0.394092,-0.185279,1.67678,-0.0454201,0.46612,1.8306
594,0,-0.39282,-0.184231,1.67463,-0.0454201,0.46612,1.8306
595,0,-0.393386,-0.184469,1.67539,-0.0454201,0.46612,1.8306
596,0,-0.393541,-0.185481,1.67409,-0.0454201,0.46612,1.8306
597,0,-0.39382,-0.185583,1.67605,-0.0454201,0.46612,1.8306
598,0,-0.394919,-0.185334,1.678,-0.0454201,0.46612,1.8306
599,0,-0.39356,-0.184368,1.67958,-0.0454201,0.46612,1.8306
600,0,-0.392429,-0.183089,1.6782,-0.0454201,0.46612,1.8306
601,0,-0.394298,-0.183261,1.68116,-0.0454201,0.46612,1.8306
602,0,-0.391525,-0.184081,1.67727,-0.0454201,0.46612,1.8306
603,0,-0.392859,-0.184015,1.67683,-0.0454201,0.46612,1.8306
604,0,-0.392262,-0.183463,1.67653,-0.0454201,0.46612,1.8306
605,0,-0.392825,-0.184065,1.67685,-0.0454201,0.46612,1.8306
606,0,-0.392632,-0.183416,1.67639,-0.0454201,0.46612,1.8306
607,0,-0.392593,-0.184086,1.67662,-0.0454201,0.46612,1.8306
608,0,-0.393039,-0.184313,1.67571,-0.0454201,0.46612,1.8306
609,0,-0.392598,-0.183648,1.67449,-0.0454201,0.46612,1.8306
610,0,-0.392278,-0.183996,1.67563,-0.0454201,0.46612,1.8306
611,0,-0.392455,-0.183356,1.67499,-0.0454201,0.46612,1.8306
612,0,-0.392241,-0.183543,1.67429,-0.0454201,0.46612,1.8306
613,0,-0.394116,-0.184347,1.67814,-0.0454201,0.46612,1.8306
614,0,-0.393077,-0.184033,1.67762,-0.0454201,0.46612,1.8306
615,0,-0.393393,-0.184444,1.67732,-0.0454201,0.46612,1.8306
616,1,-0.393145,-0.184059,1.68101,-0.0454201,0.46612,1.8306
617,1,-0.392116,-0.184976,1.67441,-0.0454201,0.46612,1.8306
618,0,-0.39402,-0.185348,1.67552,-0.0454201,0.46612,1.8306
619,0,-0.393693,-0.185139,1.6757,-0.0454201,0.46612,1.8306
620,0,-0.39322,-0.185053,1.674,-0.0454201,0.46612,1.8306
621,0,-0.393218,-0.184555,1.67657,-0.0454201,0.46612,1.8306
622,0,-0.393338,-0.184477,1.67342,-0.0454201,0.46612,1.8306
623,0,-0.395711,-0.184382,1.67977,-0.0454201,0.46612,1.8306
624,1,-0.393186,-0.183747,1.67679,-0.0454201,0.46612,1.8306
625,1,-0.393025,-0.18374,1.67802,-0.0454201,0.46612,1.8306
626,1,-0.393197,-0.184134,1.67772,-0.0454201,0.46612,1.8306
628,0,-0.392832,-0.184275,1.67557,-0.0454201,0.46612,1.8306
629,0,-0.391692,-0.183098,1.67677,-0.0454201,0.46612,1.8306
630,0,-0.393247,-0.181756,1.68186,-0.0454201,0.46612,1.8306
631,0,-0.393218,-0.182791,1.679,-0.0454201,0.46612,1.8306
632,0,-0.392613,-0.182275,1.68095,-0.0454201,0.46612,1.8306
633,0,-0.392613,-0.1823,1.67784,-0.0454201,0.46612,1.8306
634,0,-0.393848,-0.182529,1.6832,-0.0454201,0.46612,1.8306
635,0,-0.393262,-0.18362,1.67836,-0.0454201,0.46612,1.8306
636,0,-0.393868,-0.184366,1.67793,-0.0454201,0.46612,1.8306
637,0,-0.393562,-0.185006,1.67613,-0.0454201,0.46612,1.8306
638,0,-0.394256,-0.184296,1.67693,-0.0454201,0.46612,1.8306
639,0,-0.393954,-0.184205,1.67769,-0.0454201,0.46612,1.8306
640,0,-0.393479,-0.184026,1.67622,-0.0454201,0.46612,1.8306
641,0,-0.394164,-0.183688,1.68118,-0.0454201,0.46612,1.8306
642,1,-0.393673,-0.183382,1.68111,-0.0454201,0.46612,1.8306
643,1,-0.393574,-0.183977,1.68041,-0.0454201,0.46612,1.8306
644,1,-0.392939,-0.184047,1.68035,-0.0454201,0.46612,1.8306
645,1,-0.393106,-0.183031,1.6777,-0.0454201,0.46612,1.8306
646,1,-0.392785,-0.183465,1.67943,-0.0454201,0.46612,1.8306
647,0,-0.393825,-0.183421,1.67942,-0.0454201,0.46612,1.8306
648,0,-0.392186,-0.183673,1.67622,-0.0454201,0.46612,1.8306
649,1,-0.393807,-0.184014,1.67773,-0.0454201,0.46612,1.8306
650,1,-0.394156,-0.184485,1.67965,-0.0454201,0.46612,1.8306
651,1,-0.39226,-0.184269,1.6773,-0.0454201,0.46612,1.8306
652,1,-0.393678,-0.183656,1.68259,-0.0454201,0.46612,1.8306
653,1,-0.393269,-0.18397,1.68025,-0.0454201,0.46612,1.8306
654,1,-0.393198,-0.184168,1.67889,-0.0454201,0.46612,1.8306
655,1,-0.393353,-0.183062,1.68072,-0.0454201,0.46612,1.8306
656,1,-0.394493,-0.183972,1.68002,-0.0454201,0.46612,1.8306
657,1,-0.393245,-0.183426,1.67988,-0.0454201,0.46612,1.8306
658,1,-0.392635,-0.184094,1.68011,-0.0454201,0.46612,1.8306
659,1,-0.394091,-0.183118,1.68239,-0.0454201,0.46612,1.8306
660,1,-0.393632,-0.183481,1.68128,-0.0454201,0.46612,1.8306
661,1,-0.394142,-0.183844,1.6817,-0.0454201,0.46612,1.8306
662,1,-0.394247,-0.182697,1.68154,-0.0454201,0.46612,1.8306
663,1,-0.393312,-0.183181,1.68267,-0.0454201,0.46612,1.8306
664,1,-0.393765,-0.184721,1.67768,-0.0454201,0.46612,1.8306
665,1,-0.394227,-0.185211,1.67699,-0.0454201,0.46612,1.8306
666,1,-0.392499,-0.183369,1.67665,-0.0454201,0.46612,1.8306
667,1,-0.394416,-0.18497,1.67881,-0.0454201,0.46612,1.8306
668,1,-0.392801,-0.183391,1.67835,-0.0454201,0.46612,1.8306
669,1,-0.392851,-0.183135,1.67948,-0.0454201,0.46612,1.8306
670,1,-0.393974,-0.184232,1.67881,-0.0454201,0.46612,1.8306
671,1,-0.392973,-0.183716,1.67684,-0.0454201,0.46612,1.8306
672,1,-0.393945,-0.18358,1.68001,-0.0454201,0.46612,1.8306
673,1,-0.394947,-0.183881,1.68259,-0.0454201,0.46612,1.8306
674,1,-0.393546,-0.184126,1.67737,-0.0454201,0.46612,1.8306
675,1,-0.393715,-0.183429,1.68019,-0.0454201,0.46612,1.8306
676,1,-0.393058,-0.183901,1.67944,-0.0454201,0.46612,1.8306
677,1,-0.393972,-0.185027,1.67598,-0.0454201,0.46612,1.8306
678,1,-0.392532,-0.183962,1.67579,-0.0454201,0.46612,1.8306
679,1,-0.394559,-0.18384,1.67992,-0.0454201,0.46612,1.8306
680,1,-0.392412,-0.184602,1.67504,-0.0454201,0.46612,1.8306
681,1,-0.393298,-0.183789,1.6784,-0.0454201,0.46612,1.8306
682,1,-0.392416,-0.183594,1.67742,-0.0454201,0.46612,1.8306
683,1,-0.393048,-0.184043,1.67729,-0.0454201,0.46612,1.8306
684,1,-0.392746,-0.184442,1.67597,-0.0454201,0.46612,1.8306
685,1,-0.392642,-0.183633,1.67973,-0.0454201,0.46612,1.8306
686,1,-0.392448,-0.18435,1.67687,-0.0454201,0.46612,1.8306
687,1,-0.395436,-0.18402,1.68351,-0.0454201,0.46612,1.8306
688,1,-0.395899,-0.185055,1.6787,-0.0454201,0.46612,1.8306
689,1,-0.394088,-0.184103,1.68101,-0.0454201,0.46612,1.8306
690,1,-0.393046,-0.183562,1.67999,-0.0454201,0.46612,1.8306
691,1,-0.394799,-0.18436,1.68223,-0.0454201,0.46612,1.8306
692,1,-0.394359,-0.183607,1.68003,-0.0454201,0.46612,1.8306
693,1,-0.395238,-0.183878,1.6836,-0.0454201,0.46612,1.8306
694,1,-0.394133,-0.183668,1.68243,-0.0454201,0.46612,1.8306
695,1,-0.393542,-0.184628,1.67802,-0.0454201,0.46612,1.8306
696,1,-0.394251,-0.1839,1.68216,-0.0454201,0.46612,1.8306
697,1,-0.39296,-0.183175,1.68163,-0.0454201,0.46612,1.8306
698,1,-0.393118,-0.183095,1.6823,-0.0454201,0.46612,1.8306
699,1,-0.39439,-0.184153,1.68282,-0.0454201,0.46612,1.8306
700,1,-0.394531,-0.183959,1.68323,-0.0454201,0.46612,1.8306
701,1,-0.392915,-0.183703,1.68134,-0.0454201,0.46612,1.8306
702,1,-0.394157,-0.18332,1.68467,-0.0454201,0.46612,1.8306
703,1,-0.394037,-0.184761,1.6779,-0.0454201,0.46612,1.8306
704,1,-0.394007,-0.18351,1.6804,-0.0454201,0.46612,1.8306
705,1,-0.394003,-0.184585,1.6779,-0.0454201,0.46612,1.8306
706,1,-0.39434,-0.184435,1.6809,-0.0454201,0.46612,1.8306
707,1,-0.392821,-0.184247,1.67478,-0.0454201,0.46612,1.8306
708,1,-0.393341,-0.183261,1.68019,-0.0454201,0.46612,1.8306
709,1,-0.392948,-0.184397,1.67643,-0.0454201,0.46612,1.8306
710,1,-0.393208,-0.184007,1.68045,-0.0454201,0.46612,1.8306
711,1,-0.39278,-0.183021,1.67689,-0.0454201,0.46612,1.8306
712,1,-0.392922,-0.183911,1.67761,-0.0454201,0.46612,1.8306
713,1,-0.391695,-0.184165,1.6751,-0.0454201,0.46612,1.8306
714,1,-0.390406,-0.18311,1.6763,-0.0454201,0.46612,1.8306
715,1,-0.388181,-0.179661,1.67846,-0.0454201,0.46612,1.8306
716,1,-0.389463,-0.175331,1.67894,-0.0454201,0.46612,1.8306
717,1,-0.390332,-0.172987,1.66885,-0.0454201,0.46612,1.8306
718,1,-0.391682,-0.162546,1.66528,-0.0454201,0.46612,1.8306
719,1,-0.385733,-0.154902,1.66175,-0.0454201,0.46612,1.8306
720,1,-0.376238,-0.146221,1.65526,-0.0454201,0.46612,1.8306
721,1,-0.365154,-0.137184,1.63901,-0.0454201,0.46612,1.8306
722,1,-0.350819,-0.124526,1.63241,-0.0454201,0.46612,1.8306
723,1,-0.333217,-0.112055,1.62256,-0.0454201,0.46612,1.8306
724,1,-0.309396,-0.0973221,1.6115,-0.0454201,0.46612,1.8306
725,1,-0.283447,-0.0847626,1.59717,-0.0454201,0.46612,1.8306
726,1,-0.255046,-0.0721931,1.58429,-0.0454201,0.46612,1.8306
727,1,-0.226491,-0.0627008,1.58016,-0.0454201,0.46612,1.8306
728,1,-0.194145,-0.0529007,1.57203,-0.0454201,0.46612,1.8306
729,1,-0.164349,-0.048232,1.56838,-0.0454201,0.46612,1.8306
730,1,-0.12825,-0.0434247,1.5685,-0.0454201,0.46612,1.8306
731,1,-0.0809595,-0.0406228,1.56063,-0.0454201,0.46612,1.8306
732,1,-0.0525618,-0.0425849,1.56676,-0.0454201,0.46612,1.8306
733,1,-0.0145126,-0.0436826,1.56883,-0.0454201,0.46612,1.8306
734,1,0.0317729,-0.0456092,1.57102,-0.0454201,0.46612,1.8306
735,1,0.0635171,-0.0501033,1.5853,-0.0454201,0.46612,1.8306
736,1,0.100158,-0.0550211,1.6012,-0.0454201,0.46612,1.8306
737,1,0.133753,-0.0623968,1.62084,-0.0454201,0.46612,1.8306
738,1,0.168422,-0.0708816,1.64309,-0.0454201,0.46612,1.8306
739,1,0.203428,-0.079439,1.66861,-0.0454201,0.46612,1.8306
740,1,0.232748,-0.090333,1.69058,-0.0454201,0.46612,1.8306
741,1,0.257156,-0.10547,1.71327,-0.0454201,0.46612,1.8306
742,1,0.274677,-0.119744,1.72987,-0.0454201,0.46612,1.8306
743,1,0.290518,-0.135788,1.74779,-0.0454201,0.46612,1.8306
744,1,0.301965,-0.152799,1.75725,-0.0454201,0.46612,1.8306
745,1,0.308543,-0.168867,1.76498,-0.0454201,0.46612,1.8306
746,1,0.311902,-0.183933,1.77186,-0.0454201,0.46612,1.8306
747,1,0.313907,-0.19655,1.77995,-0.0454201,0.46612,1.8306
748,1,0.308325,-0.209073,1.77742,-0.0454201,0.46612,1.8306
749,1,0.313181,-0.213544,1.78363,-0.0454201,0.46612,1.8306
750,1,0.31248,-0.214599,1.7849,-0.0454201,0.46612,1.8306
751,1,0.311631,-0.21438,1.78279,-0.0454201,0.46612,1.8306
752,1,0.310575,-0.214717,1.7837,-0.0454201,0.46612,1.8306
753,1,0.312309,-0.215029,1.78327,-0.0454201,0.46612,1.8306
754,1,0.31198,-0.215137,1.78431,-0.0454201,0.46612,1.8306
755,1,0.311265,-0.214039,1.78272,-0.0454201,0.46612,1.8306
756,1,0.312638,-0.214337,1.78327,-0.0454201,0.46612,1.8306
757,1,0.311913,-0.213397,1.78564,-0.0454201,0.46612,1.8306
758,1,0.313421,-0.213529,1.78638,-0.0454201,0.46612,1.8306
759,0,0.315835,-0.216222,1.78475,-0.0454201,0.46612,1.8306
760,0,0.314911,-0.215354,1.78346,-0.0454201,0.46612,1.8306
761,0,0.314543,-0.215,1.78481,-0.0454201,0.46612,1.8306
762,0,0.315545,-0.215962,1.78417,-0.0454201,0.46612,1.8306
763,0,0.315171,-0.215311,1.78635,-0.0454201,0.46612,1.8306
764,0,0.315002,-0.216383,1.78839,-0.0454201,0.46612,1.8306
765,0,0.314283,-0.215923,1.78657,-0.0454201,0.46612,1.8306
766,0,0.313624,-0.214879,1.78849,-0.0454201,0.46612,1.8306
767,0,0.314293,-0.216461,1.78343,-0.0454201,0.46612,1.8306
768,0,0.313432,-0.215506,1.78488,-0.0454201,0.46612,1.8306
769,0,0.315529,-0.21515,1.78519,-0.0454201,0.46612,1.8306
770,0,0.314522,-0.21462,1.78764,-0.0454201,0.46612,1.8306
771,0,0.314778,-0.216558,1.7863,-0.0454201,0.46612,1.8306
772,0,0.315135,-0.215777,1.78382,-0.0454201,0.46612,1.8306
773,0,0.315435,-0.215414,1.78529,-0.0454201,0.46612,1.8306
774,0,0.315065,-0.216152,1.7835,-0.0454201,0.46612,1.8306
775,0,0.314499,-0.215497,1.78406,-0.0454201,0.46612,1.8306
776,0,0.314486,-0.216031,1.78478,-0.0454201,0.46612,1.8306
777,0,0.315173,-0.21569,1.7867,-0.0454201,0.46612,1.8306
778,0,0.313871,-0.216066,1.78611,-0.0454201,0.46612,1.8306
779,0,0.314698,-0.216413,1.78827,-0.0454201,0.46612,1.8306
780,0,0.316126,-0.21565,1.78432,-0.0454201,0.46612,1.8306
781,0,0.315017,-0.215988,1.78306,-0.0454201,0.46612,1.8306
782,0,0.314144,-0.216035,1.78437,-0.0454201,0.46612,1.8306
783,0,0.314236,-0.215129,1.78594,-0.0454201,0.46612,1.8306
784,0,0.314454,-0.215324,1.78586,-0.0454201,0.46612,1.8306
785,0,0.314141,-0.215106,1.78519,-0.0454201,0.46612,1.8306
786,0,0.314845,-0.215127,1.78216,-0.0454201,0.46612,1.8306
787,0,0.31477,-0.215674,1.78166,-0.0454201,0.46612,1.8306
788,0,0.313923,-0.214992,1.7855,-0.0454201,0.46612,1.8306
789,0,0.31471,-0.215606,1.7864,-0.0454201,0.46612,1.8306
790,0,0.313528,-0.215845,1.78339,-0.0454201,0.46612,1.8306
791,0,0.314652,-0.215935,1.7843,-0.0454201,0.46612,1.8306
792,0,0.31512,-0.215421,1.78265,-0.0454201,0.46612,1.8306
793,0,0.313308,-0.215079,1.78186,-0.0454201,0.46612,1.8306
794,0,0.314454,-0.214615,1.78518,-0.0454201,0.46612,1.8306
795,0,0.316105,-0.214527,1.78363,-0.0454201,0.46612,1.8306
796,0,0.314197,-0.214844,1.78293,-0.0454201,0.46612,1.8306
797,0,0.313614,-0.21517,1.78214,-0.0454201,0.46612,1.8306
798,0,0.314581,-0.215536,1.78335,-0.0454201,0.46612,1.8306
799,0,0.314079,-0.215153,1.78137,-0.0454201,0.46612,1.8306
800,0,0.314275,-0.216816,1.78317,-0.0454201,0.46612,1.8306
801,0,0.318134,-0.217299,1.78179,-0.0454201,0.46612,1.8306
802,0,0.316625,-0.216664,1.78331,-0.0454201,0.46612,1.8306
803,0,0.316292,-0.216412,1.78272,-0.0454201,0.46612,1.8306
804,0,0.314808,-0.21582,1.7832,-0.0454201,0.46612,1.8306
805,0,0.316632,-0.214918,1.7829,-0.0454201,0.46612,1.8306
806,0,0.317636,-0.216254,1.78409,-0.0454201,0.46612,1.8306
807,0,0.317222,-0.215612,1.7807,-0.0454201,0.46612,1.8306
808,0,0.315199,-0.216388,1.7832,-0.0454201,0.46612,1.8306
809,0,0.315939,-0.218093,1.78228,-0.0454201,0.46612,1.8306
810,0,0.314747,-0.216552,1.78377,-0.0454201,0.46612,1.8306
811,0,0.315752,-0.216542,1.78344,-0.0454201,0.46612,1.8306
812,0,0.315835,-0.215031,1.78308,-0.0454201,0.46612,1.8306
813,0,0.315053,-0.215863,1.78358,-0.0454201,0.46612,1.8306
814,0,0.314943,-0.215358,1.78624,-0.0454201,0.46612,1.8306
815,0,0.313539,-0.215818,1.78395,-0.0454201,0.46612,1.8306
816,0,0.314729,-0.215201,1.78512,-0.0454201,0.46612,1.8306
817,0,0.314774,-0.215444,1.78634,-0.0454201,0.46612,1.8306
818,0,0.315876,-0.215999,1.78387,-0.0454201,0.46612,1.8306
819,0,0.313041,-0.215147,1.78501,-0.0454201,0.46612,1.8306
820,0,0.314688,-0.216403,1.78672,-0.0454201,0.46612,1.8306
821,0,0.315439,-0.216278,1.78466,-0.0454201,0.46612,1.8306
822,0,0.314474,-0.216031,1.78476,-0.0454201,0.46612,1.8306
823,0,0.31354,-0.215941,1.78835,-0.0454201,0.46612,1.8306
824,0,0.315153,-0.21539,1.7891,-0.0454201,0.46612,1.8306
825,0,0.315367,-0.216461,1.78294,-0.0454201,0.46612,1.8306
826,0,0.314061,-0.216146,1.78101,-0.0454201,0.46612,1.8306
827,0,0.314501,-0.215449,1.78307,-0.0454201,0.46612,1.8306
828,0,0.314423,-0.216145,1.78352,-0.0454201,0.46612,1.8306
829,0,0.31339,-0.21601,1.78373,-0.0454201,0.46612,1.8306
830,0,0.315362,-0.215806,1.78233,-0.0454201,0.46612,1.8306
831,0,0.315486,-0.216071,1.78348,-0.0454201,0.46612,1.8306
832,0,0.314935,-0.215971,1.78203,-0.0454201,0.46612,1.8306
833,0,0.314354,-0.216266,1.7825,-0.0454201,0.46612,1.8306
834,0,0.314933,-0.214815,1.7819,-0.0454201,0.46612,1.8306
835,0,0.313994,-0.214819,1.78477,-0.0454201,0.46612,1.8306
836,0,0.316583,-0.216676,1.78291,-0.0454201,0.46612,1.8306
837,0,0.316437,-0.215926,1.78283,-0.0454201,0.46612,1.8306
838,0,0.314438,-0.215565,1.7846,-0.0454201,0.46612,1.8306
839,0,0.315498,-0.215892,1.78279,-0.0454201,0.46612,1.8306
840,0,0.315347,-0.215042,1.7834,-0.0454201,0.46612,1.8306
841,0,0.314386,-0.215789,1.78388,-0.0454201,0.46612,1.8306
842,0,0.314317,-0.216091,1.78295,-0.0454201,0.46612,1.8306
843,0,0.313541,-0.215563,1.7855,-0.0454201,0.46612,1.8306
844,0,0.313607,-0.214799,1.78408,-0.0454201,0.46612,1.8306
845,0,0.313162,-0.214628,1.78613,-0.0454201,0.46612,1.8306
846,0,0.314252,-0.214652,1.78477,-0.0454201,0.46612,1.8306
847,0,0.31385,-0.215133,1.78403,-0.0454201,0.46612,1.8306
848,0,0.314034,-0.215217,1.78457,-0.0454201,0.46612,1.8306
849,0,0.313911,-0.214965,1.78371,-0.0454201,0.46612,1.8306
850,0,0.313746,-0.214683,1.78457,-0.0454201,0.46612,1.8306
851,0,0.313986,-0.215461,1.78618,-0.0454201,0.46612,1.8306
852,0,0.313949,-0.215209,1.78394,-0.0454201,0.46612,1.8306
853,0,0.314502,-0.215035,1.78377,-0.0454201,0.46612,1.8306
854,0,0.313633,-0.215318,1.78311,-0.0454201,0.46612,1.8306
855,0,0.314951,-0.214862,1.78288,-0.0454201,0.46612,1.8306
856,0,0.314522,-0.215811,1.78106,-0.0454201,0.46612,1.8306
857,0,0.314688,-0.215396,1.78136,-0.0454201,0.46612,1.8306
858,0,0.312746,-0.215401,1.78299,-0.0454201,0.46612,1.8306
859,0,0.313486,-0.215324,1.78313,-0.0454201,0.46612,1.8306
860,0,0.314681,-0.216054,1.78364,-0.0454201,0.46612,1.8306
861,0,0.314065,-0.215923,1.78444,-0.0454201,0.46612,1.8306
862,0,0.314514,-0.215706,1.78517,-0.0454201,0.46612,1.8306
863,0,0.313965,-0.216613,1.78414,-0.0454201,0.46612,1.8306
864,0,0.312893,-0.214719,1.78463,-0.0454201,0.46612,1.8306
865,0,0.31358,-0.216016,1.78614,-0.0454201,0.46612,1.8306
866,0,0.313397,-0.215196,1.78529,-0.0454201,0.46612,1.8306
867,0,0.312778,-0.215284,1.78443,-0.0454201,0.46612,1.8306
868,0,0.31269,-0.215593,1.78627,-0.0454201,0.46612,1.8306
869,0,0.313632,-0.215025,1.78299,-0.0454201,0.46612,1.8306
870,0,0.314199,-0.215681,1.78581,-0.0454201,0.46612,1.8306
871,0,0.31497,-0.215661,1.78461,-0.0454201,0.46612,1.8306
872,0,0.314232,-0.215433,1.78532,-0.0454201,0.46612,1.8306
873,0,0.314032,-0.21602,1.78656,-0.0454201,0.46612,1.8306
874,0,0.314771,-0.216736,1.78559,-0.0454201,0.46612,1.8306
875,0,0.31652,-0.217298,1.78424,-0.0454201,0.46612,1.8306
876,0,0.314375,-0.216572,1.78405,-0.0454201,0.46612,1.8306
877,0,0.313877,-0.215871,1.7851,-0.0454201,0.46612,1.8306
878,0,0.314159,-0.216287,1.78541,-0.0454201,0.46612,1.8306
879,0,0.315009,-0.21613,1.78512,-0.0454201,0.46612,1.8306
880,0,0.313739,-0.215491,1.78595,-0.0454201,0.46612,1.8306
881,0,0.314566,-0.215291,1.78274,-0.0454201,0.46612,1.8306
882,0,0.31283,-0.214578,1.78447,-0.0454201,0.46612,1.8306
883,0,0.314143,-0.216113,1.7842,-0.0454201,0.46612,1.8306
884,0,0.314578,-0.215444,1.78751,-0.0454201,0.46612,1.8306
885,0,0.314307,-0.215775,1.78754,-0.0454201,0.46612,1.8306
886,0,0.31467,-0.216036,1.78997,-0.0454201,0.46612,1.8306
887,0,0.314375,-0.216167,1.78533,-0.0454201,0.46612,1.8306
888,0,0.314927,-0.216673,1.78841,-0.0454201,0.46612,1.8306
889,0,0.313319,-0.215908,1.78779,-0.0454201,0.46612,1.8306
890,0,0.31548,-0.21602,1.78987,-0.0454201,0.46612,1.8306
891,0,0.315413,-0.216412,1.79073,-0.0454201,0.46612,1.8306
892,0,0.313699,-0.215785,1.7876,-0.0454201,0.46612,1.8306
893,0,0.314137,-0.216066,1.78715,-0.0454201,0.46612,1.8306
894,0,0.314868,-0.21614,1.7888,-0.0454201,0.46612,1.8306
895,0,0.314088,-0.215893,1.78803,-0.0454201,0.46612,1.8306
896,0,0.314995,-0.215556,1.78699,-0.0454201,0.46612,1.8306
897,0,0.313522,-0.215146,1.78793,-0.0454201,0.46612,1.8306
