51,0,0.423205,-0.188654,1.8427,-0.020484,0.584569,1.72952
52,0,0.422845,-0.19073,1.84128,-0.020484,0.584569,1.72952
53,0,0.423742,-0.189995,1.84119,-0.020484,0.584569,1.72952
54,0,0.422896,-0.190205,1.84015,-0.020484,0.584569,1.72952
55,0,0.423182,-0.190597,1.84142,-0.020484,0.584569,1.72952
56,0,0.423384,-0.188216,1.84221,-0.020484,0.584569,1.72952
57,0,0.424206,-0.190706,1.84158,-0.020484,0.584569,1.72952
58,0,0.423372,-0.190291,1.84185,-0.020484,0.584569,1.72952
59,0,0.422803,-0.191102,1.84275,-0.020484,0.584569,1.72952
60,0,0.42413,-0.191026,1.84018,-0.020484,0.584569,1.72952
61,0,0.423396,-0.190112,1.8406,-0.020484,0.584569,1.72952
62,0,0.423385,-0.189652,1.83897,-0.020484,0.584569,1.72952
63,0,0.423517,-0.190865,1.84014,-0.020484,0.584569,1.72952
64,0,0.42198,-0.189774,1.83786,-0.020484,0.584569,1.72952
65,0,0.423852,-0.189397,1.84225,-0.020484,0.584569,1.72952
66,0,0.423164,-0.190799,1.83843,-0.020484,0.584569,1.72952
67,0,0.42344,-0.190728,1.84172,-0.020484,0.584569,1.72952
68,0,0.422221,-0.190276,1.83982,-0.020484,0.584569,1.72952
69,0,0.423518,-0.189786,1.8405,-0.020484,0.584569,1.72952
70,0,0.423128,-0.190907,1.84168,-0.020484,0.584569,1.72952
71,0,0.423432,-0.191013,1.84228,-0.020484,0.584569,1.72952
72,0,0.423324,-0.190631,1.83977,-0.020484,0.584569,1.72952
73,0,0.423962,-0.190288,1.84154,-0.020484,0.584569,1.72952
74,0,0.422492,-0.190237,1.84259,-0.020484,0.584569,1.72952
75,0,0.422354,-0.190322,1.84078,-0.020484,0.584569,1.72952
76,0,0.422394,-0.188221,1.83909,-0.020484,0.584569,1.72952
77,0,0.424512,-0.190865,1.84145,-0.020484,0.584569,1.72952
78,0,0.423114,-0.191186,1.84251,-0.020484,0.584569,1.72952
79,0,0.423728,-0.190692,1.84191,-0.020484,0.584569,1.72952
80,0,0.424184,-0.190435,1.84207,-0.020484,0.584569,1.72952
81,0,0.423815,-0.189928,1.84162,-0.020484,0.584569,1.72952
82,0,0.42379,-0.190695,1.84337,-0.020484,0.584569,1.72952
83,0,0.424244,-0.188824,1.84451,-0.020484,0.584569,1.72952
84,0,0.423124,-0.188811,1.84316,-0.020484,0.584569,1.72952
85,0,0.424168,-0.190938,1.843,-0.020484,0.584569,1.72952
86,0,0.42326,-0.191615,1.84419,-0.020484,0.584569,1.72952
87,0,0.425035,-0.190503,1.84529,-0.020484,0.584569,1.72952
88,0,0.423465,-0.189394,1.84382,-0.020484,0.584569,1.72952
89,0,0.424064,-0.187338,1.84525,-0.020484,0.584569,1.72952
90,0,0.416481,-0.18793,1.81523,-0.020484,0.584569,1.72952
91,0,0.416593,-0.188222,1.81674,-0.020484,0.584569,1.72952
92,0,0.416793,-0.187328,1.81431,-0.020484,0.584569,1.72952
93,0,0.417254,-0.188291,1.81631,-0.020484,0.584569,1.72952
94,0,0.41716,-0.188248,1.81449,-0.020484,0.584569,1.72952
95,0,0.417427,-0.18702,1.81258,-0.020484,0.584569,1.72952
96,0,0.416174,-0.188003,1.81273,-0.020484,0.584569,1.72952
97,0,0.416064,-0.187377,1.81132,-0.020484,0.584569,1.72952
98,0,0.416411,-0.18758,1.81095,-0.020484,0.584569,1.72952
99,0,0.41714,-0.186987,1.8141,-0.020484,0.584569,1.72952
100,0,0.417127,-0.186949,1.8135,-0.020484,0.584569,1.72952
101,0,0.415397,-0.188184,1.81278,-0.020484,0.584569,1.72952
102,0,0.416615,-0.188059,1.81254,-0.020484,0.584569,1.72952
103,0,0.416936,-0.185492,1.81105,-0.020484,0.584569,1.72952
104,0,0.416906,-0.187873,1.81201,-0.020484,0.584569,1.72952
105,0,0.415704,-0.187223,1.81171,-0.020484,0.584569,1.72952
106,0,0.416853,-0.185513,1.8139,-0.020484,0.584569,1.72952
107,0,0.416329,-0.184562,1.81236,-0.020484,0.584569,1.72952
108,0,0.415529,-0.18724,1.81209,-0.020484,0.584569,1.72952
109,0,0.415639,-0.187969,1.81256,-0.020484,0.584569,1.72952
110,0,0.415915,-0.18496,1.81194,-0.020484,0.584569,1.72952
111,0,0.41818,-0.185362,1.8126,-0.020484,0.584569,1.72952
112,0,0.418663,-0.185922,1.81091,-0.020484,0.584569,1.72952
113,0,0.416919,-0.188071,1.81427,-0.020484,0.584569,1.72952
114,0,0.416868,-0.188155,1.81651,-0.020484,0.584569,1.72952
115,0,0.416214,-0.187711,1.81416,-0.020484,0.584569,1.72952
116,0,0.417516,-0.185996,1.81615,-0.020484,0.584569,1.72952
117,0,0.416545,-0.188339,1.81453,-0.020484,0.584569,1.72952
118,0,0.41685,-0.187811,1.81529,-0.020484,0.584569,1.72952
119,0,0.416641,-0.188148,1.81455,-0.020484,0.584569,1.72952
120,0,0.416089,-0.18778,1.81375,-0.020484,0.584569,1.72952
121,0,0.416733,-0.188562,1.81277,-0.020484,0.584569,1.72952
122,0,0.416494,-0.188405,1.81435,-0.020484,0.584569,1.72952
123,0,0.416321,-0.187021,1.81159,-0.020484,0.584569,1.72952
124,0,0.416272,-0.187531,1.81274,-0.020484,0.584569,1.72952
125,0,0.416508,-0.186529,1.81486,-0.020484,0.584569,1.72952
126,0,0.417176,-0.186887,1.81362,-0.020484,0.584569,1.72952
127,0,0.417512,-0.185177,1.81605,-0.020484,0.584569,1.72952
128,0,0.417417,-0.187168,1.81601,-0.020484,0.584569,1.72952
129,0,0.417638,-0.185931,1.81453,-0.020484,0.584569,1.72952
130,0,0.417999,-0.18629,1.81642,-0.020484,0.584569,1.72952
131,0,0.41718,-0.187606,1.81459,-0.020484,0.584569,1.72952
132,0,0.4168,-0.187399,1.81603,-0.020484,0.584569,1.72952
133,0,0.416937,-0.188016,1.81652,-0.020484,0.584569,1.72952
134,0,0.416765,-0.185478,1.81577,-0.020484,0.584569,1.72952
135,0,0.417315,-0.187992,1.81575,-0.020484,0.584569,1.72952
136,0,0.416618,-0.185683,1.81429,-0.020484,0.584569,1.72952
137,0,0.416163,-0.187358,1.81511,-0.020484,0.584569,1.72952
138,0,0.417635,-0.188144,1.8161,-0.020484,0.584569,1.72952
139,0,0.416183,-0.186904,1.8147,-0.020484,0.584569,1.72952
140,0,0.41644,-0.186898,1.81493,-0.020484,0.584569,1.72952
141,0,0.416628,-0.187408,1.81363,-0.020484,0.584569,1.72952
142,0,0.416715,-0.187622,1.81308,-0.020484,0.584569,1.72952
143,0,0.417839,-0.187504,1.81673,-0.020484,0.584569,1.72952
144,0,0.416146,-0.187237,1.81358,-0.020484,0.584569,1.72952
145,1,0.41335,-0.185548,1.81031,-0.020484,0.584569,1.72952
146,1,0.41563,-0.186495,1.80679,-0.020484,0.584569,1.72952
147,1,0.418544,-0.186356,1.80571,-0.020484,0.584569,1.72952
148,1,0.419824,-0.184819,1.80902,-0.020484,0.584569,1.72952
149,1,0.422303,-0.185677,1.80559,-0.020484,0.584569,1.72952
150,1,0.42236,-0.184593,1.8025,-0.020484,0.584569,1.72952
151,1,0.423591,-0.185681,1.80517,-0.020484,0.584569,1.72952
152,1,0.423029,-0.184649,1.80428,-0.020484,0.584569,1.72952
153,1,0.422205,-0.185035,1.80341,-0.020484,0.584569,1.72952
154,1,0.422013,-0.185913,1.80701,-0.020484,0.584569,1.72952
155,1,0.424356,-0.186192,1.8058,-0.020484,0.584569,1.72952
156,1,0.423707,-0.186298,1.80525,-0.020484,0.584569,1.72952
157,1,0.425236,-0.18445,1.80685,-0.020484,0.584569,1.72952
158,1,0.425805,-0.185345,1.80505,-0.020484,0.584569,1.72952
159,1,0.426616,-0.183779,1.80461,-0.020484,0.584569,1.72952
160,1,0.425118,-0.180743,1.801,-0.020484,0.584569,1.72952
161,1,0.425551,-0.174825,1.79918,-0.020484,0.584569,1.72952
162,1,0.425118,-0.162862,1.79783,-0.020484,0.584569,1.72952
163,1,0.421289,-0.148227,1.79162,-0.020484,0.584569,1.72952
164,1,0.416611,-0.130685,1.78889,-0.020484,0.584569,1.72952
165,1,0.411125,-0.107384,1.78788,-0.020484,0.584569,1.72952
166,1,0.402114,-0.0799041,1.7858,-0.020484,0.584569,1.72952
167,1,0.391371,-0.0450549,1.77387,-0.020484,0.584569,1.72952
168,1,0.373743,-0.0129172,1.76963,-0.020484,0.584569,1.72952
169,1,0.357241,0.0160033,1.76359,-0.020484,0.584569,1.72952
170,1,0.333953,0.0455372,1.75356,-0.020484,0.584569,1.72952
171,1,0.312742,0.075521,1.74496,-0.020484,0.584569,1.72952
172,1,0.288866,0.104378,1.73715,-0.020484,0.584569,1.72952
173,1,0.262882,0.133526,1.72728,-0.020484,0.584569,1.72952
174,1,0.240966,0.16263,1.71883,-0.020484,0.584569,1.72952
175,1,0.215843,0.186031,1.70639,-0.020484,0.584569,1.72952
176,1,0.193962,0.21011,1.70174,-0.020484,0.584569,1.72952
177,1,0.172321,0.232363,1.69647,-0.020484,0.584569,1.72952
178,1,0.152046,0.252454,1.69394,-0.020484,0.584569,1.72952
179,1,0.134111,0.27427,1.69451,-0.020484,0.584569,1.72952
180,1,0.115683,0.293019,1.69319,-0.020484,0.584569,1.72952
182,1,0.0931696,0.312767,1.68834,-0.020484,0.584569,1.72952
183,1,0.0697525,0.344524,1.69333,-0.020484,0.584569,1.72952
184,1,0.0577347,0.357661,1.69453,-0.020484,0.584569,1.72952
185,1,0.0439636,0.369769,1.69568,-0.020484,0.584569,1.72952
186,1,0.0371616,0.380552,1.69874,-0.020484,0.584569,1.72952
187,1,0.0325965,0.395169,1.69607,-0.020484,0.584569,1.72952
188,1,0.0191362,0.402554,1.70439,-0.020484,0.584569,1.72952
189,1,0.0132161,0.412892,1.70451,-0.020484,0.584569,1.72952
190,1,0.00692092,0.418676,1.70821,-0.020484,0.584569,1.72952
191,1,0.00194321,0.422937,1.7109,-0.020484,0.584569,1.72952
192,1,-0.00373416,0.429103,1.71176,-0.020484,0.584569,1.72952
193,1,-0.00311346,0.434006,1.7159,-0.020484,0.584569,1.72952
194,1,-0.00537574,0.437253,1.71414,-0.020484,0.584569,1.72952
195,1,-0.00762372,0.440148,1.71641,-0.020484,0.584569,1.72952
196,1,-0.00937419,0.442545,1.71802,-0.020484,0.584569,1.72952
197,1,-0.010237,0.443201,1.71671,-0.020484,0.584569,1.72952
198,1,-0.00947938,0.44357,1.71456,-0.020484,0.584569,1.72952
199,1,-0.00866487,0.441869,1.7023,-0.020484,0.584569,1.72952
200,1,-0.0116389,0.443932,1.70864,-0.020484,0.584569,1.72952
201,1,-0.0113882,0.443565,1.70639,-0.020484,0.584569,1.72952
202,1,-0.0106039,0.443479,1.70606,-0.020484,0.584569,1.72952
203,1,-0.0108926,0.442161,1.70476,-0.020484,0.584569,1.72952
204,1,-0.0121818,0.441678,1.70719,-0.020484,0.584569,1.72952
205,1,-0.014393,0.438129,1.7083,-0.020484,0.584569,1.72952
206,1,-0.0122172,0.442131,1.71359,-0.020484,0.584569,1.72952
207,1,-0.0110718,0.444076,1.71586,-0.020484,0.584569,1.72952
208,1,-0.0118282,0.445324,1.72224,-0.020484,0.584569,1.72952
209,1,-0.0100184,0.446019,1.72309,-0.020484,0.584569,1.72952
210,1,-0.00969945,0.448739,1.72523,-0.020484,0.584569,1.72952
211,1,-0.00792341,0.451504,1.7264,-0.020484,0.584569,1.72952
212,1,-0.00785142,0.451398,1.72949,-0.020484,0.584569,1.72952
213,1,-0.00641117,0.451833,1.72784,-0.020484,0.584569,1.72952
214,1,-0.00720568,0.452299,1.72612,-0.020484,0.584569,1.72952
215,1,-0.0079858,0.452818,1.72968,-0.020484,0.584569,1.72952
216,1,-0.0072639,0.453744,1.72831,-0.020484,0.584569,1.72952
217,1,-0.00994395,0.454865,1.73098,-0.020484,0.584569,1.72952
218,1,-0.00998505,0.454714,1.73001,-0.020484,0.584569,1.72952
219,1,-0.0121496,0.454831,1.73186,-0.020484,0.584569,1.72952
220,1,-0.0130477,0.456197,1.73228,-0.020484,0.584569,1.72952
221,1,-0.0116483,0.455356,1.73016,-0.020484,0.584569,1.72952
222,1,-0.0142081,0.454417,1.73231,-0.020484,0.584569,1.72952
223,1,-0.0140279,0.455337,1.73248,-0.020484,0.584569,1.72952
224,1,-0.0137618,0.453871,1.73087,-0.020484,0.584569,1.72952
225,1,-0.014089,0.453926,1.73092,-0.020484,0.584569,1.72952
226,1,-0.0131969,0.452958,1.72896,-0.020484,0.584569,1.72952
227,1,-0.0128434,0.453192,1.72844,-0.020484,0.584569,1.72952
228,1,-0.0140963,0.452475,1.72882,-0.020484,0.584569,1.72952
229,1,-0.014276,0.45375,1.73087,-0.020484,0.584569,1.72952
230,1,-0.0115685,0.454718,1.72795,-0.020484,0.584569,1.72952
231,1,-0.0146223,0.451559,1.72837,-0.020484,0.584569,1.72952
232,1,-0.0144016,0.453536,1.7293,-0.020484,0.584569,1.72952
233,1,-0.0153415,0.453425,1.72961,-0.020484,0.584569,1.72952
234,1,-0.0154529,0.454736,1.73218,-0.020484,0.584569,1.72952
235,1,-0.0159011,0.455216,1.73141,-0.020484,0.584569,1.72952
236,1,-0.0164492,0.455449,1.73121,-0.020484,0.584569,1.72952
237,1,-0.0157512,0.455668,1.73149,-0.020484,0.584569,1.72952
238,1,-0.0155024,0.454147,1.7307,-0.020484,0.584569,1.72952
239,1,-0.0150053,0.455249,1.73179,-0.020484,0.584569,1.72952
240,1,-0.0146164,0.455352,1.73262,-0.020484,0.584569,1.72952
241,1,-0.0154015,0.456068,1.73444,-0.020484,0.584569,1.72952
242,1,-0.0150934,0.456729,1.73495,-0.020484,0.584569,1.72952
243,1,-0.0160929,0.458506,1.73728,-0.020484,0.584569,1.72952
244,1,-0.0159817,0.457329,1.7363,-0.020484,0.584569,1.72952
245,1,-0.0160455,0.45979,1.73862,-0.020484,0.584569,1.72952
246,1,-0.015811,0.459975,1.73911,-0.020484,0.584569,1.72952
247,1,-0.0152852,0.458108,1.73742,-0.020484,0.584569,1.72952
248,1,-0.0177056,0.459045,1.7398,-0.020484,0.584569,1.72952
249,1,-0.0161883,0.459785,1.74063,-0.020484,0.584569,1.72952
250,1,-0.0166595,0.457211,1.73734,-0.020484,0.584569,1.72952
251,1,-0.0168332,0.459631,1.73954,-0.020484,0.584569,1.72952
252,1,-0.0158804,0.459804,1.73899,-0.020484,0.584569,1.72952
253,1,-0.0165237,0.457913,1.73707,-0.020484,0.584569,1.72952
254,1,-0.0165484,0.45886,1.73856,-0.020484,0.584569,1.72952
255,1,-0.0170464,0.45915,1.74006,-0.020484,0.584569,1.72952
256,1,-0.0161171,0.455436,1.73501,-0.020484,0.584569,1.72952
257,1,-0.0170544,0.45065,1.73479,-0.020484,0.584569,1.72952
258,1,-0.0139858,0.446902,1.72868,-0.020484,0.584569,1.72952
259,1,-0.015788,0.439875,1.72584,-0.020484,0.584569,1.72952
260,1,-0.012509,0.427791,1.71614,-0.020484,0.584569,1.72952
261,1,-0.012922,0.414563,1.70592,-0.020484,0.584569,1.72952
262,1,-0.0124139,0.397137,1.69794,-0.020484,0.584569,1.72952
263,1,-0.00695913,0.375323,1.68787,-0.020484,0.584569,1.72952
264,1,-0.0021728,0.346351,1.67668,-0.020484,0.584569,1.72952
265,1,0.0044223,0.312011,1.66763,-0.020484,0.584569,1.72952
266,1,0.00720329,0.272748,1.66,-0.020484,0.584569,1.72952
267,1,0.00780625,0.226779,1.65713,-0.020484,0.584569,1.72952
268,1,0.000250896,0.181171,1.65077,-0.020484,0.584569,1.72952
269,1,-0.00797071,0.131126,1.65208,-0.020484,0.584569,1.72952
270,1,-0.0171762,0.0810953,1.65547,-0.020484,0.584569,1.72952
271,1,-0.0292499,0.0331276,1.65655,-0.020484,0.584569,1.72952
272,1,-0.0427242,-0.0114961,1.6804,-0.020484,0.584569,1.72952
273,1,-0.054709,-0.0507745,1.70108,-0.020484,0.584569,1.72952
274,1,-0.0592998,-0.0888418,1.72911,-0.020484,0.584569,1.72952
275,1,-0.0668982,-0.126394,1.74816,-0.020484,0.584569,1.72952
276,1,-0.075816,-0.154136,1.77032,-0.020484,0.584569,1.72952
277,1,-0.0766902,-0.179228,1.78054,-0.020484,0.584569,1.72952
278,1,-0.084489,-0.196025,1.79714,-0.020484,0.584569,1.72952
279,1,-0.0876056,-0.212994,1.80407,-0.020484,0.584569,1.72952
280,1,-0.089352,-0.221434,1.81398,-0.020484,0.584569,1.72952
281,1,-0.0855254,-0.230504,1.81435,-0.020484,0.584569,1.72952
282,1,-0.0838625,-0.232702,1.81747,-0.020484,0.584569,1.72952
283,1,-0.0800996,-0.236679,1.8185,-0.020484,0.584569,1.72952
284,1,-0.0826086,-0.241249,1.82062,-0.020484,0.584569,1.72952
285,1,-0.0820754,-0.24545,1.81818,-0.020484,0.584569,1.72952
286,1,-0.0829429,-0.247403,1.81728,-0.020484,0.584569,1.72952
287,1,-0.0840117,-0.249164,1.81478,-0.020484,0.584569,1.72952
288,1,-0.0858112,-0.252119,1.8125,-0.020484,0.584569,1.72952
289,1,-0.0866403,-0.25563,1.80853,-0.020484,0.584569,1.72952
290,1,-0.0861079,-0.258225,1.80584,-0.020484,0.584569,1.72952
291,1,-0.0853367,-0.258687,1.80607,-0.020484,0.584569,1.72952
292,1,-0.0843114,-0.260219,1.80505,-0.020484,0.584569,1.72952
293,1,-0.0838146,-0.259393,1.80503,-0.020484,0.584569,1.72952
294,1,-0.0835047,-0.260176,1.80421,-0.020484,0.584569,1.72952
295,1,-0.0833106,-0.260224,1.80225,-0.020484,0.584569,1.72952
296,1,-0.0831043,-0.260388,1.80354,-0.020484,0.584569,1.72952
297,1,-0.0827914,-0.260547,1.80091,-0.020484,0.584569,1.72952
298,1,-0.082302,-0.260463,1.80164,-0.020484,0.584569,1.72952
299,1,-0.0820747,-0.259722,1.80195,-0.020484,0.584569,1.72952
300,1,-0.0813735,-0.260283,1.80113,-0.020484,0.584569,1.72952
301,1,-0.081404,-0.260565,1.80227,-0.020484,0.584569,1.72952
302,1,-0.0813386,-0.259908,1.8015,-0.020484,0.584569,1.72952
303,1,-0.080457,-0.258954,1.80205,-0.020484,0.584569,1.72952
304,1,-0.0810312,-0.259665,1.80199,-0.020484,0.584569,1.72952
305,1,-0.0813461,-0.259585,1.80405,-0.020484,0.584569,1.72952
306,1,-0.0811608,-0.258285,1.804,-0.020484,0.584569,1.72952
307,1,-0.080379,-0.258679,1.80255,-0.020484,0.584569,1.72952
308,1,-0.0796144,-0.258887,1.80326,-0.020484,0.584569,1.72952
309,1,-0.0795897,-0.260619,1.80034,-0.020484,0.584569,1.72952
310,1,-0.0767063,-0.261998,1.79655,-0.020484,0.584569,1.72952
311,1,-0.0747053,-0.26038,1.7985,-0.020484,0.584569,1.72952
312,1,-0.0755964,-0.263057,1.7951,-0.020484,0.584569,1.72952
313,1,-0.0758568,-0.262685,1.79602,-0.020484,0.584569,1.72952
314,0,-0.0761722,-0.262712,1.79584,-0.020484,0.584569,1.72952
315,0,-0.0759105,-0.261929,1.7961,-0.020484,0.584569,1.72952
316,0,-0.0752887,-0.262412,1.79653,-0.020484,0.584569,1.72952
317,0,-0.0760015,-0.2629,1.79584,-0.020484,0.584569,1.72952
318,0,-0.0758008,-0.262595,1.79615,-0.020484,0.584569,1.72952
319,0,-0.0762302,-0.262957,1.79481,-0.020484,0.584569,1.72952
320,0,-0.0761489,-0.262742,1.79562,-0.020484,0.584569,1.72952
321,0,-0.0755773,-0.263177,1.79522,-0.020484,0.584569,1.72952
322,0,-0.075303,-0.262909,1.79397,-0.020484,0.584569,1.72952
323,0,-0.0755878,-0.262366,1.79575,-0.020484,0.584569,1.72952
324,0,-0.0758945,-0.26251,1.79611,-0.020484,0.584569,1.72952
325,0,-0.0760369,-0.262262,1.79618,-0.020484,0.584569,1.72952
326,0,-0.0756317,-0.262203,1.79479,-0.020484,0.584569,1.72952
327,0,-0.0760806,-0.26257,1.79604,-0.020484,0.584569,1.72952
328,0,-0.0756442,-0.262565,1.79636,-0.020484,0.584569,1.72952
329,0,-0.0767162,-0.263008,1.79696,-0.020484,0.584569,1.72952
330,0,-0.0758855,-0.262912,1.79501,-0.020484,0.584569,1.72952
331,0,-0.0766055,-0.262978,1.79709,-0.020484,0.584569,1.72952
332,0,-0.0761771,-0.262634,1.79689,-0.020484,0.584569,1.72952
333,0,-0.0762989,-0.262297,1.79699,-0.020484,0.584569,1.72952
334,0,-0.075907,-0.262647,1.79557,-0.020484,0.584569,1.72952
335,0,-0.0762592,-0.262524,1.79725,-0.020484,0.584569,1.72952
336,0,-0.0760241,-0.263413,1.79639,-0.020484,0.584569,1.72952
337,0,-0.0753054,-0.262797,1.79753,-0.020484,0.584569,1.72952
338,0,-0.075759,-0.262679,1.79775,-0.020484,0.584569,1.72952
339,0,-0.0754918,-0.262886,1.79623,-0.020484,0.584569,1.72952
340,0,-0.0762369,-0.262389,1.79714,-0.020484,0.584569,1.72952
341,0,-0.0765252,-0.262443,1.79693,-0.020484,0.584569,1.72952
342,0,-0.0760561,-0.262878,1.79508,-0.020484,0.584569,1.72952
343,0,-0.0765225,-0.262904,1.7954,-0.020484,0.584569,1.72952
344,0,-0.0761617,-0.262533,1.79497,-0.020484,0.584569,1.72952
345,0,-0.0761124,-0.263241,1.79658,-0.020484,0.584569,1.72952
346,0,-0.0759817,-0.262487,1.79614,-0.020484,0.584569,1.72952
347,0,-0.0756299,-0.262857,1.79565,-0.020484,0.584569,1.72952
348,0,-0.0762639,-0.263832,1.79781,-0.020484,0.584569,1.72952
349,0,-0.0760629,-0.263923,1.79812,-0.020484,0.584569,1.72952
350,0,-0.0768867,-0.263419,1.79461,-0.020484,0.584569,1.72952
351,0,-0.0758894,-0.26291,1.79575,-0.020484,0.584569,1.72952
352,0,-0.0761822,-0.263427,1.79558,-0.020484,0.584569,1.72952
353,0,-0.0750263,-0.262624,1.7946,-0.020484,0.584569,1.72952
354,0,-0.075948,-0.263014,1.79587,-0.020484,0.584569,1.72952
355,0,-0.0753071,-0.262939,1.79564,-0.020484,0.584569,1.72952
356,0,-0.0751497,-0.262585,1.79518,-0.020484,0.584569,1.72952
357,0,-0.0760806,-0.262264,1.79399,-0.020484,0.584569,1.72952
358,0,-0.0760667,-0.262354,1.79451,-0.020484,0.584569,1.72952
359,0,-0.0765004,-0.262634,1.793,-0.020484,0.584569,1.72952
360,0,-0.0755352,-0.26213,1.79501,-0.020484,0.584569,1.72952
361,0,-0.0757566,-0.262584,1.79606,-0.020484,0.584569,1.72952
362,0,-0.0761013,-0.261927,1.79741,-0.020484,0.584569,1.72952
363,0,-0.0755668,-0.262576,1.79453,-0.020484,0.584569,1.72952
364,0,-0.0759024,-0.262636,1.79525,-0.020484,0.584569,1.72952
365,0,-0.0758505,-0.262852,1.79536,-0.020484,0.584569,1.72952
366,0,-0.0759844,-0.263618,1.79587,-0.020484,0.584569,1.72952
367,0,-0.0761586,-0.263028,1.79583,-0.020484,0.584569,1.72952
368,0,-0.0894188,-0.230554,1.732,-0.020484,0.584569,1.72952
369,0,-0.0759794,-0.263392,1.80036,-0.020484,0.584569,1.72952
370,0,-0.0764298,-0.263235,1.79695,-0.020484,0.584569,1.72952
371,0,-0.0763134,-0.263431,1.79677,-0.020484,0.584569,1.72952
372,0,-0.0762676,-0.263407,1.79762,-0.020484,0.584569,1.72952
373,0,-0.0763363,-0.263395,1.7972,-0.020484,0.584569,1.72952
374,0,-0.0765464,-0.262636,1.79678,-0.020484,0.584569,1.72952
375,0,-0.0756927,-0.264057,1.79699,-0.020484,0.584569,1.72952
376,0,-0.0761467,-0.262833,1.7958,-0.020484,0.584569,1.72952
377,0,-0.0758932,-0.262972,1.79575,-0.020484,0.584569,1.72952
378,0,-0.0753601,-0.26225,1.79548,-0.020484,0.584569,1.72952
379,0,-0.0764561,-0.26306,1.79651,-0.020484,0.584569,1.72952
380,0,-0.0759305,-0.262817,1.79701,-0.020484,0.584569,1.72952
381,0,-0.0764507,-0.262528,1.79492,-0.020484,0.584569,1.72952
382,0,-0.07568,-0.263559,1.79668,-0.020484,0.584569,1.72952
383,0,-0.0758336,-0.262884,1.7952,-0.020484,0.584569,1.72952
384,0,-0.0759822,-0.26328,1.79647,-0.020484,0.584569,1.72952
385,0,-0.0751309,-0.262649,1.79688,-0.020484,0.584569,1.72952
386,0,-0.0759238,-0.263287,1.79536,-0.020484,0.584569,1.72952
387,1,-0.0788938,-0.26222,1.80181,-0.020484,0.584569,1.72952
388,1,-0.0812839,-0.260465,1.79956,-0.020484,0.584569,1.72952
389,1,-0.0802623,-0.258275,1.80093,-0.020484,0.584569,1.72952
390,1,-0.0785404,-0.256657,1.80172,-0.020484,0.584569,1.72952
391,1,-0.0778714,-0.258345,1.8024,-0.020484,0.584569,1.72952
392,1,-0.0771181,-0.257453,1.80127,-0.020484,0.584569,1.72952
393,1,-0.0766521,-0.258786,1.80102,-0.020484,0.584569,1.72952
394,1,-0.0759786,-0.257991,1.80021,-0.020484,0.584569,1.72952
395,1,-0.0745467,-0.256686,1.79473,-0.020484,0.584569,1.72952
396,1,-0.0722388,-0.248753,1.78913,-0.020484,0.584569,1.72952
397,1,-0.0681283,-0.235755,1.77474,-0.020484,0.584569,1.72952
398,1,-0.0615809,-0.2169,1.75954,-0.020484,0.584569,1.72952
399,1,-0.0539568,-0.191756,1.7424,-0.020484,0.584569,1.72952
400,1,-0.0438611,-0.163622,1.72615,-0.020484,0.584569,1.72952
401,1,-0.0337076,-0.128711,1.71186,-0.020484,0.584569,1.72952
402,1,-0.0245286,-0.0905084,1.69765,-0.020484,0.584569,1.72952
403,1,-0.0196289,-0.0510915,1.68624,-0.020484,0.584569,1.72952
404,1,-0.0139476,-0.00916606,1.67414,-0.020484,0.584569,1.72952
405,1,-0.00770538,0.0279855,1.6634,-0.020484,0.584569,1.72952
406,1,-0.00298466,0.0648592,1.65891,-0.020484,0.584569,1.72952
407,1,-0.000104315,0.104703,1.65448,-0.020484,0.584569,1.72952
408,1,0.00267462,0.144067,1.65257,-0.020484,0.584569,1.72952
409,1,0.0048444,0.183946,1.6543,-0.020484,0.584569,1.72952
410,1,0.00602182,0.222312,1.65665,-0.020484,0.584569,1.72952
411,1,0.00340388,0.257844,1.65875,-0.020484,0.584569,1.72952
412,1,0.00245159,0.292637,1.66552,-0.020484,0.584569,1.72952
413,1,-0.00161493,0.323283,1.67354,-0.020484,0.584569,1.72952
414,1,-0.00619437,0.352266,1.68462,-0.020484,0.584569,1.72952
415,1,-0.0103113,0.375347,1.69224,-0.020484,0.584569,1.72952
416,1,-0.0147748,0.39779,1.6983,-0.020484,0.584569,1.72952
417,1,-0.0177044,0.415071,1.70478,-0.020484,0.584569,1.72952
418,1,-0.0207091,0.425366,1.71003,-0.020484,0.584569,1.72952
419,1,-0.0243518,0.435525,1.71912,-0.020484,0.584569,1.72952
420,1,-0.0303659,0.444824,1.72458,-0.020484,0.584569,1.72952
421,1,-0.0293233,0.448905,1.72542,-0.020484,0.584569,1.72952
422,1,-0.0261344,0.452225,1.72541,-0.020484,0.584569,1.72952
423,1,-0.0232092,0.454665,1.72426,-0.020484,0.584569,1.72952
424,1,-0.0220211,0.454427,1.7252,-0.020484,0.584569,1.72952
425,1,-0.0192699,0.454474,1.72436,-0.020484,0.584569,1.72952
426,1,-0.0158307,0.454025,1.72302,-0.020484,0.584569,1.72952
427,1,-0.0148186,0.453069,1.72453,-0.020484,0.584569,1.72952
428,1,-0.0134326,0.453129,1.72403,-0.020484,0.584569,1.72952
429,1,-0.0116472,0.453004,1.72496,-0.020484,0.584569,1.72952
430,1,-0.0117889,0.454244,1.72674,-0.020484,0.584569,1.72952
431,1,-0.0107593,0.454557,1.72949,-0.020484,0.584569,1.72952
432,1,-0.00872829,0.457406,1.73291,-0.020484,0.584569,1.72952
433,1,-0.00714299,0.457899,1.73755,-0.020484,0.584569,1.72952
434,1,-0.00622825,0.459507,1.74094,-0.020484,0.584569,1.72952
435,1,-0.00579823,0.460003,1.7435,-0.020484,0.584569,1.72952
436,1,-0.00442127,0.460407,1.74434,-0.020484,0.584569,1.72952
437,1,-0.00383238,0.459999,1.74489,-0.020484,0.584569,1.72952
438,1,-0.00183514,0.460293,1.74352,-0.020484,0.584569,1.72952
439,1,-0.00195259,0.458817,1.7409,-0.020484,0.584569,1.72952
440,1,-0.00131346,0.458635,1.73836,-0.020484,0.584569,1.72952
441,1,-0.00211544,0.45382,1.73447,-0.020484,0.584569,1.72952
442,1,-0.00180618,0.453196,1.73149,-0.020484,0.584569,1.72952
443,1,-0.00180572,0.454135,1.73165,-0.020484,0.584569,1.72952
444,1,-0.00150566,0.453612,1.73059,-0.020484,0.584569,1.72952
445,1,-0.00164253,0.450476,1.72822,-0.020484,0.584569,1.72952
446,1,-0.00134672,0.451867,1.72817,-0.020484,0.584569,1.72952
447,1,-0.00185788,0.454294,1.72963,-0.020484,0.584569,1.72952
448,1,-0.00220218,0.451435,1.72737,-0.020484,0.584569,1.72952
449,1,-0.00472343,0.455385,1.72912,-0.020484,0.584569,1.72952
450,1,-0.00479111,0.451648,1.72716,-0.020484,0.584569,1.72952
451,1,-0.00526174,0.451579,1.72625,-0.020484,0.584569,1.72952
452,1,-0.00689576,0.454112,1.72782,-0.020484,0.584569,1.72952
453,1,-0.00711352,0.452634,1.72486,-0.020484,0.584569,1.72952
454,1,-0.00697759,0.452916,1.72658,-0.020484,0.584569,1.72952
455,1,-0.00847013,0.44908,1.72501,-0.020484,0.584569,1.72952
456,1,-0.00758768,0.449631,1.72267,-0.020484,0.584569,1.72952
457,1,-0.00821398,0.449008,1.72177,-0.020484,0.584569,1.72952
458,1,-0.00900313,0.449229,1.72241,-0.020484,0.584569,1.72952
459,1,-0.00898537,0.448607,1.72239,-0.020484,0.584569,1.72952
460,1,-0.00987327,0.447727,1.72098,-0.020484,0.584569,1.72952
461,1,-0.0102873,0.446476,1.71898,-0.020484,0.584569,1.72952
462,1,-0.0128935,0.445928,1.71812,-0.020484,0.584569,1.72952
463,1,-0.0135868,0.444827,1.71505,-0.020484,0.584569,1.72952
464,1,-0.0147457,0.443141,1.71345,-0.020484,0.584569,1.72952
465,1,-0.0151177,0.441526,1.70998,-0.020484,0.584569,1.72952
466,1,-0.0175077,0.440635,1.70957,-0.020484,0.584569,1.72952
467,1,-0.0196881,0.438758,1.70602,-0.020484,0.584569,1.72952
468,1,-0.0198552,0.438559,1.70469,-0.020484,0.584569,1.72952
469,1,-0.0210315,0.436821,1.70208,-0.020484,0.584569,1.72952
470,1,-0.0229037,0.435122,1.69817,-0.020484,0.584569,1.72952
471,1,-0.0253365,0.432793,1.69378,-0.020484,0.584569,1.72952
472,1,-0.0284144,0.429252,1.68872,-0.020484,0.584569,1.72952
473,1,-0.0304645,0.424167,1.6785,-0.020484,0.584569,1.72952
474,1,-0.0343478,0.417007,1.67225,-0.020484,0.584569,1.72952
475,1,-0.0361657,0.407299,1.6596,-0.020484,0.584569,1.72952
476,1,-0.0420415,0.396612,1.64859,-0.020484,0.584569,1.72952
477,1,-0.0451836,0.382569,1.63184,-0.020484,0.584569,1.72952
478,1,-0.0485698,0.359419,1.61233,-0.020484,0.584569,1.72952
479,1,-0.0568405,0.329726,1.58989,-0.020484,0.584569,1.72952
480,1,-0.0614833,0.293602,1.56289,-0.020484,0.584569,1.72952
481,1,-0.0817329,0.257549,1.53997,-0.020484,0.584569,1.72952
482,1,-0.0995835,0.216602,1.51826,-0.020484,0.584569,1.72952
483,1,-0.121985,0.169034,1.50265,-0.020484,0.584569,1.72952
484,1,-0.143587,0.11853,1.48045,-0.020484,0.584569,1.72952
485,1,-0.169007,0.0736717,1.47796,-0.020484,0.584569,1.72952
486,1,-0.197008,0.0261035,1.4747,-0.020484,0.584569,1.72952
487,1,-0.231331,-0.018245,1.4677,-0.020484,0.584569,1.72952
488,1,-0.260774,-0.064165,1.46472,-0.020484,0.584569,1.72952
489,1,-0.287663,-0.11162,1.47481,-0.020484,0.584569,1.72952
490,1,-0.306928,-0.152374,1.48694,-0.020484,0.584569,1.72952
491,1,-0.328135,-0.18434,1.49367,-0.020484,0.584569,1.72952
492,1,-0.350187,-0.213023,1.49462,-0.020484,0.584569,1.72952
493,1,-0.368568,-0.236309,1.49604,-0.020484,0.584569,1.72952
494,1,-0.38411,-0.256923,1.49758,-0.020484,0.584569,1.72952
495,1,-0.39729,-0.275172,1.49635,-0.020484,0.584569,1.72952
496,1,-0.410343,-0.28961,1.49419,-0.020484,0.584569,1.72952
497,1,-0.422863,-0.303687,1.49502,-0.020484,0.584569,1.72952
498,1,-0.432835,-0.315418,1.49395,-0.020484,0.584569,1.72952
499,1,-0.439593,-0.327216,1.49231,-0.020484,0.584569,1.72952
500,1,-0.445635,-0.337039,1.48818,-0.020484,0.584569,1.72952
501,1,-0.450685,-0.343913,1.49036,-0.020484,0.584569,1.72952
502,1,-0.451105,-0.352087,1.48806,-0.020484,0.584569,1.72952
503,1,-0.452243,-0.357053,1.49011,-0.020484,0.584569,1.72952
504,1,-0.450951,-0.360696,1.48857,-0.020484,0.584569,1.72952
505,1,-0.451006,-0.361519,1.48888,-0.020484,0.584569,1.72952
506,1,-0.450911,-0.362049,1.48987,-0.020484,0.584569,1.72952
507,1,-0.450922,-0.360983,1.4927,-0.020484,0.584569,1.72952
508,1,-0.450739,-0.360814,1.49565,-0.020484,0.584569,1.72952
509,1,-0.451894,-0.360055,1.49701,-0.020484,0.584569,1.72952
510,1,-0.451241,-0.359364,1.49602,-0.020484,0.584569,1.72952
511,1,-0.451224,-0.358902,1.49818,-0.020484,0.584569,1.72952
512,1,-0.450792,-0.359285,1.49621,-0.020484,0.584569,1.72952
513,1,-0.450426,-0.359199,1.49836,-0.020484,0.584569,1.72952
514,1,-0.448929,-0.359148,1.49791,-0.020484,0.584569,1.72952
515,1,-0.448894,-0.358845,1.50017,-0.020484,0.584569,1.72952
516,1,-0.448109,-0.35964,1.49852,-0.020484,0.584569,1.72952
517,1,-0.449456,-0.358597,1.49939,-0.020484,0.584569,1.72952
518,1,-0.449498,-0.358569,1.49828,-0.020484,0.584569,1.72952
519,1,-0.449145,-0.359213,1.49734,-0.020484,0.584569,1.72952
520,1,-0.448047,-0.359258,1.49654,-0.020484,0.584569,1.72952
521,1,-0.447457,-0.359387,1.49707,-0.020484,0.584569,1.72952
522,1,-0.446467,-0.359458,1.49582,-0.020484,0.584569,1.72952
523,0,-0.447521,-0.359203,1.49669,-0.020484,0.584569,1.72952
524,0,-0.447942,-0.359445,1.49714,-0.020484,0.584569,1.72952
525,0,-0.447974,-0.359481,1.49756,-0.020484,0.584569,1.72952
526,0,-0.448731,-0.360112,1.49808,-0.020484,0.584569,1.72952
527,0,-0.448706,-0.359822,1.49836,-0.020484,0.584569,1.72952
528,0,-0.448045,-0.359204,1.49664,-0.020484,0.584569,1.72952
529,0,-0.447614,-0.35961,1.49594,-0.020484,0.584569,1.72952
530,0,-0.447538,-0.359054,1.49614,-0.020484,0.584569,1.72952
531,0,-0.448146,-0.359913,1.49762,-0.020484,0.584569,1.72952
532,0,-0.448185,-0.359647,1.49773,-0.020484,0.584569,1.72952
533,0,-0.448618,-0.359689,1.49793,-0.020484,0.584569,1.72952
534,0,-0.448449,-0.359867,1.49764,-0.020484,0.584569,1.72952
535,0,-0.448039,-0.359473,1.49604,-0.020484,0.584569,1.72952
536,0,-0.447905,-0.359018,1.49709,-0.020484,0.584569,1.72952
537,0,-0.447529,-0.359475,1.49556,-0.020484,0.584569,1.72952
538,0,-0.447834,-0.35954,1.49751,-0.020484,0.584569,1.72952
539,0,-0.448605,-0.359711,1.49828,-0.020484,0.584569,1.72952
540,0,-0.448693,-0.360189,1.49864,-0.020484,0.584569,1.72952
541,0,-0.448924,-0.359819,1.49907,-0.020484,0.584569,1.72952
542,0,-0.44778,-0.360025,1.49811,-0.020484,0.584569,1.72952
543,0,-0.447667,-0.359934,1.49703,-0.020484,0.584569,1.72952
544,0,-0.447838,-0.359214,1.49685,-0.020484,0.584569,1.72952
545,0,-0.447445,-0.359724,1.49599,-0.020484,0.584569,1.72952
546,0,-0.447995,-0.359427,1.49813,-0.020484,0.584569,1.72952
547,0,-0.44819,-0.359639,1.49701,-0.020484,0.584569,1.72952
548,0,-0.44931,-0.360659,1.49961,-0.020484,0.584569,1.72952
549,0,-0.448653,-0.359423,1.49862,-0.020484,0.584569,1.72952
550,0,-0.448098,-0.359291,1.49754,-0.020484,0.584569,1.72952
551,0,-0.448184,-0.359528,1.49767,-0.020484,0.584569,1.72952
552,0,-0.447754,-0.359165,1.49611,-0.020484,0.584569,1.72952
553,0,-0.447666,-0.359293,1.49673,-0.020484,0.584569,1.72952
554,0,-0.447979,-0.359607,1.49683,-0.020484,0.584569,1.72952
555,0,-0.448594,-0.360208,1.49905,-0.020484,0.584569,1.72952
556,0,-0.448064,-0.359657,1.49782,-0.020484,0.584569,1.72952
557,0,-0.448067,-0.359527,1.49597,-0.020484,0.584569,1.72952
558,0,-0.448116,-0.359623,1.49721,-0.020484,0.584569,1.72952
559,0,-0.448226,-0.359074,1.49793,-0.020484,0.584569,1.72952
560,0,-0.448203,-0.359757,1.49748,-0.020484,0.584569,1.72952
561,0,-0.448135,-0.359657,1.4973,-0.020484,0.584569,1.72952
562,0,-0.44782,-0.359899,1.49809,-0.020484,0.584569,1.72952
563,0,-0.448265,-0.359319,1.49644,-0.020484,0.584569,1.72952
564,0,-0.44809,-0.359687,1.4975,-0.020484,0.584569,1.72952
565,0,-0.448426,-0.359616,1.49823,-0.020484,0.584569,1.72952
566,0,-0.448252,-0.359242,1.49715,-0.020484,0.584569,1.72952
567,0,-0.447753,-0.359498,1.49723,-0.020484,0.584569,1.72952
568,0,-0.44873,-0.359834,1.49869,-0.020484,0.584569,1.72952
569,0,-0.448262,-0.359998,1.49875,-0.020484,0.584569,1.72952
570,0,-0.447971,-0.359383,1.49674,-0.020484,0.584569,1.72952
571,0,-0.448713,-0.360085,1.4986,-0.020484,0.584569,1.72952
572,0,-0.448001,-0.359018,1.49713,-0.020484,0.584569,1.72952
573,0,-0.448215,-0.359904,1.49788,-0.020484,0.584569,1.72952
574,0,-0.447967,-0.35947,1.49757,-0.020484,0.584569,1.72952
575,0,-0.448874,-0.360077,1.4991,-0.020484,0.584569,1.72952
576,0,-0.448194,-0.359967,1.49727,-0.020484,0.584569,1.72952
577,0,-0.447685,-0.359374,1.49583,-0.020484,0.584569,1.72952
578,0,-0.448088,-0.360116,1.49828,-0.020484,0.584569,1.72952
579,0,-0.448138,-0.359644,1.49757,-0.020484,0.584569,1.72952
580,0,-0.447883,-0.359088,1.49669,-0.020484,0.584569,1.72952
581,0,-0.446182,-0.359538,1.49643,-0.020484,0.584569,1.72952
582,0,-0.448766,-0.359791,1.49882,-0.020484,0.584569,1.72952
583,0,-0.448315,-0.359511,1.49777,-0.020484,0.584569,1.72952
584,0,-0.447859,-0.359656,1.49803,-0.020484,0.584569,1.72952
585,0,-0.448164,-0.359686,1.49751,-0.020484,0.584569,1.72952
586,0,-0.447462,-0.35986,1.49748,-0.020484,0.584569,1.72952
587,0,-0.447831,-0.359497,1.49728,-0.020484,0.584569,1.72952
588,0,-0.448609,-0.359568,1.49796,-0.020484,0.584569,1.72952
589,0,-0.44799,-0.359984,1.49629,-0.020484,0.584569,1.72952
590,0,-0.447983,-0.359628,1.49826,-0.020484,0.584569,1.72952
591,0,-0.448148,-0.360124,1.49831,-0.020484,0.584569,1.72952
592,0,-0.447608,-0.359361,1.49694,-0.020484,0.584569,1.72952
593,0,-0.448006,-0.359644,1.49684,-0.020484,0.584569,1.72952
594,0,-0.447619,-0.359522,1.49744,-0.020484,0.584569,1.72952
595,0,-0.448129,-0.359957,1.49875,-0.020484,0.584569,1.72952
596,0,-0.448203,-0.360067,1.49809,-0.020484,0.584569,1.72952
597,0,-0.448698,-0.359677,1.49884,-0.020484,0.584569,1.72952
598,0,-0.447775,-0.359486,1.49734,-0.020484,0.584569,1.72952
599,0,-0.447752,-0.360007,1.49764,-0.020484,0.584569,1.72952
600,0,-0.447201,-0.359351,1.49684,-0.020484,0.584569,1.72952
601,0,-0.448337,-0.359832,1.498,-0.020484,0.584569,1.72952
602,0,-0.447708,-0.359152,1.49692,-0.020484,0.584569,1.72952
603,0,-0.447984,-0.360361,1.49853,-0.020484,0.584569,1.72952
604,0,-0.448129,-0.359905,1.49786,-0.020484,0.584569,1.72952
605,0,-0.447809,-0.359165,1.49601,-0.020484,0.584569,1.72952
606,0,-0.448216,-0.358988,1.49747,-0.020484,0.584569,1.72952
607,0,-0.448498,-0.359229,1.49824,-0.020484,0.584569,1.72952
608,0,-0.448353,-0.359674,1.49774,-0.020484,0.584569,1.72952
609,0,-0.447286,-0.359636,1.4974,-0.020484,0.584569,1.72952
610,0,-0.44896,-0.359964,1.49832,-0.020484,0.584569,1.72952
611,0,-0.44832,-0.359153,1.49741,-0.020484,0.584569,1.72952
612,0,-0.448183,-0.359139,1.49817,-0.020484,0.584569,1.72952
613,0,-0.447787,-0.359667,1.49768,-0.020484,0.584569,1.72952
614,0,-0.448203,-0.359758,1.49769,-0.020484,0.584569,1.72952
615,0,-0.448198,-0.358925,1.49781,-0.020484,0.584569,1.72952
616,0,-0.447452,-0.35923,1.49648,-0.020484,0.584569,1.72952
617,0,-0.447952,-0.359465,1.49728,-0.020484,0.584569,1.72952
618,0,-0.448232,-0.359753,1.49683,-0.020484,0.584569,1.72952
619,0,-0.447789,-0.359518,1.49588,-0.020484,0.584569,1.72952
620,0,-0.447737,-0.359598,1.49718,-0.020484,0.584569,1.72952
621,0,-0.447852,-0.359603,1.49759,-0.020484,0.584569,1.72952
622,0,-0.448113,-0.359024,1.49718,-0.020484,0.584569,1.72952
623,0,-0.447773,-0.359365,1.49637,-0.020484,0.584569,1.72952
624,0,-0.44789,-0.359523,1.49756,-0.020484,0.584569,1.72952
626,0,-0.447687,-0.359877,1.49661,-0.020484,0.584569,1.72952
627,0,-0.448187,-0.359411,1.49746,-0.020484,0.584569,1.72952
628,0,-0.448102,-0.359537,1.49733,-0.020484,0.584569,1.72952
629,0,-0.447171,-0.359523,1.49683,-0.020484,0.584569,1.72952
630,0,-0.448202,-0.359653,1.49659,-0.020484,0.584569,1.72952
631,0,-0.447693,-0.359285,1.49597,-0.020484,0.584569,1.72952
632,0,-0.448207,-0.359371,1.49662,-0.020484,0.584569,1.72952
633,0,-0.448076,-0.359684,1.49782,-0.020484,0.584569,1.72952
