51,0,0.477923,-0.198753,1.86597,-0.0271713,0.4907,1.77956
52,0,0.477818,-0.200733,1.86381,-0.0271713,0.4907,1.77956
53,0,0.478065,-0.199151,1.86599,-0.0271713,0.4907,1.77956
54,0,0.478386,-0.201024,1.86265,-0.0271713,0.4907,1.77956
55,0,0.478331,-0.200301,1.86505,-0.0271713,0.4907,1.77956
56,0,0.480097,-0.200196,1.86518,-0.0271713,0.4907,1.77956
57,0,0.477422,-0.197677,1.86993,-0.0271713,0.4907,1.77956
58,0,0.477201,-0.197775,1.86912,-0.0271713,0.4907,1.77956
59,0,0.477261,-0.198492,1.86866,-0.0271713,0.4907,1.77956
60,0,0.477541,-0.198326,1.8689,-0.0271713,0.4907,1.77956
61,0,0.478104,-0.199375,1.86431,-0.0271713,0.4907,1.77956
62,0,0.476898,-0.199831,1.86283,-0.0271713,0.4907,1.77956
63,0,0.478041,-0.200215,1.86416,-0.0271713,0.4907,1.77956
64,0,0.476866,-0.199527,1.86446,-0.0271713,0.4907,1.77956
65,0,0.479548,-0.198177,1.86439,-0.0271713,0.4907,1.77956
66,0,0.478703,-0.20191,1.85907,-0.0271713,0.4907,1.77956
67,0,0.477909,-0.199368,1.86393,-0.0271713,0.4907,1.77956
68,0,0.476831,-0.199138,1.8638,-0.0271713,0.4907,1.77956
69,0,0.478505,-0.199552,1.86434,-0.0271713,0.4907,1.77956
70,0,0.479664,-0.198533,1.86448,-0.0271713,0.4907,1.77956
71,0,0.477659,-0.199764,1.86316,-0.0271713,0.4907,1.77956
72,0,0.476864,-0.198111,1.86532,-0.0271713,0.4907,1.77956
73,0,0.476933,-0.198592,1.86579,-0.0271713,0.4907,1.77956
74,0,0.478143,-0.200284,1.86419,-0.0271713,0.4907,1.77956
75,0,0.475786,-0.19872,1.86335,-0.0271713,0.4907,1.77956
76,0,0.477041,-0.198274,1.86751,-0.0271713,0.4907,1.77956
77,0,0.477224,-0.201048,1.8612,-0.0271713,0.4907,1.77956
78,0,0.478201,-0.199716,1.86328,-0.0271713,0.4907,1.77956
79,0,0.476986,-0.199317,1.86438,-0.0271713,0.4907,1.77956
80,0,0.476546,-0.198664,1.86461,-0.0271713,0.4907,1.77956
81,0,0.477121,-0.199573,1.86437,-0.0271713,0.4907,1.77956
82,0,0.476144,-0.198353,1.86421,-0.0271713,0.4907,1.77956
83,0,0.476904,-0.199539,1.86312,-0.0271713,0.4907,1.77956
84,0,0.478378,-0.199555,1.86478,-0.0271713,0.4907,1.77956
85,0,0.477116,-0.198241,1.8627,-0.0271713,0.4907,1.77956
86,0,0.477609,-0.198526,1.8654,-0.0271713,0.4907,1.77956
87,0,0.478452,-0.19884,1.86504,-0.0271713,0.4907,1.77956
88,0,0.478985,-0.198479,1.86234,-0.0271713,0.4907,1.77956
89,0,0.478239,-0.200327,1.86145,-0.0271713,0.4907,1.77956
90,0,0.478574,-0.197615,1.86806,-0.0271713,0.4907,1.77956
91,0,0.469928,-0.19399,1.84142,-0.0271713,0.4907,1.77956
92,0,0.471381,-0.195138,1.84062,-0.0271713,0.4907,1.77956
93,0,0.470042,-0.195353,1.83951,-0.0271713,0.4907,1.77956
94,0,0.469676,-0.193817,1.84361,-0.0271713,0.4907,1.77956
95,0,0.469841,-0.194562,1.84329,-0.0271713,0.4907,1.77956
96,0,0.469691,-0.193791,1.84292,-0.0271713,0.4907,1.77956
97,0,0.470714,-0.195263,1.83919,-0.0271713,0.4907,1.77956
98,0,0.470751,-0.196285,1.83892,-0.0271713,0.4907,1.77956
99,0,0.471043,-0.195748,1.83594,-0.0271713,0.4907,1.77956
100,0,0.470348,-0.196662,1.83863,-0.0271713,0.4907,1.77956
101,0,0.471007,-0.19635,1.83697,-0.0271713,0.4907,1.77956
102,0,0.469942,-0.195489,1.83872,-0.0271713,0.4907,1.77956
103,0,0.470242,-0.195977,1.8387,-0.0271713,0.4907,1.77956
104,0,0.471488,-0.196637,1.83818,-0.0271713,0.4907,1.77956
105,0,0.469957,-0.19527,1.83746,-0.0271713,0.4907,1.77956
106,0,0.47107,-0.196181,1.83564,-0.0271713,0.4907,1.77956
107,0,0.468981,-0.193517,1.83986,-0.0271713,0.4907,1.77956
108,0,0.47566,-0.19882,1.82918,-0.0271713,0.4907,1.77956
109,0,0.475112,-0.195355,1.81801,-0.0271713,0.4907,1.77956
110,1,0.469539,-0.196623,1.82646,-0.0271713,0.4907,1.77956
111,1,0.466861,-0.193714,1.82811,-0.0271713,0.4907,1.77956
112,1,0.466974,-0.192441,1.82708,-0.0271713,0.4907,1.77956
113,1,0.466639,-0.191893,1.8268,-0.0271713,0.4907,1.77956
114,1,0.465697,-0.193083,1.82542,-0.0271713,0.4907,1.77956
115,1,0.469523,-0.194251,1.82934,-0.0271713,0.4907,1.77956
116,1,0.469122,-0.192344,1.82544,-0.0271713,0.4907,1.77956
117,1,0.467268,-0.19394,1.8282,-0.0271713,0.4907,1.77956
118,1,0.469733,-0.194088,1.83109,-0.0271713,0.4907,1.77956
119,1,0.469666,-0.193954,1.82838,-0.0271713,0.4907,1.77956
120,1,0.469943,-0.193417,1.82879,-0.0271713,0.4907,1.77956
121,1,0.470591,-0.193003,1.82909,-0.0271713,0.4907,1.77956
122,1,0.466541,-0.192581,1.82725,-0.0271713,0.4907,1.77956
123,1,0.468129,-0.193715,1.82379,-0.0271713,0.4907,1.77956
124,1,0.467248,-0.194209,1.82644,-0.0271713,0.4907,1.77956
125,1,0.468327,-0.19356,1.82622,-0.0271713,0.4907,1.77956
126,1,0.470403,-0.193191,1.82502,-0.0271713,0.4907,1.77956
127,1,0.474962,-0.195162,1.82243,-0.0271713,0.4907,1.77956
128,1,0.475131,-0.19582,1.82757,-0.0271713,0.4907,1.77956
129,1,0.477542,-0.193632,1.82826,-0.0271713,0.4907,1.77956
130,1,0.479893,-0.194203,1.82906,-0.0271713,0.4907,1.77956
131,1,0.48033,-0.195844,1.83358,-0.0271713,0.4907,1.77956
132,1,0.483147,-0.191334,1.83215,-0.0271713,0.4907,1.77956
133,1,0.472569,-0.190689,1.82789,-0.0271713,0.4907,1.77956
134,1,0.47973,-0.183664,1.83005,-0.0271713,0.4907,1.77956
135,1,0.476762,-0.180351,1.82717,-0.0271713,0.4907,1.77956
136,1,0.467899,-0.174685,1.81668,-0.0271713,0.4907,1.77956
137,1,0.461172,-0.171645,1.80764,-0.0271713,0.4907,1.77956
138,1,0.449819,-0.171637,1.80144,-0.0271713,0.4907,1.77956
139,1,0.438191,-0.171143,1.79667,-0.0271713,0.4907,1.77956
140,1,0.42074,-0.173516,1.78477,-0.0271713,0.4907,1.77956
141,1,0.399877,-0.177631,1.77212,-0.0271713,0.4907,1.77956
142,1,0.377581,-0.185092,1.76218,-0.0271713,0.4907,1.77956
143,1,0.352821,-0.188944,1.75873,-0.0271713,0.4907,1.77956
144,1,0.327761,-0.19494,1.75106,-0.0271713,0.4907,1.77956
145,1,0.299769,-0.203613,1.74617,-0.0271713,0.4907,1.77956
146,1,0.270174,-0.216335,1.73437,-0.0271713,0.4907,1.77956
147,1,0.238502,-0.229603,1.72186,-0.0271713,0.4907,1.77956
148,1,0.200109,-0.241803,1.71709,-0.0271713,0.4907,1.77956
149,1,0.160885,-0.250731,1.70651,-0.0271713,0.4907,1.77956
150,1,0.128026,-0.261253,1.69936,-0.0271713,0.4907,1.77956
151,1,0.0985177,-0.268637,1.6976,-0.0271713,0.4907,1.77956
152,1,0.0728906,-0.273468,1.69513,-0.0271713,0.4907,1.77956
153,1,0.0505144,-0.278723,1.69626,-0.0271713,0.4907,1.77956
154,1,0.0323422,-0.283084,1.69926,-0.0271713,0.4907,1.77956
155,1,0.0200119,-0.287401,1.70066,-0.0271713,0.4907,1.77956
156,1,0.0122667,-0.291558,1.70832,-0.0271713,0.4907,1.77956
157,1,0.00760382,-0.295694,1.71318,-0.0271713,0.4907,1.77956
158,1,0.00759727,-0.298969,1.71898,-0.0271713,0.4907,1.77956
159,1,0.00804684,-0.300228,1.71937,-0.0271713,0.4907,1.77956
160,1,0.0128597,-0.300997,1.72137,-0.0271713,0.4907,1.77956
161,1,0.0135277,-0.299374,1.72136,-0.0271713,0.4907,1.77956
162,1,0.0114362,-0.298956,1.7256,-0.0271713,0.4907,1.77956
163,1,0.0151624,-0.299439,1.72662,-0.0271713,0.4907,1.77956
164,1,0.0206345,-0.299241,1.73291,-0.0271713,0.4907,1.77956
165,1,0.0307735,-0.296125,1.74222,-0.0271713,0.4907,1.77956
166,1,0.0366733,-0.294193,1.75197,-0.0271713,0.4907,1.77956
167,1,0.0449444,-0.292853,1.75979,-0.0271713,0.4907,1.77956
168,1,0.0508993,-0.28992,1.76578,-0.0271713,0.4907,1.77956
169,1,0.0601344,-0.286395,1.77136,-0.0271713,0.4907,1.77956
170,1,0.066304,-0.283788,1.78559,-0.0271713,0.4907,1.77956
171,1,0.0699335,-0.280195,1.79604,-0.0271713,0.4907,1.77956
172,1,0.0744396,-0.275777,1.8084,-0.0271713,0.4907,1.77956
173,1,0.0794868,-0.27149,1.82124,-0.0271713,0.4907,1.77956
174,1,0.0820771,-0.270607,1.82845,-0.0271713,0.4907,1.77956
175,1,0.0844479,-0.266811,1.83662,-0.0271713,0.4907,1.77956
176,1,0.0908375,-0.268266,1.84756,-0.0271713,0.4907,1.77956
177,1,0.0826901,-0.2612,1.84665,-0.0271713,0.4907,1.77956
178,1,0.0789985,-0.257968,1.84697,-0.0271713,0.4907,1.77956
179,1,0.0777817,-0.25541,1.84189,-0.0271713,0.4907,1.77956
180,1,0.0689848,-0.253265,1.833,-0.0271713,0.4907,1.77956
181,1,0.058532,-0.256573,1.81928,-0.0271713,0.4907,1.77956
182,1,0.0356606,-0.258837,1.80234,-0.0271713,0.4907,1.77956
183,1,0.0156643,-0.262692,1.78522,-0.0271713,0.4907,1.77956
184,1,-0.00984638,-0.266553,1.76485,-0.0271713,0.4907,1.77956
185,1,-0.0346367,-0.271971,1.75172,-0.0271713,0.4907,1.77956
186,1,-0.0577896,-0.275053,1.73704,-0.0271713,0.4907,1.77956
187,1,-0.0771704,-0.278349,1.73802,-0.0271713,0.4907,1.77956
188,1,-0.0881749,-0.283163,1.7292,-0.0271713,0.4907,1.77956
189,1,-0.0926265,-0.291115,1.72992,-0.0271713,0.4907,1.77956
190,1,-0.100655,-0.292334,1.73268,-0.0271713,0.4907,1.77956
191,1,-0.0952247,-0.295725,1.73028,-0.0271713,0.4907,1.77956
192,1,-0.0928854,-0.296201,1.73236,-0.0271713,0.4907,1.77956
193,1,-0.0843099,-0.295373,1.73657,-0.0271713,0.4907,1.77956
194,1,-0.0728493,-0.296039,1.74056,-0.0271713,0.4907,1.77956
195,1,-0.0613259,-0.29238,1.74548,-0.0271713,0.4907,1.77956
196,1,-0.047983,-0.292523,1.74649,-0.0271713,0.4907,1.77956
197,1,-0.0362024,-0.2908,1.75364,-0.0271713,0.4907,1.77956
198,1,-0.0238267,-0.288921,1.76439,-0.0271713,0.4907,1.77956
199,1,-0.0125033,-0.287811,1.77391,-0.0271713,0.4907,1.77956
200,1,-0.000620134,-0.284603,1.78604,-0.0271713,0.4907,1.77956
201,1,0.0131589,-0.281418,1.79387,-0.0271713,0.4907,1.77956
202,1,0.0243664,-0.277996,1.80133,-0.0271713,0.4907,1.77956
203,1,0.0343525,-0.276828,1.80974,-0.0271713,0.4907,1.77956
204,1,0.0432189,-0.273404,1.81828,-0.0271713,0.4907,1.77956
205,1,0.0486159,-0.27328,1.82665,-0.0271713,0.4907,1.77956
206,1,0.0528547,-0.269077,1.82986,-0.0271713,0.4907,1.77956
207,1,0.0533351,-0.266735,1.83065,-0.0271713,0.4907,1.77956
208,1,0.0563432,-0.264625,1.82683,-0.0271713,0.4907,1.77956
209,1,0.0498934,-0.261873,1.81779,-0.0271713,0.4907,1.77956
210,1,0.0378716,-0.264477,1.80061,-0.0271713,0.4907,1.77956
211,1,0.0237718,-0.265781,1.78898,-0.0271713,0.4907,1.77956
212,1,-0.00405262,-0.264956,1.77799,-0.0271713,0.4907,1.77956
213,1,-0.0264965,-0.272001,1.7547,-0.0271713,0.4907,1.77956
214,1,-0.0549438,-0.274887,1.74244,-0.0271713,0.4907,1.77956
215,1,-0.0776474,-0.277159,1.74301,-0.0271713,0.4907,1.77956
216,1,-0.0994798,-0.282076,1.74085,-0.0271713,0.4907,1.77956
217,1,-0.11572,-0.285748,1.74183,-0.0271713,0.4907,1.77956
218,1,-0.129494,-0.288658,1.74296,-0.0271713,0.4907,1.77956
219,1,-0.135869,-0.293637,1.74357,-0.0271713,0.4907,1.77956
220,1,-0.141443,-0.2924,1.74775,-0.0271713,0.4907,1.77956
221,1,-0.136307,-0.296513,1.74227,-0.0271713,0.4907,1.77956
222,1,-0.133569,-0.295867,1.74289,-0.0271713,0.4907,1.77956
223,1,-0.126369,-0.293125,1.74545,-0.0271713,0.4907,1.77956
224,1,-0.113506,-0.291176,1.74589,-0.0271713,0.4907,1.77956
225,1,-0.100531,-0.291564,1.74964,-0.0271713,0.4907,1.77956
226,1,-0.0860416,-0.290863,1.75167,-0.0271713,0.4907,1.77956
227,1,-0.0675819,-0.28809,1.75238,-0.0271713,0.4907,1.77956
228,1,-0.0482106,-0.287613,1.75491,-0.0271713,0.4907,1.77956
229,1,-0.0309996,-0.288039,1.76612,-0.0271713,0.4907,1.77956
230,1,-0.0126964,-0.287745,1.77859,-0.0271713,0.4907,1.77956
231,1,0.00561305,-0.285895,1.7942,-0.0271713,0.4907,1.77956
232,1,0.023922,-0.281021,1.80193,-0.0271713,0.4907,1.77956
233,1,0.0359632,-0.276195,1.81545,-0.0271713,0.4907,1.77956
234,1,0.0453363,-0.272859,1.82778,-0.0271713,0.4907,1.77956
235,1,0.0467548,-0.271098,1.83354,-0.0271713,0.4907,1.77956
236,1,0.0479102,-0.266756,1.84451,-0.0271713,0.4907,1.77956
237,1,0.0438422,-0.26491,1.85384,-0.0271713,0.4907,1.77956
238,1,0.0351579,-0.261868,1.85544,-0.0271713,0.4907,1.77956
239,1,0.0241529,-0.264395,1.85385,-0.0271713,0.4907,1.77956
240,1,0.00628956,-0.261531,1.85821,-0.0271713,0.4907,1.77956
241,1,-0.00734858,-0.266337,1.85447,-0.0271713,0.4907,1.77956
242,1,-0.025126,-0.264639,1.84593,-0.0271713,0.4907,1.77956
243,1,-0.0441444,-0.265315,1.83752,-0.0271713,0.4907,1.77956
244,1,-0.0635678,-0.268757,1.84071,-0.0271713,0.4907,1.77956
245,1,-0.0782541,-0.271255,1.83343,-0.0271713,0.4907,1.77956
246,1,-0.094876,-0.27176,1.82867,-0.0271713,0.4907,1.77956
247,1,-0.109408,-0.272555,1.82327,-0.0271713,0.4907,1.77956
248,1,-0.125264,-0.273623,1.82171,-0.0271713,0.4907,1.77956
249,1,-0.132655,-0.277839,1.81339,-0.0271713,0.4907,1.77956
250,1,-0.141032,-0.275988,1.81059,-0.0271713,0.4907,1.77956
251,1,-0.145594,-0.276898,1.80201,-0.0271713,0.4907,1.77956
252,1,-0.14252,-0.278164,1.79483,-0.0271713,0.4907,1.77956
253,1,-0.138165,-0.280317,1.78963,-0.0271713,0.4907,1.77956
254,1,-0.132398,-0.279487,1.78971,-0.0271713,0.4907,1.77956
255,1,-0.117981,-0.279267,1.78583,-0.0271713,0.4907,1.77956
256,1,-0.104076,-0.281036,1.78478,-0.0271713,0.4907,1.77956
257,1,-0.0863434,-0.279972,1.78451,-0.0271713,0.4907,1.77956
258,1,-0.070297,-0.279722,1.78619,-0.0271713,0.4907,1.77956
259,1,-0.0536268,-0.279375,1.78903,-0.0271713,0.4907,1.77956
260,1,-0.0415085,-0.279533,1.79535,-0.0271713,0.4907,1.77956
261,1,-0.0283672,-0.276184,1.80532,-0.0271713,0.4907,1.77956
262,1,-0.0183916,-0.275531,1.815,-0.0271713,0.4907,1.77956
263,1,-0.0147151,-0.273398,1.82258,-0.0271713,0.4907,1.77956
264,1,-0.0114644,-0.271574,1.82666,-0.0271713,0.4907,1.77956
265,1,-0.0119772,-0.267057,1.8279,-0.0271713,0.4907,1.77956
266,1,-0.0144157,-0.263167,1.83067,-0.0271713,0.4907,1.77956
267,1,-0.0226242,-0.260807,1.8359,-0.0271713,0.4907,1.77956
268,1,-0.0337092,-0.263611,1.8382,-0.0271713,0.4907,1.77956
269,1,-0.0417112,-0.263696,1.83357,-0.0271713,0.4907,1.77956
270,1,-0.0477249,-0.261933,1.83382,-0.0271713,0.4907,1.77956
271,1,-0.0581171,-0.262436,1.83993,-0.0271713,0.4907,1.77956
272,1,-0.0712937,-0.265513,1.84385,-0.0271713,0.4907,1.77956
273,1,-0.0800244,-0.266472,1.84433,-0.0271713,0.4907,1.77956
274,1,-0.0895268,-0.26631,1.8435,-0.0271713,0.4907,1.77956
275,1,-0.100247,-0.266332,1.84413,-0.0271713,0.4907,1.77956
276,1,-0.107843,-0.266058,1.84666,-0.0271713,0.4907,1.77956
277,1,-0.116624,-0.267103,1.84736,-0.0271713,0.4907,1.77956
278,1,-0.124881,-0.267743,1.84731,-0.0271713,0.4907,1.77956
279,1,-0.134353,-0.266425,1.84862,-0.0271713,0.4907,1.77956
280,1,-0.142704,-0.267495,1.85137,-0.0271713,0.4907,1.77956
281,1,-0.151333,-0.265184,1.85,-0.0271713,0.4907,1.77956
282,1,-0.157011,-0.261588,1.84254,-0.0271713,0.4907,1.77956
283,1,-0.160226,-0.256671,1.83659,-0.0271713,0.4907,1.77956
284,1,-0.162868,-0.249276,1.82668,-0.0271713,0.4907,1.77956
285,1,-0.162851,-0.241075,1.80969,-0.0271713,0.4907,1.77956
286,1,-0.163839,-0.225548,1.7948,-0.0271713,0.4907,1.77956
287,1,-0.16564,-0.211315,1.7796,-0.0271713,0.4907,1.77956
288,1,-0.166479,-0.194302,1.76226,-0.0271713,0.4907,1.77956
289,1,-0.16668,-0.17853,1.74333,-0.0271713,0.4907,1.77956
290,1,-0.170067,-0.159182,1.7256,-0.0271713,0.4907,1.77956
291,1,-0.176089,-0.135329,1.71002,-0.0271713,0.4907,1.77956
292,1,-0.179504,-0.111182,1.69337,-0.0271713,0.4907,1.77956
293,1,-0.184294,-0.0859088,1.67782,-0.0271713,0.4907,1.77956
294,1,-0.187058,-0.0577352,1.6637,-0.0271713,0.4907,1.77956
295,1,-0.196024,-0.0297343,1.65495,-0.0271713,0.4907,1.77956
296,1,-0.20843,-0.00353503,1.65105,-0.0271713,0.4907,1.77956
297,1,-0.221017,0.0214531,1.64526,-0.0271713,0.4907,1.77956
298,1,-0.233291,0.0437875,1.63331,-0.0271713,0.4907,1.77956
299,1,-0.250218,0.0623847,1.62448,-0.0271713,0.4907,1.77956
300,1,-0.267863,0.0769614,1.62586,-0.0271713,0.4907,1.77956
301,1,-0.291922,0.0853411,1.63068,-0.0271713,0.4907,1.77956
302,1,-0.319826,0.0884739,1.63698,-0.0271713,0.4907,1.77956
303,1,-0.341365,0.0885599,1.64044,-0.0271713,0.4907,1.77956
304,1,-0.376777,0.0932405,1.68158,-0.0271713,0.4907,1.77956
305,1,-0.399163,0.0794235,1.6868,-0.0271713,0.4907,1.77956
306,1,-0.413688,0.0626573,1.67388,-0.0271713,0.4907,1.77956
307,1,-0.456979,0.0556441,1.70986,-0.0271713,0.4907,1.77956
308,1,-0.461512,0.0478487,1.75311,-0.0271713,0.4907,1.77956
309,1,-0.487931,0.0312096,1.74994,-0.0271713,0.4907,1.77956
310,1,-0.504318,0.0102986,1.74178,-0.0271713,0.4907,1.77956
311,1,-0.512923,-0.0142814,1.75685,-0.0271713,0.4907,1.77956
312,1,-0.528501,-0.0450314,1.75987,-0.0271713,0.4907,1.77956
313,1,-0.539354,-0.0570567,1.77657,-0.0271713,0.4907,1.77956
314,1,-0.548662,-0.088429,1.776,-0.0271713,0.4907,1.77956
315,1,-0.549014,-0.0994627,1.79839,-0.0271713,0.4907,1.77956
316,1,-0.550704,-0.118363,1.80445,-0.0271713,0.4907,1.77956
317,1,-0.557567,-0.146913,1.8041,-0.0271713,0.4907,1.77956
318,1,-0.555925,-0.153524,1.82311,-0.0271713,0.4907,1.77956
319,1,-0.560122,-0.17609,1.81839,-0.0271713,0.4907,1.77956
320,1,-0.560202,-0.190313,1.81995,-0.0271713,0.4907,1.77956
321,1,-0.559533,-0.212195,1.81313,-0.0271713,0.4907,1.77956
322,1,-0.553662,-0.212172,1.82582,-0.0271713,0.4907,1.77956
323,1,-0.555762,-0.223562,1.82677,-0.0271713,0.4907,1.77956
324,1,-0.550776,-0.225721,1.83436,-0.0271713,0.4907,1.77956
325,1,-0.552391,-0.234523,1.83602,-0.0271713,0.4907,1.77956
326,1,-0.546584,-0.240842,1.83132,-0.0271713,0.4907,1.77956
327,1,-0.543941,-0.244911,1.82967,-0.0271713,0.4907,1.77956
328,1,-0.541151,-0.244259,1.8315,-0.0271713,0.4907,1.77956
329,1,-0.541128,-0.244888,1.8303,-0.0271713,0.4907,1.77956
330,1,-0.54287,-0.243836,1.83122,-0.0271713,0.4907,1.77956
331,1,-0.543849,-0.247975,1.82458,-0.0271713,0.4907,1.77956
332,1,-0.541464,-0.247137,1.82861,-0.0271713,0.4907,1.77956
333,1,-0.540327,-0.246156,1.82688,-0.0271713,0.4907,1.77956
334,1,-0.54146,-0.246297,1.82894,-0.0271713,0.4907,1.77956
335,1,-0.54179,-0.247423,1.82091,-0.0271713,0.4907,1.77956
336,1,-0.541266,-0.248134,1.82087,-0.0271713,0.4907,1.77956
337,1,-0.538725,-0.244772,1.82513,-0.0271713,0.4907,1.77956
338,1,-0.538776,-0.244416,1.82732,-0.0271713,0.4907,1.77956
339,0,-0.540573,-0.247122,1.82821,-0.0271713,0.4907,1.77956
340,0,-0.540809,-0.247591,1.82439,-0.0271713,0.4907,1.77956
341,0,-0.539625,-0.244686,1.83079,-0.0271713,0.4907,1.77956
342,0,-0.538929,-0.245268,1.83049,-0.0271713,0.4907,1.77956
343,0,-0.540942,-0.248655,1.81964,-0.0271713,0.4907,1.77956
344,0,-0.542514,-0.247964,1.82427,-0.0271713,0.4907,1.77956
345,0,-0.540643,-0.248248,1.82459,-0.0271713,0.4907,1.77956
346,0,-0.54193,-0.248279,1.82701,-0.0271713,0.4907,1.77956
347,0,-0.542307,-0.247849,1.82115,-0.0271713,0.4907,1.77956
348,0,-0.538218,-0.245965,1.8296,-0.0271713,0.4907,1.77956
349,0,-0.541599,-0.247242,1.82963,-0.0271713,0.4907,1.77956
350,0,-0.538762,-0.24598,1.82697,-0.0271713,0.4907,1.77956
351,0,-0.538548,-0.245875,1.82742,-0.0271713,0.4907,1.77956
352,0,-0.541411,-0.246916,1.82935,-0.0271713,0.4907,1.77956
353,0,-0.540294,-0.245043,1.83135,-0.0271713,0.4907,1.77956
354,0,-0.540706,-0.247268,1.83047,-0.0271713,0.4907,1.77956
355,0,-0.541679,-0.246971,1.82911,-0.0271713,0.4907,1.77956
356,0,-0.538452,-0.246022,1.8277,-0.0271713,0.4907,1.77956
357,0,-0.538999,-0.24536,1.82802,-0.0271713,0.4907,1.77956
358,0,-0.540276,-0.247978,1.81994,-0.0271713,0.4907,1.77956
359,0,-0.53805,-0.244272,1.83197,-0.0271713,0.4907,1.77956
360,0,-0.539096,-0.246059,1.82745,-0.0271713,0.4907,1.77956
361,0,-0.538125,-0.245163,1.82857,-0.0271713,0.4907,1.77956
362,0,-0.538236,-0.245002,1.82855,-0.0271713,0.4907,1.77956
363,0,-0.538472,-0.245354,1.8272,-0.0271713,0.4907,1.77956
364,0,-0.53858,-0.244778,1.8299,-0.0271713,0.4907,1.77956
365,0,-0.540247,-0.24727,1.82171,-0.0271713,0.4907,1.77956
366,0,-0.539313,-0.245489,1.82897,-0.0271713,0.4907,1.77956
367,0,-0.54039,-0.247302,1.82195,-0.0271713,0.4907,1.77956
368,0,-0.538908,-0.24767,1.82108,-0.0271713,0.4907,1.77956
369,0,-0.539903,-0.245701,1.82775,-0.0271713,0.4907,1.77956
370,0,-0.540388,-0.245628,1.8282,-0.0271713,0.4907,1.77956
371,0,-0.538995,-0.244714,1.8274,-0.0271713,0.4907,1.77956
372,0,-0.540142,-0.246297,1.82281,-0.0271713,0.4907,1.77956
373,0,-0.538674,-0.245223,1.82999,-0.0271713,0.4907,1.77956
374,0,-0.539059,-0.246333,1.82473,-0.0271713,0.4907,1.77956
375,0,-0.540496,-0.246828,1.82273,-0.0271713,0.4907,1.77956
376,0,-0.538374,-0.24679,1.82365,-0.0271713,0.4907,1.77956
377,0,-0.537623,-0.245398,1.82673,-0.0271713,0.4907,1.77956
378,0,-0.5407,-0.247597,1.82302,-0.0271713,0.4907,1.77956
379,0,-0.538184,-0.245896,1.82895,-0.0271713,0.4907,1.77956
380,0,-0.54012,-0.245244,1.82935,-0.0271713,0.4907,1.77956
381,0,-0.54005,-0.246708,1.82564,-0.0271713,0.4907,1.77956
382,0,-0.539228,-0.248034,1.82519,-0.0271713,0.4907,1.77956
383,0,-0.542295,-0.248508,1.82375,-0.0271713,0.4907,1.77956
384,0,-0.541145,-0.247365,1.82435,-0.0271713,0.4907,1.77956
385,0,-0.539663,-0.245545,1.82657,-0.0271713,0.4907,1.77956
386,0,-0.54122,-0.247659,1.82259,-0.0271713,0.4907,1.77956
387,0,-0.539533,-0.245908,1.83026,-0.0271713,0.4907,1.77956
388,0,-0.5432,-0.249778,1.8236,-0.0271713,0.4907,1.77956
389,0,-0.538764,-0.245552,1.82957,-0.0271713,0.4907,1.77956
390,0,-0.5412,-0.248244,1.82479,-0.0271713,0.4907,1.77956
391,0,-0.540778,-0.247747,1.82139,-0.0271713,0.4907,1.77956
392,0,-0.541999,-0.247369,1.82027,-0.0271713,0.4907,1.77956
393,0,-0.53989,-0.247145,1.82149,-0.0271713,0.4907,1.77956
394,0,-0.540698,-0.247213,1.81921,-0.0271713,0.4907,1.77956
395,0,-0.53992,-0.247178,1.82046,-0.0271713,0.4907,1.77956
396,0,-0.542435,-0.247948,1.81865,-0.0271713,0.4907,1.77956
397,0,-0.544101,-0.249954,1.81157,-0.0271713,0.4907,1.77956
398,0,-0.539049,-0.246373,1.82233,-0.0271713,0.4907,1.77956
399,0,-0.539417,-0.246515,1.82354,-0.0271713,0.4907,1.77956
400,0,-0.540256,-0.24572,1.82142,-0.0271713,0.4907,1.77956
401,0,-0.540244,-0.244716,1.82171,-0.0271713,0.4907,1.77956
402,0,-0.538961,-0.246656,1.82291,-0.0271713,0.4907,1.77956
403,0,-0.540267,-0.246646,1.8212,-0.0271713,0.4907,1.77956
404,0,-0.544856,-0.249396,1.81187,-0.0271713,0.4907,1.77956
405,0,-0.539503,-0.246675,1.8203,-0.0271713,0.4907,1.77956
406,0,-0.541268,-0.24639,1.82178,-0.0271713,0.4907,1.77956
407,0,-0.541945,-0.247491,1.82206,-0.0271713,0.4907,1.77956
408,0,-0.540635,-0.246962,1.82137,-0.0271713,0.4907,1.77956
409,0,-0.541918,-0.24714,1.82135,-0.0271713,0.4907,1.77956
410,0,-0.545711,-0.249491,1.81348,-0.0271713,0.4907,1.77956
411,0,-0.543205,-0.249841,1.81354,-0.0271713,0.4907,1.77956
412,0,-0.543533,-0.246924,1.82332,-0.0271713,0.4907,1.77956
413,0,-0.542479,-0.246874,1.82322,-0.0271713,0.4907,1.77956
414,0,-0.541647,-0.247939,1.82169,-0.0271713,0.4907,1.77956
415,0,-0.541263,-0.246086,1.82168,-0.0271713,0.4907,1.77956
416,1,-0.544833,-0.244457,1.82263,-0.0271713,0.4907,1.77956
417,1,-0.543828,-0.244003,1.82236,-0.0271713,0.4907,1.77956
418,1,-0.546561,-0.243613,1.82343,-0.0271713,0.4907,1.77956
419,1,-0.545087,-0.241421,1.82513,-0.0271713,0.4907,1.77956
420,1,-0.546685,-0.243811,1.82188,-0.0271713,0.4907,1.77956
421,1,-0.545495,-0.24277,1.82353,-0.0271713,0.4907,1.77956
422,1,-0.546554,-0.243484,1.82337,-0.0271713,0.4907,1.77956
423,1,-0.545621,-0.241892,1.81941,-0.0271713,0.4907,1.77956
424,1,-0.546805,-0.240461,1.80933,-0.0271713,0.4907,1.77956
425,1,-0.546818,-0.235272,1.80866,-0.0271713,0.4907,1.77956
426,1,-0.541298,-0.229215,1.8085,-0.0271713,0.4907,1.77956
427,1,-0.536209,-0.22475,1.80011,-0.0271713,0.4907,1.77956
428,1,-0.532712,-0.220096,1.79158,-0.0271713,0.4907,1.77956
429,1,-0.534874,-0.216273,1.77369,-0.0271713,0.4907,1.77956
430,1,-0.529422,-0.201759,1.77492,-0.0271713,0.4907,1.77956
431,1,-0.530264,-0.190352,1.76429,-0.0271713,0.4907,1.77956
432,1,-0.525103,-0.175077,1.75024,-0.0271713,0.4907,1.77956
433,1,-0.524395,-0.16086,1.73777,-0.0271713,0.4907,1.77956
434,1,-0.521395,-0.145304,1.72351,-0.0271713,0.4907,1.77956
435,1,-0.51722,-0.13144,1.70951,-0.0271713,0.4907,1.77956
436,1,-0.511663,-0.116496,1.69622,-0.0271713,0.4907,1.77956
437,1,-0.502585,-0.101443,1.67921,-0.0271713,0.4907,1.77956
438,1,-0.492478,-0.086423,1.67091,-0.0271713,0.4907,1.77956
439,1,-0.480175,-0.0743683,1.65045,-0.0271713,0.4907,1.77956
440,1,-0.469799,-0.0622845,1.63902,-0.0271713,0.4907,1.77956
441,1,-0.45522,-0.0530135,1.62538,-0.0271713,0.4907,1.77956
442,1,-0.440573,-0.0455756,1.61215,-0.0271713,0.4907,1.77956
443,1,-0.41926,-0.0385547,1.58763,-0.0271713,0.4907,1.77956
444,1,-0.402145,-0.0310242,1.58472,-0.0271713,0.4907,1.77956
445,1,-0.382211,-0.028612,1.5699,-0.0271713,0.4907,1.77956
446,1,-0.363067,-0.0250911,1.56566,-0.0271713,0.4907,1.77956
447,1,-0.340284,-0.0225724,1.56185,-0.0271713,0.4907,1.77956
448,1,-0.327505,-0.0224214,1.56678,-0.0271713,0.4907,1.77956
449,1,-0.300103,-0.025572,1.5584,-0.0271713,0.4907,1.77956
450,1,-0.276721,-0.0253499,1.55613,-0.0271713,0.4907,1.77956
451,1,-0.251023,-0.0292216,1.54927,-0.0271713,0.4907,1.77956
452,1,-0.220328,-0.0346001,1.54006,-0.0271713,0.4907,1.77956
453,1,-0.193411,-0.0347969,1.53353,-0.0271713,0.4907,1.77956
454,1,-0.167552,-0.0365935,1.53658,-0.0271713,0.4907,1.77956
455,1,-0.137427,-0.036307,1.54376,-0.0271713,0.4907,1.77956
456,1,-0.109819,-0.0415053,1.53541,-0.0271713,0.4907,1.77956
457,1,-0.0823047,-0.0442291,1.53426,-0.0271713,0.4907,1.77956
458,1,-0.0549478,-0.0457571,1.53364,-0.0271713,0.4907,1.77956
459,1,-0.0253811,-0.0466741,1.53407,-0.0271713,0.4907,1.77956
460,1,0.0010722,-0.0486242,1.53608,-0.0271713,0.4907,1.77956
461,1,0.027342,-0.0490709,1.5437,-0.0271713,0.4907,1.77956
462,1,0.0569859,-0.0506202,1.54858,-0.0271713,0.4907,1.77956
463,1,0.0803163,-0.0514635,1.55344,-0.0271713,0.4907,1.77956
464,1,0.106633,-0.052096,1.5614,-0.0271713,0.4907,1.77956
465,1,0.130095,-0.0547352,1.57357,-0.0271713,0.4907,1.77956
466,1,0.15619,-0.0567819,1.58919,-0.0271713,0.4907,1.77956
467,1,0.179955,-0.0573733,1.60246,-0.0271713,0.4907,1.77956
468,1,0.204522,-0.0590685,1.61769,-0.0271713,0.4907,1.77956
469,1,0.22679,-0.0602523,1.62755,-0.0271713,0.4907,1.77956
470,1,0.252201,-0.0673356,1.64085,-0.0271713,0.4907,1.77956
471,1,0.273159,-0.0690169,1.65767,-0.0271713,0.4907,1.77956
472,1,0.290471,-0.0723108,1.67417,-0.0271713,0.4907,1.77956
473,1,0.317635,-0.0750452,1.69265,-0.0271713,0.4907,1.77956
474,1,0.334487,-0.0778932,1.70728,-0.0271713,0.4907,1.77956
475,1,0.360804,-0.0874582,1.72116,-0.0271713,0.4907,1.77956
476,1,0.370453,-0.0934003,1.72945,-0.0271713,0.4907,1.77956
477,1,0.391771,-0.0951283,1.75397,-0.0271713,0.4907,1.77956
478,1,0.407129,-0.100835,1.76573,-0.0271713,0.4907,1.77956
479,1,0.420852,-0.105755,1.77547,-0.0271713,0.4907,1.77956
480,1,0.432403,-0.112223,1.78811,-0.0271713,0.4907,1.77956
481,1,0.450493,-0.121746,1.80169,-0.0271713,0.4907,1.77956
482,1,0.448971,-0.127742,1.80355,-0.0271713,0.4907,1.77956
483,1,0.46194,-0.136307,1.81798,-0.0271713,0.4907,1.77956
484,1,0.477537,-0.144383,1.83234,-0.0271713,0.4907,1.77956
485,1,0.480845,-0.154364,1.83084,-0.0271713,0.4907,1.77956
486,1,0.489615,-0.157383,1.84054,-0.0271713,0.4907,1.77956
487,1,0.497906,-0.162177,1.84689,-0.0271713,0.4907,1.77956
488,1,0.501295,-0.165496,1.8529,-0.0271713,0.4907,1.77956
489,1,0.506287,-0.172259,1.85855,-0.0271713,0.4907,1.77956
490,1,0.506625,-0.183639,1.86157,-0.0271713,0.4907,1.77956
491,1,0.50658,-0.187698,1.86626,-0.0271713,0.4907,1.77956
492,1,0.507539,-0.190213,1.86446,-0.0271713,0.4907,1.77956
493,1,0.503696,-0.195179,1.86408,-0.0271713,0.4907,1.77956
494,1,0.50332,-0.195898,1.86654,-0.0271713,0.4907,1.77956
495,1,0.499485,-0.196967,1.86128,-0.0271713,0.4907,1.77956
496,1,0.497674,-0.195249,1.86242,-0.0271713,0.4907,1.77956
497,1,0.49762,-0.19587,1.86184,-0.0271713,0.4907,1.77956
498,1,0.496546,-0.196629,1.8609,-0.0271713,0.4907,1.77956
499,1,0.503292,-0.196546,1.86932,-0.0271713,0.4907,1.77956
500,1,0.502969,-0.198437,1.87082,-0.0271713,0.4907,1.77956
501,1,0.492119,-0.197105,1.86156,-0.0271713,0.4907,1.77956
502,1,0.485998,-0.198051,1.85903,-0.0271713,0.4907,1.77956
503,1,0.475635,-0.197966,1.85375,-0.0271713,0.4907,1.77956
504,1,0.470021,-0.198646,1.85578,-0.0271713,0.4907,1.77956
505,1,0.483879,-0.196244,1.86645,-0.0271713,0.4907,1.77956
506,1,0.485625,-0.196013,1.86929,-0.0271713,0.4907,1.77956
507,1,0.483946,-0.19261,1.87717,-0.0271713,0.4907,1.77956
508,0,0.484098,-0.191001,1.87532,-0.0271713,0.4907,1.77956
509,0,0.48316,-0.192966,1.87437,-0.0271713,0.4907,1.77956
510,0,0.483639,-0.192952,1.87543,-0.0271713,0.4907,1.77956
511,0,0.482929,-0.194001,1.87471,-0.0271713,0.4907,1.77956
512,0,0.484853,-0.194004,1.87429,-0.0271713,0.4907,1.77956
513,0,0.483143,-0.194981,1.87362,-0.0271713,0.4907,1.77956
514,0,0.482288,-0.193358,1.87643,-0.0271713,0.4907,1.77956
515,0,0.484427,-0.193332,1.87794,-0.0271713,0.4907,1.77956
516,0,0.485732,-0.192581,1.88118,-0.0271713,0.4907,1.77956
517,0,0.482427,-0.193273,1.87438,-0.0271713,0.4907,1.77956
518,0,0.481848,-0.193329,1.87294,-0.0271713,0.4907,1.77956
519,0,0.483183,-0.194287,1.87375,-0.0271713,0.4907,1.77956
520,0,0.483546,-0.192922,1.87521,-0.0271713,0.4907,1.77956
521,0,0.482947,-0.194568,1.87228,-0.0271713,0.4907,1.77956
522,0,0.482521,-0.193387,1.87416,-0.0271713,0.4907,1.77956
523,0,0.483164,-0.194063,1.87498,-0.0271713,0.4907,1.77956
524,0,0.483828,-0.193187,1.87515,-0.0271713,0.4907,1.77956
525,0,0.48172,-0.194608,1.87088,-0.0271713,0.4907,1.77956
526,0,0.486017,-0.191747,1.87679,-0.0271713,0.4907,1.77956
527,0,0.482461,-0.192819,1.87392,-0.0271713,0.4907,1.77956
528,0,0.484778,-0.19398,1.8764,-0.0271713,0.4907,1.77956
529,0,0.483934,-0.194273,1.87384,-0.0271713,0.4907,1.77956
530,0,0.484655,-0.191669,1.87464,-0.0271713,0.4907,1.77956
531,0,0.483766,-0.194042,1.87322,-0.0271713,0.4907,1.77956
532,0,0.483927,-0.191978,1.87433,-0.0271713,0.4907,1.77956
533,0,0.482131,-0.193535,1.87402,-0.0271713,0.4907,1.77956
534,0,0.482896,-0.196878,1.86697,-0.0271713,0.4907,1.77956
535,0,0.482429,-0.194052,1.87507,-0.0271713,0.4907,1.77956
536,0,0.482302,-0.19905,1.86293,-0.0271713,0.4907,1.77956
537,0,0.482527,-0.192723,1.87673,-0.0271713,0.4907,1.77956
538,0,0.483756,-0.192635,1.87451,-0.0271713,0.4907,1.77956
539,0,0.483446,-0.193543,1.87357,-0.0271713,0.4907,1.77956
540,0,0.481272,-0.192962,1.87379,-0.0271713,0.4907,1.77956
541,0,0.485556,-0.192728,1.87923,-0.0271713,0.4907,1.77956
542,0,0.486315,-0.191177,1.88205,-0.0271713,0.4907,1.77956
543,0,0.48606,-0.19164,1.88082,-0.0271713,0.4907,1.77956
544,0,0.485843,-0.192912,1.879,-0.0271713,0.4907,1.77956
545,0,0.483809,-0.193726,1.87759,-0.0271713,0.4907,1.77956
546,0,0.486479,-0.191764,1.88218,-0.0271713,0.4907,1.77956
547,0,0.486364,-0.192094,1.88079,-0.0271713,0.4907,1.77956
548,0,0.485258,-0.192021,1.87918,-0.0271713,0.4907,1.77956
549,0,0.48578,-0.194166,1.87953,-0.0271713,0.4907,1.77956
550,0,0.487203,-0.192396,1.88294,-0.0271713,0.4907,1.77956
551,0,0.4849,-0.192646,1.87929,-0.0271713,0.4907,1.77956
552,0,0.486308,-0.193842,1.87953,-0.0271713,0.4907,1.77956
553,0,0.483011,-0.195474,1.87495,-0.0271713,0.4907,1.77956
554,0,0.485308,-0.195013,1.87644,-0.0271713,0.4907,1.77956
555,0,0.486241,-0.196049,1.87651,-0.0271713,0.4907,1.77956
556,0,0.486589,-0.192814,1.88243,-0.0271713,0.4907,1.77956
557,0,0.487202,-0.193546,1.88131,-0.0271713,0.4907,1.77956
558,0,0.486034,-0.192822,1.88107,-0.0271713,0.4907,1.77956
559,0,0.487468,-0.192479,1.8815,-0.0271713,0.4907,1.77956
560,0,0.484964,-0.195571,1.87513,-0.0271713,0.4907,1.77956
561,0,0.488361,-0.193207,1.8808,-0.0271713,0.4907,1.77956
562,0,0.485614,-0.193902,1.87673,-0.0271713,0.4907,1.77956
563,0,0.485358,-0.194671,1.87611,-0.0271713,0.4907,1.77956
564,0,0.488219,-0.193208,1.87981,-0.0271713,0.4907,1.77956
565,0,0.486875,-0.194734,1.87554,-0.0271713,0.4907,1.77956
566,0,0.485843,-0.192971,1.88088,-0.0271713,0.4907,1.77956
567,0,0.486684,-0.193091,1.88201,-0.0271713,0.4907,1.77956
568,0,0.486639,-0.19149,1.8829,-0.0271713,0.4907,1.77956
569,0,0.486985,-0.192097,1.8833,-0.0271713,0.4907,1.77956
570,0,0.485819,-0.192819,1.87985,-0.0271713,0.4907,1.77956
571,0,0.485609,-0.192713,1.88212,-0.0271713,0.4907,1.77956
572,0,0.486709,-0.19149,1.88364,-0.0271713,0.4907,1.77956
573,0,0.485456,-0.19306,1.88273,-0.0271713,0.4907,1.77956
574,0,0.485452,-0.192391,1.88145,-0.0271713,0.4907,1.77956
575,0,0.486094,-0.192471,1.88177,-0.0271713,0.4907,1.77956
576,0,0.484546,-0.191846,1.882,-0.0271713,0.4907,1.77956
577,0,0.486415,-0.192732,1.88245,-0.0271713,0.4907,1.77956
578,0,0.486778,-0.191804,1.88343,-0.0271713,0.4907,1.77956
579,0,0.486033,-0.192415,1.88011,-0.0271713,0.4907,1.77956
580,0,0.485936,-0.192344,1.88247,-0.0271713,0.4907,1.77956
581,0,0.485519,-0.191094,1.8818,-0.0271713,0.4907,1.77956
582,0,0.485799,-0.193005,1.87862,-0.0271713,0.4907,1.77956
583,0,0.485808,-0.193968,1.8753,-0.0271713,0.4907,1.77956
584,0,0.485881,-0.193367,1.87926,-0.0271713,0.4907,1.77956
585,0,0.487014,-0.191978,1.88175,-0.0271713,0.4907,1.77956
586,0,0.485954,-0.192398,1.88265,-0.0271713,0.4907,1.77956
587,0,0.484547,-0.192262,1.88113,-0.0271713,0.4907,1.77956
588,0,0.487476,-0.192634,1.8809,-0.0271713,0.4907,1.77956
589,0,0.48608,-0.191027,1.88338,-0.0271713,0.4907,1.77956
590,0,0.486119,-0.192032,1.88273,-0.0271713,0.4907,1.77956
591,0,0.484057,-0.195411,1.87486,-0.0271713,0.4907,1.77956
592,0,0.487642,-0.192264,1.88429,-0.0271713,0.4907,1.77956
593,0,0.48667,-0.192683,1.88264,-0.0271713,0.4907,1.77956
594,0,0.487984,-0.192988,1.88229,-0.0271713,0.4907,1.77956
595,0,0.486086,-0.192585,1.88112,-0.0271713,0.4907,1.77956
596,0,0.486189,-0.192485,1.8809,-0.0271713,0.4907,1.77956
597,0,0.486153,-0.193126,1.8804,-0.0271713,0.4907,1.77956
