51,0,0.514075,-0.196382,1.8632,-0.0688506,0.574617,1.73748
52,0,0.51511,-0.194117,1.87202,-0.0688506,0.574617,1.73748
53,0,0.515046,-0.193159,1.86999,-0.0688506,0.574617,1.73748
54,0,0.515976,-0.193605,1.87193,-0.0688506,0.574617,1.73748
55,0,0.51293,-0.195837,1.86872,-0.0688506,0.574617,1.73748
56,0,0.513633,-0.198149,1.86345,-0.0688506,0.574617,1.73748
57,0,0.515913,-0.194272,1.86792,-0.0688506,0.574617,1.73748
58,0,0.513798,-0.195731,1.86878,-0.0688506,0.574617,1.73748
59,0,0.516214,-0.198511,1.86382,-0.0688506,0.574617,1.73748
60,0,0.51453,-0.196555,1.86513,-0.0688506,0.574617,1.73748
61,0,0.516851,-0.197877,1.86278,-0.0688506,0.574617,1.73748
62,0,0.512278,-0.194757,1.86606,-0.0688506,0.574617,1.73748
63,0,0.512326,-0.194745,1.86571,-0.0688506,0.574617,1.73748
64,0,0.512955,-0.193582,1.87045,-0.0688506,0.574617,1.73748
65,0,0.512901,-0.193588,1.86535,-0.0688506,0.574617,1.73748
66,0,0.513588,-0.195101,1.86623,-0.0688506,0.574617,1.73748
67,0,0.514183,-0.193074,1.86912,-0.0688506,0.574617,1.73748
68,0,0.51411,-0.193257,1.86613,-0.0688506,0.574617,1.73748
69,0,0.513771,-0.194094,1.86983,-0.0688506,0.574617,1.73748
70,0,0.514729,-0.192679,1.87178,-0.0688506,0.574617,1.73748
71,0,0.514725,-0.193736,1.87266,-0.0688506,0.574617,1.73748
72,0,0.514316,-0.193504,1.87244,-0.0688506,0.574617,1.73748
73,0,0.514237,-0.192996,1.873,-0.0688506,0.574617,1.73748
74,0,0.51307,-0.19509,1.86954,-0.0688506,0.574617,1.73748
75,0,0.513617,-0.19317,1.87192,-0.0688506,0.574617,1.73748
76,0,0.515902,-0.191693,1.87364,-0.0688506,0.574617,1.73748
77,0,0.514969,-0.194947,1.87214,-0.0688506,0.574617,1.73748
78,0,0.513748,-0.19335,1.87314,-0.0688506,0.574617,1.73748
79,0,0.512628,-0.193138,1.87182,-0.0688506,0.574617,1.73748
80,0,0.514285,-0.193035,1.8775,-0.0688506,0.574617,1.73748
81,0,0.514731,-0.193973,1.87079,-0.0688506,0.574617,1.73748
82,0,0.515172,-0.193776,1.87057,-0.0688506,0.574617,1.73748
83,0,0.512744,-0.193613,1.86939,-0.0688506,0.574617,1.73748
84,0,0.515182,-0.197121,1.86357,-0.0688506,0.574617,1.73748
85,0,0.515503,-0.194577,1.86867,-0.0688506,0.574617,1.73748
86,0,0.505598,-0.190875,1.85426,-0.0688506,0.574617,1.73748
87,0,0.491703,-0.176907,1.8323,-0.0688506,0.574617,1.73748
88,1,0.498155,-0.182512,1.8317,-0.0688506,0.574617,1.73748
89,1,0.505177,-0.188773,1.83255,-0.0688506,0.574617,1.73748
90,1,0.510698,-0.189686,1.82779,-0.0688506,0.574617,1.73748
91,1,0.523602,-0.189286,1.83066,-0.0688506,0.574617,1.73748
92,1,0.258941,0.498456,1.56323,-0.0688506,0.574617,1.73748
93,1,0.527648,-0.189399,1.81748,-0.0688506,0.574617,1.73748
94,1,0.526406,-0.188111,1.82773,-0.0688506,0.574617,1.73748
95,1,0.525656,-0.187858,1.83182,-0.0688506,0.574617,1.73748
96,1,0.525619,-0.187117,1.82828,-0.0688506,0.574617,1.73748
97,1,0.525703,-0.187752,1.82728,-0.0688506,0.574617,1.73748
98,1,0.52484,-0.186348,1.82857,-0.0688506,0.574617,1.73748
99,1,0.522909,-0.183782,1.82451,-0.0688506,0.574617,1.73748
100,1,0.513356,-0.177043,1.81609,-0.0688506,0.574617,1.73748
101,1,0.503192,-0.169823,1.81001,-0.0688506,0.574617,1.73748
102,1,0.486564,-0.163649,1.79509,-0.0688506,0.574617,1.73748
103,1,0.477248,-0.156612,1.78484,-0.0688506,0.574617,1.73748
104,1,0.476352,-0.148834,1.77421,-0.0688506,0.574617,1.73748
105,1,0.438363,-0.16379,1.73816,-0.0688506,0.574617,1.73748
106,1,0.431568,-0.168987,1.71284,-0.0688506,0.574617,1.73748
107,1,0.406917,-0.174741,1.68622,-0.0688506,0.574617,1.73748
108,1,0.391247,-0.182819,1.65116,-0.0688506,0.574617,1.73748
109,1,0.380486,-0.187294,1.62213,-0.0688506,0.574617,1.73748
110,1,0.37678,-0.190949,1.5878,-0.0688506,0.574617,1.73748
111,1,0.369956,-0.193329,1.56045,-0.0688506,0.574617,1.73748
112,1,0.367224,-0.190975,1.53653,-0.0688506,0.574617,1.73748
113,1,0.373633,-0.189468,1.51378,-0.0688506,0.574617,1.73748
114,1,0.382583,-0.191794,1.49152,-0.0688506,0.574617,1.73748
115,1,0.393323,-0.19027,1.47661,-0.0688506,0.574617,1.73748
116,1,0.405056,-0.191489,1.46235,-0.0688506,0.574617,1.73748
117,1,0.415751,-0.196781,1.44955,-0.0688506,0.574617,1.73748
118,1,0.426058,-0.20459,1.4342,-0.0688506,0.574617,1.73748
119,1,0.434788,-0.209994,1.42037,-0.0688506,0.574617,1.73748
120,1,0.443636,-0.210906,1.41832,-0.0688506,0.574617,1.73748
121,1,0.454485,-0.216767,1.41188,-0.0688506,0.574617,1.73748
122,1,0.463308,-0.22195,1.40516,-0.0688506,0.574617,1.73748
123,1,0.468242,-0.222453,1.40659,-0.0688506,0.574617,1.73748
124,1,0.477156,-0.226119,1.40705,-0.0688506,0.574617,1.73748
125,1,0.483285,-0.230649,1.40373,-0.0688506,0.574617,1.73748
126,1,0.481836,-0.230303,1.40544,-0.0688506,0.574617,1.73748
127,1,0.483206,-0.231706,1.40389,-0.0688506,0.574617,1.73748
128,1,0.484421,-0.232863,1.40085,-0.0688506,0.574617,1.73748
129,1,0.485073,-0.232802,1.40099,-0.0688506,0.574617,1.73748
130,1,0.48461,-0.234725,1.39854,-0.0688506,0.574617,1.73748
131,1,0.48172,-0.234736,1.39469,-0.0688506,0.574617,1.73748
132,1,0.476553,-0.236151,1.39171,-0.0688506,0.574617,1.73748
133,1,0.469065,-0.236388,1.38678,-0.0688506,0.574617,1.73748
134,1,0.46699,-0.237046,1.38657,-0.0688506,0.574617,1.73748
135,1,0.465547,-0.236438,1.38634,-0.0688506,0.574617,1.73748
136,1,0.466221,-0.236673,1.38732,-0.0688506,0.574617,1.73748
137,1,0.466872,-0.235511,1.39035,-0.0688506,0.574617,1.73748
138,1,0.471954,-0.234562,1.39472,-0.0688506,0.574617,1.73748
139,1,0.48454,-0.233869,1.40067,-0.0688506,0.574617,1.73748
140,1,0.490715,-0.234726,1.39673,-0.0688506,0.574617,1.73748
141,1,0.490151,-0.233621,1.39744,-0.0688506,0.574617,1.73748
142,1,0.489652,-0.234579,1.39688,-0.0688506,0.574617,1.73748
143,1,0.488365,-0.23503,1.39437,-0.0688506,0.574617,1.73748
144,1,0.479193,-0.236038,1.38465,-0.0688506,0.574617,1.73748
145,1,0.471593,-0.238372,1.38163,-0.0688506,0.574617,1.73748
146,1,0.468675,-0.236839,1.38548,-0.0688506,0.574617,1.73748
147,1,0.468316,-0.236381,1.38668,-0.0688506,0.574617,1.73748
148,1,0.469518,-0.237906,1.38452,-0.0688506,0.574617,1.73748
149,1,0.470697,-0.238147,1.3844,-0.0688506,0.574617,1.73748
150,1,0.472914,-0.237121,1.38424,-0.0688506,0.574617,1.73748
151,1,0.472199,-0.233997,1.3859,-0.0688506,0.574617,1.73748
152,1,0.473385,-0.231021,1.38586,-0.0688506,0.574617,1.73748
153,1,0.470488,-0.226266,1.38853,-0.0688506,0.574617,1.73748
154,1,0.477271,-0.22246,1.39583,-0.0688506,0.574617,1.73748
155,1,0.477478,-0.218171,1.40601,-0.0688506,0.574617,1.73748
156,1,0.478842,-0.21753,1.41308,-0.0688506,0.574617,1.73748
157,1,0.475559,-0.215189,1.42064,-0.0688506,0.574617,1.73748
158,1,0.478315,-0.216835,1.42367,-0.0688506,0.574617,1.73748
159,1,0.481904,-0.215526,1.42303,-0.0688506,0.574617,1.73748
160,1,0.481942,-0.215372,1.42463,-0.0688506,0.574617,1.73748
161,1,0.48501,-0.21592,1.42021,-0.0688506,0.574617,1.73748
162,1,0.482473,-0.210773,1.41586,-0.0688506,0.574617,1.73748
163,1,0.478893,-0.201564,1.40868,-0.0688506,0.574617,1.73748
164,1,0.47893,-0.194189,1.40692,-0.0688506,0.574617,1.73748
165,1,0.480387,-0.182846,1.40774,-0.0688506,0.574617,1.73748
166,1,0.480659,-0.183193,1.40485,-0.0688506,0.574617,1.73748
167,1,0.480479,-0.186125,1.4109,-0.0688506,0.574617,1.73748
168,1,0.478662,-0.191713,1.40967,-0.0688506,0.574617,1.73748
169,1,0.478678,-0.198029,1.41302,-0.0688506,0.574617,1.73748
170,1,0.480149,-0.200448,1.41291,-0.0688506,0.574617,1.73748
171,1,0.484811,-0.206291,1.42185,-0.0688506,0.574617,1.73748
172,1,0.484453,-0.213275,1.42414,-0.0688506,0.574617,1.73748
173,1,0.484143,-0.212664,1.42175,-0.0688506,0.574617,1.73748
174,1,0.485122,-0.206279,1.41498,-0.0688506,0.574617,1.73748
175,1,0.484253,-0.199457,1.41129,-0.0688506,0.574617,1.73748
176,1,0.483917,-0.195619,1.40856,-0.0688506,0.574617,1.73748
177,1,0.483243,-0.192599,1.40936,-0.0688506,0.574617,1.73748
178,1,0.481437,-0.195367,1.40873,-0.0688506,0.574617,1.73748
179,1,0.482337,-0.201112,1.41312,-0.0688506,0.574617,1.73748
180,1,0.485177,-0.205677,1.41461,-0.0688506,0.574617,1.73748
181,1,0.490037,-0.216019,1.42151,-0.0688506,0.574617,1.73748
182,1,0.485834,-0.219499,1.42761,-0.0688506,0.574617,1.73748
183,1,0.486611,-0.22022,1.42737,-0.0688506,0.574617,1.73748
184,1,0.490493,-0.221076,1.4215,-0.0688506,0.574617,1.73748
185,1,0.490648,-0.222555,1.42143,-0.0688506,0.574617,1.73748
186,1,0.490785,-0.221056,1.42288,-0.0688506,0.574617,1.73748
187,1,0.489767,-0.220967,1.42219,-0.0688506,0.574617,1.73748
188,1,0.490436,-0.22038,1.42233,-0.0688506,0.574617,1.73748
189,1,0.48998,-0.220013,1.4223,-0.0688506,0.574617,1.73748
190,1,0.490459,-0.220358,1.42249,-0.0688506,0.574617,1.73748
191,1,0.489233,-0.220901,1.42222,-0.0688506,0.574617,1.73748
192,1,0.484891,-0.219808,1.42641,-0.0688506,0.574617,1.73748
193,1,0.487779,-0.221305,1.42294,-0.0688506,0.574617,1.73748
194,1,0.483387,-0.219885,1.42773,-0.0688506,0.574617,1.73748
195,1,0.481656,-0.219669,1.42958,-0.0688506,0.574617,1.73748
196,1,0.476316,-0.217705,1.43583,-0.0688506,0.574617,1.73748
197,1,0.474384,-0.219152,1.4381,-0.0688506,0.574617,1.73748
198,1,0.474595,-0.218938,1.439,-0.0688506,0.574617,1.73748
199,1,0.467686,-0.218865,1.44692,-0.0688506,0.574617,1.73748
200,1,0.445234,-0.209914,1.47231,-0.0688506,0.574617,1.73748
201,1,0.437623,-0.208651,1.47875,-0.0688506,0.574617,1.73748
202,1,0.430369,-0.205805,1.48249,-0.0688506,0.574617,1.73748
203,1,0.423093,-0.201394,1.48686,-0.0688506,0.574617,1.73748
204,1,0.415808,-0.197833,1.49002,-0.0688506,0.574617,1.73748
205,1,0.408455,-0.190913,1.49197,-0.0688506,0.574617,1.73748
206,1,0.396996,-0.184462,1.49669,-0.0688506,0.574617,1.73748
207,1,0.382172,-0.177264,1.50152,-0.0688506,0.574617,1.73748
208,1,0.370326,-0.175076,1.49715,-0.0688506,0.574617,1.73748
209,1,0.355661,-0.175245,1.48807,-0.0688506,0.574617,1.73748
210,1,0.33241,-0.171346,1.48542,-0.0688506,0.574617,1.73748
211,1,0.303875,-0.170443,1.4844,-0.0688506,0.574617,1.73748
212,1,0.275749,-0.175568,1.47631,-0.0688506,0.574617,1.73748
213,1,0.237979,-0.181425,1.47526,-0.0688506,0.574617,1.73748
214,1,0.198196,-0.189537,1.4672,-0.0688506,0.574617,1.73748
215,1,0.154909,-0.199946,1.45835,-0.0688506,0.574617,1.73748
216,1,0.111589,-0.206764,1.45465,-0.0688506,0.574617,1.73748
217,1,0.0670037,-0.215826,1.44734,-0.0688506,0.574617,1.73748
218,1,0.0207243,-0.223885,1.4346,-0.0688506,0.574617,1.73748
219,1,-0.0283593,-0.231163,1.42561,-0.0688506,0.574617,1.73748
220,1,-0.0758915,-0.237112,1.42928,-0.0688506,0.574617,1.73748
221,1,-0.123379,-0.243416,1.42972,-0.0688506,0.574617,1.73748
222,1,-0.166779,-0.255735,1.41871,-0.0688506,0.574617,1.73748
223,1,-0.206157,-0.261979,1.43267,-0.0688506,0.574617,1.73748
224,1,-0.250352,-0.271889,1.42526,-0.0688506,0.574617,1.73748
225,1,-0.282874,-0.281461,1.43336,-0.0688506,0.574617,1.73748
226,1,-0.317052,-0.29182,1.44054,-0.0688506,0.574617,1.73748
227,1,-0.350481,-0.303912,1.44214,-0.0688506,0.574617,1.73748
228,1,-0.376637,-0.312957,1.45177,-0.0688506,0.574617,1.73748
229,1,-0.397786,-0.326209,1.44622,-0.0688506,0.574617,1.73748
230,1,-0.412984,-0.333524,1.45347,-0.0688506,0.574617,1.73748
231,1,-0.426968,-0.342541,1.45249,-0.0688506,0.574617,1.73748
232,1,-0.434479,-0.348433,1.45015,-0.0688506,0.574617,1.73748
233,1,-0.437205,-0.357202,1.44017,-0.0688506,0.574617,1.73748
234,1,-0.440575,-0.360302,1.44334,-0.0688506,0.574617,1.73748
235,1,-0.443686,-0.364615,1.44262,-0.0688506,0.574617,1.73748
236,1,-0.445767,-0.368458,1.44148,-0.0688506,0.574617,1.73748
237,1,-0.445671,-0.374113,1.44129,-0.0688506,0.574617,1.73748
238,1,-0.446761,-0.380288,1.44196,-0.0688506,0.574617,1.73748
239,1,-0.449213,-0.383999,1.44269,-0.0688506,0.574617,1.73748
240,1,-0.453606,-0.386564,1.44781,-0.0688506,0.574617,1.73748
241,1,-0.450793,-0.393974,1.44446,-0.0688506,0.574617,1.73748
242,1,-0.450633,-0.390438,1.44994,-0.0688506,0.574617,1.73748
243,1,-0.449953,-0.391737,1.45028,-0.0688506,0.574617,1.73748
244,1,-0.448981,-0.390984,1.4495,-0.0688506,0.574617,1.73748
245,1,-0.44943,-0.390365,1.4497,-0.0688506,0.574617,1.73748
246,1,-0.450039,-0.391084,1.44975,-0.0688506,0.574617,1.73748
247,1,-0.44602,-0.393668,1.44311,-0.0688506,0.574617,1.73748
248,1,-0.445761,-0.391302,1.44824,-0.0688506,0.574617,1.73748
249,1,-0.445241,-0.392683,1.44851,-0.0688506,0.574617,1.73748
250,0,-0.445749,-0.392643,1.44653,-0.0688506,0.574617,1.73748
251,0,-0.444749,-0.3923,1.4473,-0.0688506,0.574617,1.73748
252,0,-0.444738,-0.392328,1.44842,-0.0688506,0.574617,1.73748
253,0,-0.445359,-0.393009,1.44483,-0.0688506,0.574617,1.73748
254,0,-0.444758,-0.3924,1.44772,-0.0688506,0.574617,1.73748
255,0,-0.444604,-0.392418,1.4479,-0.0688506,0.574617,1.73748
256,0,-0.445029,-0.392691,1.44743,-0.0688506,0.574617,1.73748
257,0,-0.445681,-0.393295,1.44435,-0.0688506,0.574617,1.73748
258,0,-0.445669,-0.392954,1.44354,-0.0688506,0.574617,1.73748
259,0,-0.443853,-0.392272,1.44343,-0.0688506,0.574617,1.73748
260,0,-0.444242,-0.39264,1.44396,-0.0688506,0.574617,1.73748
261,0,-0.444622,-0.392972,1.44504,-0.0688506,0.574617,1.73748
262,0,-0.444579,-0.393274,1.44792,-0.0688506,0.574617,1.73748
263,0,-0.445938,-0.393072,1.44591,-0.0688506,0.574617,1.73748
264,0,-0.443545,-0.392219,1.44416,-0.0688506,0.574617,1.73748
265,0,-0.444492,-0.392168,1.44383,-0.0688506,0.574617,1.73748
266,0,-0.445626,-0.392387,1.44527,-0.0688506,0.574617,1.73748
267,0,-0.445053,-0.392714,1.44539,-0.0688506,0.574617,1.73748
268,0,-0.44472,-0.392221,1.44794,-0.0688506,0.574617,1.73748
269,0,-0.444045,-0.393142,1.44587,-0.0688506,0.574617,1.73748
270,0,-0.444647,-0.392562,1.44403,-0.0688506,0.574617,1.73748
271,0,-0.444628,-0.392653,1.44301,-0.0688506,0.574617,1.73748
272,0,-0.445704,-0.392975,1.4438,-0.0688506,0.574617,1.73748
273,0,-0.444093,-0.392758,1.445,-0.0688506,0.574617,1.73748
274,0,-0.445382,-0.393046,1.44393,-0.0688506,0.574617,1.73748
275,0,-0.445434,-0.39334,1.44705,-0.0688506,0.574617,1.73748
276,0,-0.445478,-0.393085,1.4444,-0.0688506,0.574617,1.73748
277,0,-0.444328,-0.392346,1.4446,-0.0688506,0.574617,1.73748
278,0,-0.444888,-0.392723,1.44562,-0.0688506,0.574617,1.73748
279,0,-0.443263,-0.392161,1.44741,-0.0688506,0.574617,1.73748
280,0,-0.444037,-0.3925,1.44592,-0.0688506,0.574617,1.73748
281,0,-0.444299,-0.392513,1.44435,-0.0688506,0.574617,1.73748
282,0,-0.445831,-0.393075,1.44584,-0.0688506,0.574617,1.73748
283,0,-0.444746,-0.392168,1.44515,-0.0688506,0.574617,1.73748
284,0,-0.444754,-0.392343,1.44837,-0.0688506,0.574617,1.73748
285,0,-0.444673,-0.393025,1.44642,-0.0688506,0.574617,1.73748
286,0,-0.445117,-0.39304,1.44649,-0.0688506,0.574617,1.73748
287,0,-0.443525,-0.392095,1.44473,-0.0688506,0.574617,1.73748
288,0,-0.443442,-0.39219,1.44481,-0.0688506,0.574617,1.73748
289,0,-0.443617,-0.391973,1.444,-0.0688506,0.574617,1.73748
290,0,-0.4437,-0.392178,1.44308,-0.0688506,0.574617,1.73748
291,0,-0.442884,-0.39129,1.4469,-0.0688506,0.574617,1.73748
292,0,-0.443714,-0.392546,1.44635,-0.0688506,0.574617,1.73748
293,0,-0.444393,-0.392634,1.44581,-0.0688506,0.574617,1.73748
294,0,-0.443863,-0.39208,1.44472,-0.0688506,0.574617,1.73748
295,0,-0.443869,-0.392092,1.44332,-0.0688506,0.574617,1.73748
296,0,-0.442615,-0.391516,1.44143,-0.0688506,0.574617,1.73748
297,0,-0.443818,-0.392463,1.4448,-0.0688506,0.574617,1.73748
298,0,-0.443516,-0.392161,1.44708,-0.0688506,0.574617,1.73748
299,0,-0.444146,-0.392701,1.44621,-0.0688506,0.574617,1.73748
300,0,-0.444475,-0.392638,1.44632,-0.0688506,0.574617,1.73748
301,0,-0.443522,-0.392136,1.44862,-0.0688506,0.574617,1.73748
302,0,-0.444483,-0.392705,1.44522,-0.0688506,0.574617,1.73748
303,0,-0.444604,-0.392768,1.44602,-0.0688506,0.574617,1.73748
304,0,-0.443267,-0.391479,1.4477,-0.0688506,0.574617,1.73748
305,0,-0.44346,-0.391962,1.44834,-0.0688506,0.574617,1.73748
306,0,-0.443537,-0.392,1.44513,-0.0688506,0.574617,1.73748
307,0,-0.444041,-0.392948,1.44692,-0.0688506,0.574617,1.73748
308,0,-0.443958,-0.392416,1.44454,-0.0688506,0.574617,1.73748
310,0,-0.445327,-0.392782,1.4408,-0.0688506,0.574617,1.73748
311,0,-0.443307,-0.391287,1.44292,-0.0688506,0.574617,1.73748
312,0,-0.443332,-0.392369,1.44718,-0.0688506,0.574617,1.73748
313,0,-0.445156,-0.392648,1.44228,-0.0688506,0.574617,1.73748
314,0,-0.444524,-0.392565,1.4465,-0.0688506,0.574617,1.73748
315,0,-0.444257,-0.392146,1.44353,-0.0688506,0.574617,1.73748
316,0,-0.442851,-0.391447,1.44602,-0.0688506,0.574617,1.73748
317,0,-0.442632,-0.390962,1.44041,-0.0688506,0.574617,1.73748
318,0,-0.443197,-0.39088,1.44037,-0.0688506,0.574617,1.73748
319,0,-0.444624,-0.392158,1.44033,-0.0688506,0.574617,1.73748
320,0,-0.443841,-0.391291,1.44276,-0.0688506,0.574617,1.73748
321,0,-0.443116,-0.391111,1.44267,-0.0688506,0.574617,1.73748
322,0,-0.44393,-0.391928,1.43983,-0.0688506,0.574617,1.73748
323,0,-0.44332,-0.391023,1.44104,-0.0688506,0.574617,1.73748
324,0,-0.443274,-0.391055,1.44169,-0.0688506,0.574617,1.73748
325,0,-0.444436,-0.391569,1.44228,-0.0688506,0.574617,1.73748
326,0,-0.444021,-0.391675,1.43779,-0.0688506,0.574617,1.73748
327,0,-0.443854,-0.391722,1.44026,-0.0688506,0.574617,1.73748
328,0,-0.444391,-0.391549,1.43927,-0.0688506,0.574617,1.73748
329,0,-0.443881,-0.391521,1.43935,-0.0688506,0.574617,1.73748
330,0,-0.443842,-0.39157,1.4386,-0.0688506,0.574617,1.73748
331,0,-0.444266,-0.391972,1.44123,-0.0688506,0.574617,1.73748
332,0,-0.444792,-0.391803,1.43933,-0.0688506,0.574617,1.73748
333,0,-0.444418,-0.391949,1.4403,-0.0688506,0.574617,1.73748
334,0,-0.444596,-0.391915,1.43985,-0.0688506,0.574617,1.73748
335,0,-0.443992,-0.391928,1.43842,-0.0688506,0.574617,1.73748
336,0,-0.444692,-0.392676,1.4408,-0.0688506,0.574617,1.73748
337,0,-0.443046,-0.391753,1.44311,-0.0688506,0.574617,1.73748
338,0,-0.444953,-0.393318,1.4405,-0.0688506,0.574617,1.73748
339,0,-0.444235,-0.392967,1.44039,-0.0688506,0.574617,1.73748
340,0,-0.443418,-0.393355,1.43996,-0.0688506,0.574617,1.73748
341,0,-0.444745,-0.392669,1.44084,-0.0688506,0.574617,1.73748
342,0,-0.444462,-0.391805,1.44056,-0.0688506,0.574617,1.73748
343,0,-0.4443,-0.391827,1.44042,-0.0688506,0.574617,1.73748
344,0,-0.444155,-0.393863,1.43957,-0.0688506,0.574617,1.73748
