71.000000,0.000000,-1.000000,-1.000000,0.000000,-1.000000,0.616865,-0.339847,-0.384879,1.457384
72.000000,0.000000,-1.000000,-1.000000,0.000000,-1.000000,0.610004,-0.345056,-0.377919,1.457366
73.000000,0.000000,-1.000000,-1.000000,0.000000,-1.000000,0.602804,-0.347729,-0.371247,1.460361
75.000000,0.000000,-1.000000,-1.000000,0.000000,-1.000000,0.597736,-0.349412,-0.366605,1.462724
77.000000,0.000000,-1.000000,-1.000000,0.000000,-1.000000,0.594564,-0.350449,-0.363774,1.464544
78.000000,0.000000,-1.000000,-1.000000,0.000000,-1.000000,0.587361,-0.353026,-0.356921,1.466744
80.000000,0.000000,-1.000000,-1.000000,0.000000,-1.000000,0.582746,-0.352737,-0.352532,1.468287
81.000000,0.000000,-1.000000,-1.000000,0.000000,-1.000000,0.580736,-0.351172,-0.350104,1.466730
83.000000,0.000000,-1.000000,-1.000000,0.000000,-1.000000,0.579448,-0.348869,-0.347930,1.463044
84.000000,0.000000,-1.000000,-1.000000,0.000000,-1.000000,0.577981,-0.343968,-0.344785,1.455995
86.000000,0.000000,-1.000000,-1.000000,0.000000,-1.000000,0.576706,-0.339172,-0.341836,1.448931
87.000000,0.000000,-1.000000,-1.000000,0.000000,-1.000000,0.576322,-0.335162,-0.340002,1.442721
89.000000,0.000000,-1.000000,-1.000000,0.000000,-1.000000,0.576433,-0.332024,-0.339010,1.437964
91.000000,3.000000,1.000000,1.000000,0.018561,0.000000,0.577073,-0.329505,-0.338922,1.434786
92.000000,1.000000,1.000000,1.000000,0.011428,0.000000,0.578456,-0.330237,-0.340222,1.434215
93.000000,2.000000,1.000000,1.000000,0.006047,0.000000,0.580446,-0.331497,-0.342323,1.434414
95.000000,0.000000,1.000000,1.000000,0.000000,0.000000,0.581915,-0.332848,-0.343819,1.434288
97.000000,0.000000,1.000000,1.000000,0.000000,0.000000,0.583191,-0.334404,-0.345110,1.434116
98.000000,0.000000,1.000000,1.000000,0.000000,0.000000,0.584114,-0.335738,-0.346033,1.433926
100.000000,0.000000,1.000000,1.000000,0.000000,0.000000,0.584279,-0.336813,-0.346257,1.434105
102.000000,0.000000,1.000000,1.000000,0.000000,0.000000,0.583489,-0.337910,-0.345609,1.434763
103.000000,0.000000,1.000000,1.000000,0.000000,0.000000,0.581149,-0.338923,-0.343465,1.435835
105.000000,0.000000,1.000000,1.000000,0.000000,0.000000,0.578884,-0.339773,-0.341438,1.437098
106.000000,0.000000,1.000000,1.000000,0.000000,0.000000,0.576959,-0.340721,-0.339613,1.437701
108.000000,0.000000,1.000000,1.000000,0.000000,0.000000,0.575327,-0.341236,-0.338074,1.438264
109.000000,0.000000,1.000000,1.000000,0.000000,0.000000,0.573957,-0.341598,-0.336738,1.438546
111.000000,0.000000,1.000000,1.000000,0.000000,0.000000,0.574221,-0.341719,-0.337407,1.440323
112.000000,0.000000,1.000000,1.000000,0.000000,0.000000,0.574403,-0.342165,-0.338347,1.443675
114.000000,0.000000,1.000000,1.000000,0.000000,0.000000,0.574541,-0.342821,-0.339457,1.447977
115.000000,0.000000,1.000000,1.000000,0.000000,0.000000,0.574718,-0.343632,-0.340626,1.452357
116.000000,0.000000,1.000000,1.000000,0.000000,0.000000,0.574887,-0.344365,-0.341723,1.456455
118.000000,0.000000,1.000000,1.000000,0.000000,0.000000,0.574377,-0.345118,-0.341722,1.458746
119.000000,0.000000,1.000000,1.000000,0.000000,0.000000,0.573861,-0.345413,-0.341313,1.459261
121.000000,0.000000,1.000000,1.000000,0.000000,0.000000,0.573123,-0.345381,-0.340589,1.459413
122.000000,0.000000,1.000000,1.000000,0.000000,0.000000,0.573014,-0.345305,-0.340553,1.459756
124.000000,0.000000,1.000000,1.000000,0.000000,0.000000,0.573045,-0.344921,-0.340588,1.459794
126.000000,0.000000,1.000000,1.000000,0.000000,0.000000,0.573164,-0.344675,-0.340739,1.459939
127.000000,0.000000,1.000000,1.000000,0.000000,0.000000,0.573345,-0.344296,-0.340896,1.459837
129.000000,0.000000,1.000000,1.000000,0.000000,0.000000,0.573580,-0.343949,-0.341095,1.459670
130.000000,0.000000,1.000000,1.000000,0.000000,0.000000,0.573152,-0.343447,-0.340555,1.459250
132.000000,0.000000,1.000000,1.000000,0.000000,0.000000,0.572924,-0.343241,-0.340311,1.459211
133.000000,0.000000,1.000000,1.000000,0.000000,0.000000,0.572961,-0.343337,-0.340345,1.459187
135.000000,0.000000,1.000000,1.000000,0.000000,0.000000,0.573015,-0.343587,-0.340413,1.459234
136.000000,0.000000,1.000000,1.000000,0.000000,0.000000,0.573341,-0.343909,-0.340737,1.459164
137.000000,0.000000,1.000000,1.000000,0.000000,0.000000,0.573842,-0.344133,-0.341252,1.459161
139.000000,0.000000,1.000000,1.000000,0.000000,0.000000,0.573964,-0.344524,-0.341344,1.458988
140.000000,0.000000,1.000000,1.000000,0.000000,0.000000,0.573955,-0.344939,-0.341276,1.458694
142.000000,0.000000,1.000000,1.000000,0.000000,0.000000,0.573975,-0.345347,-0.341274,1.458572
143.000000,0.000000,1.000000,1.000000,0.000000,0.000000,0.573767,-0.345642,-0.341051,1.458506
144.000000,0.000000,1.000000,1.000000,0.000000,0.000000,0.573078,-0.346438,-0.340368,1.458563
146.000000,0.000000,1.000000,1.000000,0.000000,0.000000,0.572603,-0.347081,-0.339893,1.458569
147.000000,0.000000,1.000000,1.000000,0.000000,0.000000,0.572377,-0.347664,-0.339679,1.458617
149.000000,0.000000,1.000000,1.000000,0.000000,0.000000,0.572228,-0.348193,-0.339528,1.458587
150.000000,0.000000,1.000000,1.000000,0.000000,0.000000,0.572525,-0.349050,-0.339834,1.458542
152.000000,0.000000,1.000000,1.000000,0.000000,0.000000,0.573415,-0.349659,-0.340636,1.458009
153.000000,0.000000,1.000000,1.000000,0.000000,0.000000,0.574022,-0.350171,-0.341214,1.457780
155.000000,0.000000,1.000000,1.000000,0.000000,0.000000,0.574407,-0.350570,-0.341568,1.457573
156.000000,0.000000,1.000000,1.000000,0.000000,0.000000,0.574752,-0.350981,-0.341875,1.457338
158.000000,0.000000,1.000000,1.000000,0.000000,0.000000,0.574628,-0.351108,-0.341716,1.457190
159.000000,0.000000,1.000000,1.000000,0.000000,0.000000,0.574389,-0.350768,-0.341557,1.457591
161.000000,0.000000,1.000000,1.000000,0.000000,0.000000,0.574168,-0.350466,-0.341356,1.457727
162.000000,0.000000,1.000000,1.000000,0.000000,0.000000,0.574107,-0.349863,-0.341323,1.457898
164.000000,0.000000,1.000000,1.000000,0.000000,0.000000,0.574121,-0.348737,-0.341361,1.458073
165.000000,0.000000,1.000000,1.000000,0.000000,0.000000,0.574364,-0.347871,-0.341673,1.458412
167.000000,0.000000,1.000000,1.000000,0.000000,0.000000,0.574402,-0.347433,-0.341720,1.458478
168.000000,0.000000,1.000000,1.000000,0.000000,0.000000,0.574786,-0.347068,-0.342104,1.458456
170.000000,0.000000,1.000000,1.000000,0.000000,0.000000,0.575261,-0.347041,-0.342587,1.458440
171.000000,0.000000,1.000000,1.000000,0.000000,0.000000,0.575734,-0.347563,-0.343044,1.458282
173.000000,0.000000,1.000000,1.000000,0.000000,0.000000,0.575948,-0.347759,-0.343196,1.457968
174.000000,0.000000,1.000000,1.000000,0.000000,0.000000,0.576023,-0.348150,-0.343274,1.457953
176.000000,0.000000,1.000000,1.000000,0.000000,0.000000,0.575546,-0.348429,-0.342853,1.458237
177.000000,0.000000,1.000000,1.000000,0.000000,0.000000,0.574992,-0.348468,-0.342352,1.458535
179.000000,0.000000,1.000000,1.000000,0.000000,0.000000,0.574191,-0.348696,-0.341639,1.459002
180.000000,0.000000,1.000000,1.000000,0.000000,0.000000,0.573550,-0.349041,-0.341040,1.459240
182.000000,0.000000,1.000000,1.000000,0.000000,0.000000,0.573166,-0.349140,-0.340627,1.459143
183.000000,0.000000,1.000000,1.000000,0.000000,0.000000,0.573322,-0.349337,-0.340739,1.458919
185.000000,0.000000,1.000000,1.000000,0.000000,0.000000,0.573879,-0.349442,-0.341245,1.458619
187.000000,0.000000,1.000000,1.000000,0.000000,0.000000,0.574393,-0.349345,-0.341536,1.457569
188.000000,0.000000,1.000000,1.000000,0.000000,0.000000,0.574672,-0.349060,-0.341590,1.456547
190.000000,0.000000,1.000000,1.000000,0.000000,0.000000,0.574811,-0.348749,-0.341512,1.455582
191.000000,0.000000,1.000000,1.000000,0.000000,0.000000,0.574647,-0.348336,-0.341163,1.454794
193.000000,0.000000,1.000000,1.000000,0.000000,0.000000,0.573759,-0.348212,-0.340093,1.454084
194.000000,0.000000,1.000000,1.000000,0.000000,0.000000,0.572993,-0.348138,-0.339275,1.453944
196.000000,0.000000,1.000000,1.000000,0.000000,0.000000,0.572507,-0.348343,-0.338776,1.453925
197.000000,0.000000,1.000000,1.000000,0.000000,0.000000,0.572107,-0.348605,-0.338361,1.453883
199.000000,0.000000,1.000000,1.000000,0.000000,0.000000,0.572095,-0.348939,-0.338297,1.453630
200.000000,0.000000,1.000000,1.000000,0.000000,0.000000,0.572569,-0.349348,-0.338728,1.453358
202.000000,0.000000,1.000000,1.000000,0.000000,0.000000,0.572905,-0.349408,-0.339071,1.453351
203.000000,0.000000,1.000000,1.000000,0.000000,0.000000,0.573000,-0.349390,-0.339196,1.453475
205.000000,0.000000,1.000000,1.000000,0.000000,0.000000,0.573116,-0.349317,-0.339396,1.453843
207.000000,0.000000,1.000000,1.000000,0.000000,0.000000,0.573350,-0.349407,-0.339686,1.454065
208.000000,0.000000,1.000000,1.000000,0.000000,0.000000,0.572863,-0.349697,-0.339202,1.454112
210.000000,0.000000,1.000000,1.000000,0.000000,0.000000,0.572302,-0.350089,-0.338647,1.454178
211.000000,0.000000,1.000000,1.000000,0.000000,0.000000,0.571955,-0.350467,-0.338292,1.454155
212.000000,0.000000,1.000000,1.000000,0.000000,0.000000,0.571948,-0.350859,-0.338202,1.453756
214.000000,0.000000,1.000000,1.000000,0.000000,0.000000,0.571889,-0.350948,-0.338048,1.453336
215.000000,0.000000,1.000000,1.000000,0.000000,0.000000,0.572096,-0.351370,-0.338143,1.452780
217.000000,0.000000,1.000000,1.000000,0.000000,0.000000,0.572420,-0.352536,-0.338302,1.451935
218.000000,0.000000,1.000000,1.000000,0.000000,0.000000,0.572773,-0.353912,-0.338476,1.451000
220.000000,0.000000,1.000000,1.000000,0.000000,0.000000,0.572734,-0.355410,-0.338231,1.449990
221.000000,0.000000,1.000000,1.000000,0.000000,0.000000,0.572292,-0.357037,-0.337651,1.449315
223.000000,0.000000,1.000000,1.000000,0.000000,0.000000,0.572102,-0.358047,-0.337344,1.448750
224.000000,0.000000,1.000000,1.000000,0.000000,0.000000,0.572172,-0.358729,-0.337332,1.448326
226.000000,0.000000,1.000000,1.000000,0.000000,0.000000,0.572385,-0.359342,-0.337506,1.448093
227.000000,0.000000,1.000000,1.000000,0.000000,0.000000,0.572708,-0.359739,-0.337802,1.447910
229.000000,0.000000,1.000000,1.000000,0.000000,0.000000,0.573278,-0.360156,-0.338309,1.447540
230.000000,0.000000,1.000000,1.000000,0.000000,0.000000,0.573742,-0.360307,-0.338803,1.447614
232.000000,0.000000,1.000000,1.000000,0.000000,0.000000,0.573857,-0.360091,-0.338933,1.447680
233.000000,0.000000,1.000000,1.000000,0.000000,0.000000,0.573758,-0.359721,-0.338812,1.447615
234.000000,0.000000,1.000000,1.000000,0.000000,0.000000,0.573492,-0.359582,-0.338593,1.447866
236.000000,0.000000,1.000000,1.000000,0.000000,0.000000,0.573027,-0.359541,-0.338229,1.448371
237.000000,0.000000,1.000000,1.000000,0.000000,0.000000,0.572590,-0.359691,-0.337797,1.448433
239.000000,0.000000,1.000000,1.000000,0.000000,0.000000,0.572491,-0.359806,-0.337692,1.448407
240.000000,0.000000,1.000000,1.000000,0.000000,0.000000,0.572480,-0.359859,-0.337667,1.448345
242.000000,0.000000,1.000000,1.000000,0.000000,0.000000,0.572541,-0.359856,-0.337719,1.448299
243.000000,0.000000,1.000000,1.000000,0.000000,0.000000,0.572612,-0.359674,-0.337759,1.448162
245.000000,0.000000,1.000000,1.000000,0.000000,0.000000,0.572605,-0.359523,-0.337791,1.448347
246.000000,0.000000,1.000000,1.000000,0.000000,0.000000,0.572318,-0.359456,-0.337544,1.448563
248.000000,0.000000,1.000000,1.000000,0.000000,0.000000,0.572312,-0.359483,-0.337589,1.448793
249.000000,0.000000,1.000000,1.000000,0.000000,0.000000,0.572303,-0.358977,-0.337666,1.449208
250.000000,0.000000,1.000000,1.000000,0.000000,0.000000,0.572483,-0.358183,-0.337944,1.449682
252.000000,0.000000,1.000000,1.000000,0.000000,0.000000,0.572995,-0.357271,-0.338475,1.449763
253.000000,0.000000,1.000000,1.000000,0.000000,0.000000,0.573519,-0.356523,-0.339081,1.450125
255.000000,0.000000,1.000000,1.000000,0.000000,0.000000,0.573555,-0.355648,-0.339213,1.450608
256.000000,0.000000,1.000000,1.000000,0.000000,0.000000,0.573727,-0.355251,-0.339450,1.450902
257.000000,0.000000,1.000000,1.000000,0.000000,0.000000,0.573548,-0.354820,-0.339328,1.451202
259.000000,0.000000,1.000000,1.000000,0.000000,0.000000,0.573012,-0.354628,-0.338898,1.451755
260.000000,0.000000,1.000000,1.000000,0.000000,0.000000,0.572547,-0.354319,-0.338476,1.452015
262.000000,0.000000,1.000000,1.000000,0.000000,0.000000,0.572464,-0.354136,-0.338282,1.451538
263.000000,0.000000,1.000000,1.000000,0.000000,0.000000,0.572210,-0.354148,-0.337858,1.450804
265.000000,0.000000,1.000000,1.000000,0.000000,0.000000,0.572585,-0.354423,-0.338032,1.449845
266.000000,0.000000,1.000000,1.000000,0.000000,0.000000,0.573192,-0.354432,-0.338432,1.448850
267.000000,0.000000,1.000000,1.000000,0.000000,0.000000,0.573958,-0.354425,-0.339008,1.447911
269.000000,0.000000,1.000000,1.000000,0.000000,0.000000,0.574545,-0.354370,-0.339534,1.447575
270.000000,0.000000,1.000000,1.000000,0.000000,0.000000,0.575108,-0.354051,-0.340098,1.447540
272.000000,0.000000,1.000000,1.000000,0.000000,0.000000,0.575123,-0.353894,-0.340134,1.447642
273.000000,0.000000,1.000000,1.000000,0.000000,0.000000,0.574908,-0.353814,-0.339928,1.447711
275.000000,0.000000,1.000000,1.000000,0.000000,0.000000,0.574912,-0.353853,-0.339922,1.447664
276.000000,0.000000,1.000000,1.000000,0.000000,0.000000,0.574901,-0.353713,-0.339896,1.447602
278.000000,0.000000,1.000000,1.000000,0.000000,0.000000,0.575034,-0.353620,-0.339958,1.447275
279.000000,0.000000,1.000000,1.000000,0.000000,0.000000,0.575029,-0.353519,-0.339947,1.447257
281.000000,0.000000,1.000000,1.000000,0.000000,0.000000,0.575126,-0.353445,-0.340052,1.447287
282.000000,0.000000,1.000000,1.000000,0.000000,0.000000,0.574825,-0.353262,-0.339772,1.447427
283.000000,0.000000,1.000000,1.000000,0.000000,0.000000,0.574314,-0.353378,-0.339302,1.447662
285.000000,0.000000,1.000000,1.000000,0.000000,0.000000,0.573808,-0.353522,-0.338847,1.447934
286.000000,0.000000,1.000000,1.000000,0.000000,0.000000,0.573424,-0.353819,-0.338470,1.447988
288.000000,0.000000,1.000000,1.000000,0.000000,0.000000,0.573123,-0.354199,-0.338141,1.447874
289.000000,0.000000,1.000000,1.000000,0.000000,0.000000,0.573013,-0.354670,-0.337956,1.447517
291.000000,0.000000,1.000000,1.000000,0.000000,0.000000,0.573222,-0.355403,-0.338008,1.446745
292.000000,0.000000,1.000000,1.000000,0.000000,0.000000,0.573590,-0.356303,-0.338207,1.445892
294.000000,0.000000,1.000000,1.000000,0.000000,0.000000,0.574204,-0.357196,-0.338621,1.444868
295.000000,0.000000,1.000000,1.000000,0.000000,0.000000,0.574337,-0.358208,-0.338552,1.443885
297.000000,0.000000,1.000000,1.000000,0.000000,0.000000,0.574559,-0.359205,-0.338619,1.443104
298.000000,0.000000,1.000000,1.000000,0.000000,0.000000,0.574446,-0.360031,-0.338415,1.442654
300.000000,0.000000,1.000000,1.000000,0.000000,0.000000,0.574075,-0.360803,-0.337958,1.442262
301.000000,0.000000,1.000000,1.000000,0.000000,0.000000,0.573645,-0.361535,-0.337374,1.441567
303.000000,0.000000,1.000000,1.000000,0.000000,0.000000,0.573974,-0.362166,-0.337525,1.440694
304.000000,0.000000,1.000000,1.000000,0.000000,0.000000,0.573931,-0.362764,-0.337241,1.439585
306.000000,0.000000,1.000000,1.000000,0.000000,0.000000,0.574015,-0.363362,-0.337110,1.438571
307.000000,0.000000,1.000000,1.000000,0.000000,0.000000,0.573930,-0.363744,-0.336798,1.437535
309.000000,0.000000,1.000000,1.000000,0.000000,0.000000,0.573567,-0.364034,-0.336315,1.437021
310.000000,0.000000,1.000000,1.000000,0.000000,0.000000,0.572677,-0.364166,-0.335366,1.436846
312.000000,0.000000,1.000000,1.000000,0.000000,0.000000,0.571965,-0.364127,-0.334663,1.436970
313.000000,0.000000,1.000000,1.000000,0.000000,0.000000,0.571386,-0.364054,-0.334091,1.437070
315.000000,0.000000,1.000000,1.000000,0.000000,0.000000,0.571466,-0.364159,-0.334177,1.437079
316.000000,0.000000,1.000000,1.000000,0.000000,0.000000,0.571923,-0.364230,-0.334598,1.436864
318.000000,0.000000,1.000000,1.000000,0.000000,0.000000,0.572609,-0.364346,-0.335233,1.436552
319.000000,0.000000,1.000000,1.000000,0.000000,0.000000,0.573305,-0.364503,-0.335854,1.436130
320.000000,0.000000,1.000000,1.000000,0.000000,0.000000,0.573829,-0.364616,-0.336376,1.436057
322.000000,0.000000,1.000000,1.000000,0.000000,0.000000,0.573637,-0.364495,-0.336142,1.435892
324.000000,0.000000,1.000000,1.000000,0.000000,0.000000,0.573031,-0.364428,-0.335487,1.435745
325.000000,0.000000,1.000000,1.000000,0.000000,0.000000,0.572532,-0.364424,-0.335035,1.436013
327.000000,0.000000,1.000000,1.000000,0.000000,0.000000,0.571707,-0.364407,-0.334278,1.436408
328.000000,0.000000,1.000000,1.000000,0.000000,0.000000,0.571152,-0.364362,-0.333724,1.436482
330.000000,0.000000,1.000000,1.000000,0.000000,0.000000,0.570913,-0.364403,-0.333545,1.436770
331.000000,0.000000,1.000000,1.000000,0.000000,0.000000,0.570985,-0.364329,-0.333662,1.436973
333.000000,0.000000,1.000000,1.000000,0.000000,0.000000,0.570936,-0.364122,-0.333630,1.437068
334.000000,0.000000,1.000000,1.000000,0.000000,0.000000,0.571009,-0.364148,-0.333743,1.437237
336.000000,0.000000,1.000000,1.000000,0.000000,0.000000,0.570990,-0.364032,-0.333753,1.437373
337.000000,0.000000,1.000000,1.000000,0.000000,0.000000,0.570958,-0.363482,-0.333635,1.437026
339.000000,0.000000,1.000000,1.000000,0.000000,0.000000,0.570755,-0.363150,-0.333425,1.437035
340.000000,0.000000,1.000000,1.000000,0.000000,0.000000,0.570530,-0.362941,-0.333059,1.436443
342.000000,0.000000,1.000000,1.000000,0.000000,0.000000,0.570542,-0.362714,-0.332893,1.435656
343.000000,0.000000,1.000000,1.000000,0.000000,0.000000,0.570453,-0.362375,-0.332613,1.434832
345.000000,0.000000,1.000000,1.000000,0.000000,0.000000,0.570425,-0.362553,-0.332524,1.434552
346.000000,0.000000,1.000000,1.000000,0.000000,0.000000,0.570686,-0.362529,-0.332665,1.433986
347.000000,0.000000,1.000000,1.000000,0.000000,0.000000,0.570940,-0.362420,-0.332861,1.433702
349.000000,0.000000,1.000000,1.000000,0.000000,0.000000,0.571222,-0.362147,-0.333069,1.433361
351.000000,0.000000,1.000000,1.000000,0.000000,0.000000,0.571516,-0.362149,-0.333332,1.433187
352.000000,0.000000,1.000000,1.000000,0.000000,0.000000,0.571715,-0.361882,-0.333562,1.433318
353.000000,0.000000,1.000000,1.000000,0.000000,0.000000,0.571582,-0.361780,-0.333473,1.433542
355.000000,0.000000,1.000000,1.000000,0.000000,0.000000,0.571491,-0.361777,-0.333436,1.433789
356.000000,0.000000,1.000000,1.000000,0.000000,0.000000,0.571213,-0.361762,-0.333240,1.434193
358.000000,0.000000,1.000000,1.000000,0.000000,0.000000,0.571093,-0.361767,-0.333167,1.434414
359.000000,0.000000,1.000000,1.000000,0.000000,0.000000,0.570962,-0.361968,-0.333047,1.434469
361.000000,0.000000,1.000000,1.000000,0.000000,0.000000,0.571055,-0.362127,-0.333102,1.434275
362.000000,0.000000,1.000000,1.000000,0.000000,0.000000,0.571153,-0.362258,-0.333120,1.433899
364.000000,0.000000,1.000000,1.000000,0.000000,0.000000,0.571248,-0.362391,-0.333164,1.433649
365.000000,0.000000,1.000000,1.000000,0.000000,0.000000,0.571255,-0.362457,-0.333145,1.433529
367.000000,0.000000,1.000000,1.000000,0.000000,0.000000,0.571336,-0.362491,-0.333144,1.433151
368.000000,0.000000,1.000000,1.000000,0.000000,0.000000,0.571316,-0.362444,-0.333100,1.433048
370.000000,0.000000,1.000000,1.000000,0.000000,0.000000,0.571350,-0.362355,-0.333131,1.433038
372.000000,0.000000,1.000000,1.000000,0.000000,0.000000,0.571387,-0.362431,-0.333168,1.433029
373.000000,0.000000,1.000000,1.000000,0.000000,0.000000,0.571282,-0.362450,-0.333041,1.432938
374.000000,0.000000,1.000000,1.000000,0.000000,0.000000,0.571126,-0.362591,-0.332865,1.432855
376.000000,0.000000,1.000000,1.000000,0.000000,0.000000,0.571127,-0.362814,-0.332868,1.432852
377.000000,0.000000,1.000000,1.000000,0.000000,0.000000,0.571065,-0.362920,-0.332820,1.432916
379.000000,0.000000,1.000000,1.000000,0.000000,0.000000,0.571119,-0.362880,-0.332875,1.432916
380.000000,0.000000,1.000000,1.000000,0.000000,0.000000,0.571081,-0.362781,-0.332878,1.433110
382.000000,0.000000,1.000000,1.000000,0.000000,0.000000,0.571092,-0.362561,-0.332975,1.433510
383.000000,0.000000,1.000000,1.000000,0.000000,0.000000,0.571033,-0.362372,-0.332930,1.433590
385.000000,0.000000,1.000000,1.000000,0.000000,0.000000,0.570985,-0.362333,-0.332888,1.433627
386.000000,0.000000,1.000000,1.000000,0.000000,0.000000,0.570989,-0.362408,-0.332940,1.433833
387.000000,0.000000,1.000000,1.000000,0.000000,0.000000,0.571165,-0.362446,-0.333117,1.433816
389.000000,0.000000,1.000000,1.000000,0.000000,0.000000,0.571149,-0.362414,-0.333075,1.433705
390.000000,0.000000,1.000000,1.000000,0.000000,0.000000,0.571040,-0.362326,-0.332997,1.433861
392.000000,0.000000,1.000000,1.000000,0.000000,0.000000,0.571169,-0.362165,-0.333178,1.434090
393.000000,0.000000,1.000000,1.000000,0.000000,0.000000,0.571130,-0.361867,-0.333167,1.434239
395.000000,0.000000,1.000000,1.000000,0.000000,0.000000,0.571073,-0.361619,-0.333213,1.434722
396.000000,0.000000,1.000000,1.000000,0.000000,0.000000,0.571082,-0.361513,-0.333354,1.435322
397.000000,0.000000,1.000000,1.000000,0.000000,0.000000,0.571184,-0.361374,-0.333580,1.435874
399.000000,0.000000,1.000000,1.000000,0.000000,0.000000,0.571235,-0.361396,-0.333733,1.436325
400.000000,0.000000,1.000000,1.000000,0.000000,0.000000,0.571333,-0.361431,-0.333859,1.436441
402.000000,0.000000,1.000000,1.000000,0.000000,0.000000,0.571314,-0.361743,-0.333798,1.436232
403.000000,0.000000,1.000000,1.000000,0.000000,0.000000,0.571332,-0.362028,-0.333637,1.435409
405.000000,0.000000,1.000000,1.000000,0.000000,0.000000,0.571313,-0.362388,-0.333447,1.434618
406.000000,0.000000,1.000000,1.000000,0.000000,0.000000,0.571217,-0.362641,-0.333157,1.433745
408.000000,0.000000,1.000000,1.000000,0.000000,0.000000,0.571057,-0.362987,-0.332868,1.433162
409.000000,0.000000,1.000000,1.000000,0.000000,0.000000,0.571074,-0.363011,-0.332737,1.432492
410.000000,0.000000,1.000000,1.000000,0.000000,0.000000,0.571180,-0.362870,-0.332814,1.432360
412.000000,0.000000,1.000000,1.000000,0.000000,0.000000,0.571212,-0.362818,-0.332761,1.431982
413.000000,0.000000,1.000000,1.000000,0.000000,0.000000,0.571153,-0.362855,-0.332646,1.431734
415.000000,0.000000,1.000000,1.000000,0.000000,0.000000,0.571162,-0.362810,-0.332620,1.431580
416.000000,0.000000,1.000000,1.000000,0.000000,0.000000,0.570997,-0.362743,-0.332519,1.431890
418.000000,0.000000,1.000000,1.000000,0.000000,0.000000,0.570797,-0.362808,-0.332373,1.432147
419.000000,0.000000,1.000000,1.000000,0.000000,0.000000,0.570592,-0.362692,-0.332256,1.432575
421.000000,0.000000,1.000000,1.000000,0.000000,0.000000,0.570189,-0.362436,-0.331921,1.432939
422.000000,0.000000,1.000000,1.000000,0.000000,0.000000,0.569793,-0.362198,-0.331596,1.433318
423.000000,0.000000,1.000000,1.000000,0.000000,0.000000,0.569480,-0.362112,-0.331303,1.433450
425.000000,0.000000,1.000000,1.000000,0.000000,0.000000,0.569231,-0.361944,-0.331044,1.433442
426.000000,0.000000,1.000000,1.000000,0.000000,0.000000,0.569049,-0.361692,-0.330851,1.433427
428.000000,0.000000,1.000000,1.000000,0.000000,0.000000,0.569067,-0.361592,-0.330933,1.433719
429.000000,0.000000,1.000000,1.000000,0.000000,0.000000,0.569085,-0.361537,-0.331017,1.434015
431.000000,0.000000,1.000000,1.000000,0.000000,0.000000,0.569325,-0.361416,-0.331348,1.434406
432.000000,0.000000,1.000000,1.000000,0.000000,0.000000,0.569748,-0.361416,-0.331852,1.434718
434.000000,3.000000,1.000000,1.000000,0.001529,0.000000,0.570441,-0.361507,-0.332568,1.434741
435.000000,0.000000,1.000000,1.000000,0.000000,0.000000,0.571142,-0.361675,-0.333251,1.434576
437.000000,0.000000,1.000000,1.000000,0.000000,0.000000,0.571377,-0.361727,-0.333429,1.434289
438.000000,0.000000,1.000000,1.000000,0.000000,0.000000,0.571465,-0.361852,-0.333419,1.433834
440.000000,0.000000,1.000000,1.000000,0.000000,0.000000,0.571286,-0.361946,-0.333196,1.433651
442.000000,0.000000,1.000000,1.000000,0.000000,0.000000,0.571020,-0.362082,-0.332931,1.433672
443.000000,0.000000,1.000000,1.000000,0.000000,0.000000,0.571214,-0.362050,-0.333056,1.433341
445.000000,0.000000,1.000000,1.000000,0.000000,0.000000,0.572060,-0.362312,-0.333883,1.433147
446.000000,0.000000,1.000000,1.000000,0.000000,0.000000,0.572434,-0.362628,-0.334239,1.433007
448.000000,0.000000,1.000000,1.000000,0.000000,0.000000,0.572591,-0.362978,-0.334323,1.432643
449.000000,3.000000,1.000000,1.000000,0.001468,0.000000,0.572612,-0.363257,-0.334226,1.432091
451.000000,1.000000,1.000000,2.000000,0.001354,0.000000,0.572110,-0.363590,-0.333677,1.431914
452.000000,1.000000,1.000000,2.000000,0.001886,0.000000,0.571331,-0.363756,-0.332777,1.431447
454.000000,1.000000,1.000000,2.000000,0.002117,0.000000,0.571203,-0.363637,-0.332470,1.430664
455.000000,1.000000,1.000000,2.000000,0.001918,0.000000,0.571180,-0.363595,-0.332347,1.430222
457.000000,1.000000,1.000000,2.000000,0.001526,0.000000,0.571282,-0.363423,-0.332384,1.429928
459.000000,1.000000,1.000000,2.000000,0.001441,0.000000,0.571376,-0.363151,-0.332383,1.429511
460.000000,1.000000,1.000000,2.000000,0.001238,0.000000,0.571569,-0.362972,-0.332518,1.429242
462.000000,1.000000,1.000000,2.000000,0.000000,0.000000,0.571471,-0.363102,-0.332440,1.429334
464.000000,1.000000,1.000000,2.000000,0.000000,0.000000,0.571457,-0.363120,-0.332419,1.429300
465.000000,1.000000,1.000000,2.000000,0.000000,0.000000,0.571313,-0.363157,-0.332307,1.429463
467.000000,1.000000,1.000000,2.000000,0.000000,0.000000,0.571194,-0.363238,-0.332239,1.429700
469.000000,1.000000,1.000000,2.000000,0.000000,0.000000,0.571459,-0.363124,-0.332533,1.429802
470.000000,1.000000,1.000000,2.000000,0.000000,0.000000,0.572038,-0.362431,-0.333034,1.429435
472.000000,1.000000,1.000000,2.000000,0.002285,0.000000,0.572098,-0.360849,-0.332970,1.428976
473.000000,1.000000,1.000000,2.000000,0.003787,0.000000,0.572257,-0.359086,-0.332890,1.427993
475.000000,1.000000,1.000000,2.000000,0.006490,0.000000,0.574218,-0.356606,-0.334319,1.425549
476.000000,1.000000,1.000000,2.000000,0.009550,0.000000,0.577617,-0.353898,-0.337108,1.422605
478.000000,1.000000,1.000000,2.000000,0.013252,0.000000,0.581917,-0.349932,-0.340745,1.419407
480.000000,1.000000,1.000000,2.000000,0.016981,0.000000,0.587223,-0.345584,-0.345298,1.415719
481.000000,1.000000,1.000000,2.000000,0.021225,0.000000,0.592482,-0.339254,-0.349511,1.410848
483.000000,1.000000,1.000000,2.000000,0.023921,0.000000,0.595268,-0.330724,-0.351429,1.407185
484.000000,1.000000,1.000000,2.000000,0.027101,0.000000,0.596106,-0.320329,-0.351300,1.403410
486.000000,1.000000,1.000000,2.000000,0.031375,0.000000,0.596244,-0.308183,-0.350424,1.399618
488.000000,1.000000,1.000000,2.000000,0.036419,0.000000,0.595344,-0.294282,-0.348464,1.395844
490.000000,1.000000,1.000000,2.000000,0.041092,0.000000,0.593929,-0.279202,-0.346017,1.392325
491.000000,1.000000,1.000000,2.000000,0.045651,0.000000,0.593229,-0.262729,-0.344117,1.388058
493.000000,1.000000,1.000000,2.000000,0.050170,0.000000,0.592315,-0.244402,-0.342158,1.384636
494.000000,1.000000,1.000000,2.000000,0.051247,0.000000,0.589602,-0.228258,-0.338426,1.381383
496.000000,1.000000,1.000000,2.000000,0.050575,0.000000,0.585263,-0.213125,-0.333336,1.379458
497.000000,1.000000,1.000000,2.000000,0.047866,0.000000,0.578878,-0.200166,-0.326640,1.379584
499.000000,1.000000,1.000000,2.000000,0.043293,0.000000,0.569091,-0.191317,-0.316994,1.381856
500.000000,1.000000,1.000000,2.000000,0.040901,0.000000,0.555993,-0.185258,-0.304124,1.384709
502.000000,1.000000,1.000000,2.000000,0.043685,0.000000,0.539603,-0.179622,-0.288165,1.388814
503.000000,1.000000,1.000000,2.000000,0.049638,0.000000,0.520017,-0.175270,-0.269024,1.393250
505.000000,1.000000,1.000000,2.000000,0.057809,0.000000,0.496975,-0.171782,-0.246503,1.398353
507.000000,1.000000,1.000000,2.000000,0.066200,0.000000,0.471264,-0.169382,-0.221226,1.403296
508.000000,1.000000,1.000000,2.000000,0.073733,0.000000,0.443480,-0.169278,-0.193948,1.408647
510.000000,1.000000,1.000000,2.000000,0.080133,0.000000,0.414206,-0.171036,-0.165331,1.414716
512.000000,1.000000,1.000000,2.000000,0.084503,0.000000,0.384719,-0.174415,-0.136490,1.420661
513.000000,1.000000,1.000000,2.000000,0.086824,0.000000,0.355600,-0.179282,-0.107944,1.426142
515.000000,1.000000,1.000000,2.000000,0.087476,0.000000,0.327155,-0.185207,-0.079956,1.430961
517.000000,1.000000,1.000000,2.000000,0.085629,0.000000,0.300626,-0.191070,-0.053854,1.435439
518.000000,1.000000,1.000000,2.000000,0.083496,0.000000,0.274036,-0.194068,-0.027586,1.439638
520.000000,1.000000,1.000000,2.000000,0.080494,0.000000,0.248720,-0.196565,-0.002754,1.444450
522.000000,1.000000,1.000000,2.000000,0.077214,0.000000,0.224736,-0.200571,0.020596,1.449686
523.000000,1.000000,1.000000,2.000000,0.074306,0.000000,0.201428,-0.204502,0.043167,1.455326
525.000000,1.000000,1.000000,2.000000,0.073643,0.000000,0.176955,-0.208401,0.066896,1.461116
526.000000,1.000000,1.000000,2.000000,0.073116,0.000000,0.153355,-0.215386,0.089574,1.467422
528.000000,1.000000,1.000000,2.000000,0.074449,0.000000,0.128667,-0.223310,0.113279,1.474060
529.000000,1.000000,2.000000,2.000000,0.074003,0.000000,0.105290,-0.229046,0.135521,1.481372
531.000000,1.000000,2.000000,2.000000,0.070760,0.000000,0.084743,-0.234087,0.154842,1.488823
533.000000,1.000000,2.000000,2.000000,0.064861,0.000000,0.067683,-0.239620,0.170620,1.496110
535.000000,1.000000,2.000000,2.000000,0.056451,0.000000,0.054793,-0.245703,0.182437,1.501963
537.000000,1.000000,2.000000,2.000000,0.045234,0.000000,0.046869,-0.251200,0.189672,1.505581
538.000000,1.000000,2.000000,2.000000,0.036658,0.000000,0.040264,-0.257774,0.195835,1.507879
540.000000,1.000000,2.000000,2.000000,0.029974,0.000000,0.035830,-0.264568,0.199884,1.509663
542.000000,1.000000,2.000000,2.000000,0.025152,0.000000,0.032693,-0.270856,0.202816,1.510535
543.000000,1.000000,2.000000,2.000000,0.021464,0.000000,0.030371,-0.276028,0.204848,1.511761
545.000000,1.000000,2.000000,2.000000,0.019903,0.000000,0.028265,-0.281817,0.206564,1.513381
547.000000,1.000000,2.000000,2.000000,0.017728,0.000000,0.027638,-0.286876,0.206989,1.514037
548.000000,1.000000,2.000000,2.000000,0.016024,0.000000,0.026749,-0.291435,0.207720,1.514554
550.000000,1.000000,2.000000,2.000000,0.014619,0.000000,0.026157,-0.295667,0.208169,1.514995
552.000000,1.000000,2.000000,2.000000,0.013107,0.000000,0.026075,-0.299372,0.208330,1.514413
553.000000,1.000000,2.000000,2.000000,0.011242,0.000000,0.026417,-0.302222,0.208170,1.513377
555.000000,1.000000,2.000000,2.000000,0.009792,0.000000,0.028313,-0.304593,0.206438,1.512285
557.000000,1.000000,2.000000,2.000000,0.009028,0.000000,0.030422,-0.306513,0.204576,1.510822
559.000000,1.000000,2.000000,2.000000,0.008564,0.000000,0.031973,-0.308090,0.203389,1.508921
560.000000,1.000000,2.000000,2.000000,0.008003,0.000000,0.033588,-0.309086,0.202116,1.507142
562.000000,1.000000,2.000000,2.000000,0.007218,0.000000,0.035274,-0.309209,0.200749,1.505521
564.000000,1.000000,2.000000,2.000000,0.005829,0.000000,0.035777,-0.309177,0.200532,1.504183
565.000000,1.000000,2.000000,2.000000,0.004495,0.000000,0.035922,-0.308498,0.200626,1.503136
567.000000,1.000000,2.000000,2.000000,0.003616,0.000000,0.036439,-0.307736,0.200235,1.502562
568.000000,1.000000,2.000000,2.000000,0.002730,0.000000,0.036803,-0.307546,0.199939,1.502230
570.000000,1.000000,2.000000,2.000000,0.002492,0.000000,0.036754,-0.307039,0.200164,1.501477
572.000000,1.000000,2.000000,2.000000,0.002185,0.000000,0.036521,-0.306499,0.200486,1.501140
573.000000,1.000000,2.000000,2.000000,0.002171,0.000000,0.036642,-0.306328,0.200556,1.500278
575.000000,1.000000,2.000000,2.000000,0.002236,0.000000,0.036853,-0.305771,0.200476,1.499700
576.000000,1.000000,2.000000,2.000000,0.002873,0.000000,0.037141,-0.304682,0.200384,1.498860
578.000000,1.000000,2.000000,2.000000,0.002317,0.000000,0.037359,-0.304276,0.200172,1.498835
579.000000,1.000000,2.000000,2.000000,0.002676,0.000000,0.037703,-0.303724,0.200057,1.497803
581.000000,1.000000,2.000000,2.000000,0.002766,0.000000,0.037872,-0.302973,0.200032,1.497189
582.000000,1.000000,2.000000,2.000000,0.002728,0.000000,0.038061,-0.302397,0.199995,1.496522
584.000000,1.000000,2.000000,2.000000,0.002487,0.000000,0.038292,-0.301940,0.199878,1.496017
585.000000,1.000000,2.000000,2.000000,0.002557,0.000000,0.038760,-0.301534,0.199569,1.495275
587.000000,1.000000,2.000000,2.000000,0.001740,0.000000,0.038789,-0.301128,0.199472,1.495603
588.000000,1.000000,2.000000,2.000000,0.001516,0.000000,0.038857,-0.300572,0.199363,1.495815
590.000000,1.000000,2.000000,2.000000,0.001545,0.000000,0.038937,-0.300076,0.199205,1.496186
591.000000,1.000000,2.000000,2.000000,0.001666,0.000000,0.038668,-0.299916,0.199305,1.496984
593.000000,1.000000,2.000000,2.000000,0.001883,0.000000,0.038451,-0.299564,0.199414,1.497514
594.000000,1.000000,2.000000,2.000000,0.001364,0.000000,0.038537,-0.299634,0.199298,1.497636
596.000000,1.000000,2.000000,2.000000,0.001446,0.000000,0.038290,-0.299214,0.199463,1.498061
597.000000,1.000000,2.000000,2.000000,0.001301,0.000000,0.038049,-0.298905,0.199668,1.498266
599.000000,1.000000,2.000000,2.000000,0.000000,0.000000,0.038016,-0.298802,0.199768,1.497972
600.000000,1.000000,2.000000,2.000000,0.000000,0.000000,0.038138,-0.298879,0.199621,1.498068
602.000000,1.000000,2.000000,2.000000,0.000000,0.000000,0.038398,-0.298976,0.199397,1.497872
603.000000,1.000000,2.000000,2.000000,0.001054,0.000000,0.038957,-0.299593,0.198878,1.497594
605.000000,1.000000,2.000000,2.000000,0.002010,0.000000,0.039750,-0.300262,0.198185,1.497016
606.000000,1.000000,2.000000,2.000000,0.002587,0.000000,0.040661,-0.300594,0.197399,1.496332
608.000000,1.000000,2.000000,2.000000,0.002552,0.000000,0.041173,-0.300802,0.196972,1.495879
609.000000,1.000000,2.000000,2.000000,0.002191,0.000000,0.041588,-0.300426,0.196661,1.495393
611.000000,1.000000,2.000000,2.000000,0.001876,0.000000,0.041958,-0.300474,0.196354,1.495065
612.000000,1.000000,2.000000,2.000000,0.001387,0.000000,0.042074,-0.300197,0.196282,1.494873
614.000000,1.000000,2.000000,2.000000,0.000000,0.000000,0.041917,-0.299988,0.196349,1.495308
615.000000,1.000000,2.000000,2.000000,0.000000,0.000000,0.041957,-0.299601,0.196264,1.495530
617.000000,1.000000,2.000000,2.000000,0.000000,0.000000,0.041798,-0.299686,0.196296,1.496109
618.000000,1.000000,2.000000,2.000000,0.001754,0.000000,0.041767,-0.298752,0.196228,1.496617
619.000000,1.000000,2.000000,2.000000,0.002931,0.000000,0.041462,-0.297162,0.196424,1.497240
621.000000,1.000000,2.000000,2.000000,0.004437,0.000000,0.041336,-0.294801,0.196537,1.497462
622.000000,1.000000,2.000000,2.000000,0.006035,0.000000,0.040355,-0.292186,0.197526,1.497700
624.000000,1.000000,2.000000,2.000000,0.008999,0.000000,0.038369,-0.288066,0.199610,1.497742
625.000000,1.000000,2.000000,2.000000,0.011069,0.000000,0.036754,-0.283961,0.201476,1.497052
627.000000,1.000000,2.000000,2.000000,0.012639,0.000000,0.035662,-0.279469,0.202808,1.496383
628.000000,1.000000,2.000000,2.000000,0.013365,0.000000,0.034307,-0.275304,0.204381,1.495818
630.000000,1.000000,2.000000,2.000000,0.014097,0.000000,0.034057,-0.270463,0.205006,1.494465
631.000000,1.000000,2.000000,2.000000,0.014266,0.000000,0.035149,-0.265722,0.204326,1.492800
633.000000,1.000000,2.000000,2.000000,0.015373,0.000000,0.036198,-0.260371,0.203832,1.490532
634.000000,1.000000,2.000000,2.000000,0.016288,0.000000,0.038679,-0.255553,0.202078,1.487301
636.000000,1.000000,2.000000,2.000000,0.019240,0.000000,0.042566,-0.249543,0.199257,1.482472
637.000000,1.000000,2.000000,2.000000,0.022134,0.000000,0.048479,-0.244095,0.194486,1.477044
639.000000,1.000000,2.000000,2.000000,0.025986,0.000000,0.056422,-0.238552,0.187839,1.470700
640.000000,1.000000,2.000000,2.000000,0.029927,0.000000,0.066812,-0.234094,0.178689,1.464269
642.000000,1.000000,2.000000,2.000000,0.034771,0.000000,0.079590,-0.229774,0.167168,1.457492
643.000000,1.000000,2.000000,6.000000,0.039149,0.000000,0.093785,-0.226582,0.154228,1.450497
645.000000,1.000000,2.000000,6.000000,0.042221,0.000000,0.108051,-0.223617,0.141189,1.443605
646.000000,1.000000,2.000000,6.000000,0.044839,0.000000,0.123349,-0.221506,0.127117,1.436552
648.000000,1.000000,2.000000,6.000000,0.047753,0.000000,0.139982,-0.218839,0.111758,1.429161
649.000000,1.000000,2.000000,6.000000,0.050142,0.000000,0.156967,-0.216144,0.096246,1.420846
651.000000,1.000000,2.000000,6.000000,0.053571,0.000000,0.175815,-0.213256,0.078932,1.412071
652.000000,1.000000,2.000000,6.000000,0.058437,0.000000,0.197148,-0.210584,0.059185,1.402764
654.000000,1.000000,2.000000,6.000000,0.062837,0.000000,0.219406,-0.207933,0.038563,1.393134
655.000000,1.000000,2.000000,6.000000,0.065673,0.000000,0.241428,-0.205431,0.018245,1.383216
657.000000,1.000000,2.000000,6.000000,0.066098,0.000000,0.262137,-0.202864,-0.000839,1.373799
658.000000,1.000000,2.000000,6.000000,0.064725,0.000000,0.282029,-0.200682,-0.019362,1.365597
660.000000,1.000000,2.000000,6.000000,0.062652,0.000000,0.301260,-0.197330,-0.037262,1.357715
662.000000,1.000000,2.000000,6.000000,0.061087,0.000000,0.320586,-0.193723,-0.055332,1.350170
663.000000,1.000000,2.000000,6.000000,0.061134,0.000000,0.340727,-0.188744,-0.074210,1.342597
665.000000,1.000000,2.000000,6.000000,0.062592,0.000000,0.361542,-0.182159,-0.093709,1.334809
666.000000,1.000000,2.000000,6.000000,0.064334,0.000000,0.382398,-0.174406,-0.113279,1.327227
668.000000,1.000000,2.000000,6.000000,0.064853,0.000000,0.402107,-0.166266,-0.131633,1.319484
670.000000,1.000000,2.000000,6.000000,0.064467,0.000000,0.420426,-0.156438,-0.148532,1.311711
671.000000,1.000000,2.000000,6.000000,0.062740,0.000000,0.437191,-0.146192,-0.163959,1.304507
673.000000,1.000000,2.000000,6.000000,0.059982,0.000000,0.452681,-0.136132,-0.178352,1.298507
674.000000,1.000000,2.000000,6.000000,0.055198,0.000000,0.465490,-0.127162,-0.190085,1.292836
676.000000,1.000000,2.000000,6.000000,0.049954,0.000000,0.476706,-0.118717,-0.200511,1.288585
677.000000,1.000000,2.000000,6.000000,0.043694,0.000000,0.485929,-0.111720,-0.209114,1.285223
679.000000,1.000000,6.000000,6.000000,0.037606,0.000000,0.493599,-0.105527,-0.216231,1.282289
680.000000,1.000000,6.000000,6.000000,0.031341,0.000000,0.499404,-0.100447,-0.221632,1.280158
682.000000,1.000000,6.000000,6.000000,0.027237,0.000000,0.505066,-0.095212,-0.226898,1.278084
684.000000,1.000000,6.000000,6.000000,0.023301,0.000000,0.509508,-0.090877,-0.230936,1.276056
685.000000,1.000000,6.000000,6.000000,0.022556,0.000000,0.514725,-0.085022,-0.235662,1.273647
687.000000,1.000000,6.000000,6.000000,0.019321,0.000000,0.517804,-0.081477,-0.238577,1.272798
688.000000,1.000000,6.000000,6.000000,0.016302,0.000000,0.520718,-0.078936,-0.241362,1.272054
690.000000,1.000000,6.000000,6.000000,0.014516,0.000000,0.523878,-0.075977,-0.244451,1.271574
692.000000,1.000000,6.000000,6.000000,0.013167,0.000000,0.526911,-0.073298,-0.247436,1.271194
693.000000,1.000000,6.000000,6.000000,0.010396,0.000000,0.529067,-0.072656,-0.249763,1.271763
695.000000,1.000000,6.000000,6.000000,0.011190,0.000000,0.533134,-0.070594,-0.253831,1.271451
697.000000,1.000000,6.000000,6.000000,0.011887,0.000000,0.537082,-0.068530,-0.257748,1.271002
699.000000,1.000000,6.000000,6.000000,0.011792,0.000000,0.540581,-0.067067,-0.261229,1.270632
700.000000,1.000000,6.000000,6.000000,0.012683,0.000000,0.544748,-0.064764,-0.265230,1.269569
702.000000,1.000000,6.000000,6.000000,0.012827,0.000000,0.548341,-0.062721,-0.268614,1.268364
704.000000,1.000000,6.000000,6.000000,0.011605,0.000000,0.550944,-0.061010,-0.271111,1.267707
705.000000,1.000000,6.000000,6.000000,0.010795,0.000000,0.553445,-0.058896,-0.273571,1.267383
707.000000,1.000000,6.000000,6.000000,0.009802,0.000000,0.555481,-0.056951,-0.275633,1.267394
708.000000,1.000000,6.000000,6.000000,0.008100,0.000000,0.557287,-0.056512,-0.277659,1.268213
710.000000,1.000000,6.000000,6.000000,0.007309,0.000000,0.558927,-0.055519,-0.279506,1.269019
712.000000,1.000000,6.000000,6.000000,0.006576,0.000000,0.560388,-0.054604,-0.281072,1.269386
713.000000,1.000000,6.000000,6.000000,0.006005,0.000000,0.561817,-0.053614,-0.282578,1.269639
715.000000,1.000000,6.000000,6.000000,0.005413,0.000000,0.563002,-0.052820,-0.283858,1.269981
717.000000,1.000000,6.000000,6.000000,0.005361,0.000000,0.564215,-0.051277,-0.285071,1.269947
718.000000,1.000000,6.000000,6.000000,0.006047,0.000000,0.566053,-0.049533,-0.286913,1.269875
720.000000,1.000000,6.000000,6.000000,0.006668,0.000000,0.567583,-0.047475,-0.288428,1.269765
721.000000,1.000000,6.000000,6.000000,0.007473,0.000000,0.569208,-0.045081,-0.289986,1.269439
723.000000,1.000000,6.000000,6.000000,0.008672,0.000000,0.571494,-0.042453,-0.292032,1.268270
724.000000,1.000000,6.000000,6.000000,0.009221,0.000000,0.573208,-0.039793,-0.293480,1.267060
726.000000,1.000000,6.000000,6.000000,0.008653,0.000000,0.574198,-0.037778,-0.294240,1.266046
727.000000,1.000000,6.000000,6.000000,0.007614,0.000000,0.575304,-0.036488,-0.295134,1.265053
728.000000,1.000000,6.000000,6.000000,0.006190,0.000000,0.576385,-0.035818,-0.296051,1.264244
730.000000,1.000000,6.000000,6.000000,0.004387,0.000000,0.576761,-0.035359,-0.296359,1.263926
731.000000,1.000000,6.000000,6.000000,0.002858,0.000000,0.577164,-0.035105,-0.296814,1.264128
733.000000,1.000000,6.000000,6.000000,0.001802,0.000000,0.577481,-0.035207,-0.297278,1.264746
734.000000,1.000000,6.000000,6.000000,0.001701,0.000000,0.577504,-0.035294,-0.297497,1.265617
736.000000,1.000000,6.000000,6.000000,0.002180,0.000000,0.577310,-0.035500,-0.297518,1.266586
737.000000,1.000000,6.000000,6.000000,0.002646,0.000000,0.577063,-0.035789,-0.297488,1.267570
739.000000,1.000000,6.000000,6.000000,0.003208,0.000000,0.575888,-0.036444,-0.296534,1.268653
740.000000,1.000000,6.000000,6.000000,0.003844,0.000000,0.574542,-0.037306,-0.295364,1.269536
742.000000,1.000000,6.000000,6.000000,0.005228,0.000000,0.572469,-0.038557,-0.293524,1.270734
744.000000,1.000000,6.000000,6.000000,0.006955,0.000000,0.570300,-0.040615,-0.291689,1.272340
745.000000,1.000000,6.000000,6.000000,0.008802,0.000000,0.568222,-0.043304,-0.290101,1.274597
747.000000,1.000000,6.000000,6.000000,0.010291,0.000000,0.566670,-0.046544,-0.289086,1.276973
748.000000,1.000000,6.000000,6.000000,0.012762,0.000000,0.564739,-0.050537,-0.287985,1.280656
749.000000,1.000000,6.000000,6.000000,0.014551,0.000000,0.563625,-0.054686,-0.287748,1.284450
751.000000,1.000000,6.000000,6.000000,0.015895,0.000000,0.562587,-0.058657,-0.287672,1.288629
752.000000,1.000000,6.000000,6.000000,0.016664,0.000000,0.561709,-0.062426,-0.287783,1.292923
754.000000,1.000000,6.000000,6.000000,0.018067,0.000000,0.560745,-0.066467,-0.288056,1.298323
756.000000,1.000000,6.000000,6.000000,0.018713,0.000000,0.558913,-0.070656,-0.287340,1.303261
757.000000,1.000000,6.000000,6.000000,0.020856,0.000000,0.555472,-0.076308,-0.285175,1.309009
758.000000,1.000000,6.000000,6.000000,0.023353,0.000000,0.550395,-0.082840,-0.281275,1.314436
760.000000,1.000000,6.000000,6.000000,0.027532,0.000000,0.542957,-0.090397,-0.275166,1.320741
762.000000,1.000000,6.000000,6.000000,0.030344,0.000000,0.534522,-0.097364,-0.267727,1.325701
763.000000,1.000000,6.000000,7.000000,0.032020,0.000000,0.526069,-0.103537,-0.260291,1.330803
765.000000,1.000000,6.000000,7.000000,0.032108,0.000000,0.517410,-0.108573,-0.252490,1.335297
766.000000,1.000000,6.000000,7.000000,0.031243,0.000000,0.508671,-0.112118,-0.244664,1.340127
768.000000,1.000000,6.000000,7.000000,0.028382,0.000000,0.501284,-0.113889,-0.238039,1.344252
769.000000,1.000000,6.000000,7.000000,0.027299,0.000000,0.493094,-0.114252,-0.230986,1.350237
771.000000,1.000000,6.000000,7.000000,0.027239,0.000000,0.484502,-0.112962,-0.223521,1.356321
772.000000,1.000000,6.000000,7.000000,0.028691,0.000000,0.475452,-0.108898,-0.215684,1.363019
774.000000,1.000000,6.000000,7.000000,0.033509,0.000000,0.464290,-0.102636,-0.206024,1.371386
776.000000,1.000000,6.000000,7.000000,0.039322,0.000000,0.451376,-0.094990,-0.194468,1.379388
777.000000,1.000000,6.000000,7.000000,0.044685,0.000000,0.437914,-0.085122,-0.182128,1.386531
779.000000,1.000000,6.000000,7.000000,0.049298,0.000000,0.424063,-0.074506,-0.169447,1.393984
780.000000,1.000000,6.000000,7.000000,0.053226,0.000000,0.409758,-0.062827,-0.156368,1.401799
782.000000,1.000000,6.000000,7.000000,0.055217,0.000000,0.396800,-0.049740,-0.144440,1.408679
784.000000,1.000000,6.000000,7.000000,0.058374,0.000000,0.383726,-0.034411,-0.132779,1.417432
785.000000,1.000000,6.000000,7.000000,0.062098,0.000000,0.370300,-0.018021,-0.121152,1.428026
787.000000,1.000000,6.000000,7.000000,0.067322,0.000000,0.355462,0.000001,-0.108396,1.440146
788.000000,1.000000,6.000000,7.000000,0.072782,0.000000,0.339431,0.018596,-0.094772,1.453887
790.000000,1.000000,6.000000,7.000000,0.078222,0.000000,0.322808,0.037640,-0.081045,1.469916
792.000000,1.000000,6.000000,7.000000,0.081769,0.000000,0.305664,0.055368,-0.067101,1.487287
793.000000,1.000000,6.000000,7.000000,0.083661,0.000000,0.288714,0.072385,-0.053493,1.505228
795.000000,1.000000,6.000000,7.000000,0.084515,0.000000,0.269978,0.086996,-0.038334,1.524264
797.000000,1.000000,6.000000,7.000000,0.084566,0.000000,0.250942,0.100767,-0.022867,1.543247
798.000000,1.000000,6.000000,7.000000,0.083610,0.000000,0.230349,0.112781,-0.005499,1.560747
800.000000,1.000000,6.000000,7.000000,0.083536,0.000000,0.207802,0.123645,0.013918,1.577968
801.000000,1.000000,6.000000,7.000000,0.084509,0.000000,0.182708,0.132183,0.035924,1.595129
802.000000,1.000000,6.000000,7.000000,0.086013,0.000000,0.157113,0.141033,0.058493,1.612092
804.000000,1.000000,6.000000,7.000000,0.088421,0.000000,0.129887,0.149079,0.082680,1.629242
806.000000,1.000000,6.000000,7.000000,0.090940,0.000000,0.102001,0.157493,0.107526,1.646491
807.000000,1.000000,6.000000,7.000000,0.091513,0.000000,0.076036,0.168477,0.130625,1.662909
809.000000,1.000000,6.000000,7.000000,0.090653,0.000000,0.051980,0.182224,0.152089,1.678068
811.000000,1.000000,6.000000,7.000000,0.089130,0.000000,0.029244,0.197736,0.172598,1.691550
812.000000,1.000000,6.000000,7.000000,0.086321,0.000000,0.007936,0.212537,0.191887,1.703894
814.000000,1.000000,6.000000,7.000000,0.082253,0.000000,-0.012465,0.224826,0.210262,1.716019
816.000000,1.000000,6.000000,7.000000,0.076690,0.000000,-0.032867,0.232601,0.228805,1.727101
818.000000,1.000000,6.000000,7.000000,0.071033,0.000000,-0.052938,0.237816,0.247296,1.736737
819.000000,1.000000,6.000000,7.000000,0.065890,0.000000,-0.072461,0.240577,0.265467,1.745134
820.000000,1.000000,6.000000,7.000000,0.062386,0.000000,-0.091686,0.242635,0.283508,1.752698
822.000000,1.000000,6.000000,7.000000,0.057032,0.000000,-0.107469,0.244511,0.298307,1.758975
823.000000,1.000000,6.000000,7.000000,0.052435,0.000000,-0.122699,0.246609,0.312976,1.763310
825.000000,1.000000,6.000000,7.000000,0.048685,0.000000,-0.137394,0.247673,0.327061,1.767738
826.000000,1.000000,7.000000,7.000000,0.044213,0.000000,-0.150138,0.247954,0.339302,1.771419
827.000000,1.000000,7.000000,7.000000,0.038058,0.000000,-0.159742,0.247758,0.348569,1.773980
829.000000,1.000000,7.000000,7.000000,0.033780,0.000000,-0.169207,0.248004,0.357892,1.775681
831.000000,1.000000,7.000000,7.000000,0.029694,0.000000,-0.177437,0.248890,0.365719,1.778450
833.000000,1.000000,7.000000,7.000000,0.024300,0.000000,-0.182924,0.249724,0.370875,1.780599
835.000000,1.000000,7.000000,7.000000,0.019514,0.000000,-0.187106,0.250792,0.374782,1.782358
836.000000,1.000000,7.000000,7.000000,0.015669,0.000000,-0.190539,0.251528,0.377985,1.783822
838.000000,1.000000,7.000000,7.000000,0.012413,0.000000,-0.193382,0.252155,0.380644,1.784997
839.000000,1.000000,7.000000,7.000000,0.008907,0.000000,-0.194795,0.252486,0.381974,1.785551
841.000000,1.000000,7.000000,7.000000,0.006420,0.000000,-0.196026,0.252379,0.383232,1.785555
843.000000,1.000000,7.000000,7.000000,0.004520,0.000000,-0.196764,0.252402,0.383829,1.786269
844.000000,1.000000,7.000000,7.000000,0.003130,0.000000,-0.197163,0.253358,0.384258,1.786239
846.000000,1.000000,7.000000,7.000000,0.001597,0.000000,-0.196683,0.253729,0.383802,1.786103
847.000000,1.000000,7.000000,7.000000,0.000000,0.000000,-0.196642,0.253074,0.383820,1.785792
849.000000,1.000000,7.000000,7.000000,0.000000,0.000000,-0.196937,0.253251,0.384040,1.786174
851.000000,1.000000,7.000000,7.000000,0.000000,0.000000,-0.196705,0.253384,0.383838,1.786019
853.000000,1.000000,7.000000,7.000000,0.000000,0.000000,-0.197082,0.252936,0.384120,1.786460
854.000000,1.000000,7.000000,7.000000,0.002149,0.000000,-0.198622,0.252475,0.385496,1.787337
856.000000,1.000000,7.000000,7.000000,0.002317,0.000000,-0.198598,0.253508,0.385250,1.788396
858.000000,1.000000,7.000000,7.000000,0.002828,0.000000,-0.199389,0.254285,0.385925,1.789052
859.000000,1.000000,7.000000,7.000000,0.002819,0.000000,-0.200078,0.254542,0.386558,1.789398
861.000000,1.000000,7.000000,7.000000,0.002441,0.000000,-0.200373,0.254614,0.386746,1.789916
863.000000,1.000000,7.000000,7.000000,0.002319,0.000000,-0.200068,0.255691,0.386379,1.790223
864.000000,1.000000,7.000000,7.000000,0.002852,0.000000,-0.201180,0.256747,0.387435,1.790666
866.000000,1.000000,7.000000,7.000000,0.002332,0.000000,-0.200981,0.257252,0.387227,1.790714
867.000000,2.000000,7.000000,7.000000,0.002624,0.000000,-0.200650,0.258368,0.386944,1.790533
868.000000,0.000000,7.000000,7.000000,0.000000,0.000000,-0.200246,0.259740,0.386518,1.790676
870.000000,0.000000,7.000000,7.000000,0.000000,0.000000,-0.200233,0.260597,0.386417,1.791124
872.000000,0.000000,7.000000,7.000000,0.000000,0.000000,-0.199412,0.260787,0.385778,1.790227
873.000000,0.000000,7.000000,7.000000,0.000000,0.000000,-0.198922,0.261287,0.385401,1.789698
875.000000,0.000000,7.000000,7.000000,0.000000,0.000000,-0.198812,0.261473,0.385305,1.789635
876.000000,0.000000,7.000000,7.000000,0.000000,0.000000,-0.198737,0.261553,0.385280,1.789406
878.000000,0.000000,7.000000,7.000000,0.000000,0.000000,-0.198744,0.261495,0.385344,1.789150
880.000000,0.000000,7.000000,7.000000,0.000000,0.000000,-0.199157,0.261310,0.385577,1.789990
881.000000,0.000000,7.000000,7.000000,0.000000,0.000000,-0.199412,0.260777,0.385710,1.790530
883.000000,0.000000,7.000000,7.000000,0.000000,0.000000,-0.200021,0.260341,0.386148,1.791336
884.000000,0.000000,7.000000,7.000000,0.000000,0.000000,-0.200559,0.259555,0.386547,1.791974
886.000000,0.000000,7.000000,7.000000,0.000000,0.000000,-0.200938,0.259108,0.386907,1.792073
888.000000,0.000000,7.000000,7.000000,0.000000,0.000000,-0.201324,0.258803,0.387381,1.791698
889.000000,0.000000,7.000000,7.000000,0.000000,0.000000,-0.201771,0.259459,0.387937,1.791303
891.000000,0.000000,7.000000,7.000000,0.000000,0.000000,-0.202236,0.259952,0.388506,1.790919
893.000000,0.000000,7.000000,7.000000,0.000000,0.000000,-0.202709,0.260837,0.389073,1.790604
894.000000,0.000000,7.000000,7.000000,0.000000,0.000000,-0.203060,0.261603,0.389575,1.790017
896.000000,0.000000,7.000000,7.000000,0.000000,0.000000,-0.204372,0.262645,0.391004,1.789700
898.000000,0.000000,7.000000,7.000000,0.000000,0.000000,-0.205125,0.262877,0.391822,1.789509
899.000000,0.000000,7.000000,7.000000,0.000000,0.000000,-0.205292,0.263077,0.392156,1.788790
901.000000,0.000000,7.000000,7.000000,0.000000,0.000000,-0.205487,0.263075,0.392541,1.787960
902.000000,0.000000,7.000000,7.000000,0.000000,0.000000,-0.205811,0.262694,0.392926,1.787696
904.000000,0.000000,7.000000,7.000000,0.000000,0.000000,-0.205685,0.262699,0.392813,1.787622
906.000000,0.000000,7.000000,7.000000,0.000000,0.000000,-0.206231,0.262765,0.393263,1.788120
907.000000,0.000000,7.000000,7.000000,0.000000,0.000000,-0.206160,0.262050,0.393027,1.788809
909.000000,0.000000,7.000000,7.000000,0.000000,0.000000,-0.206411,0.261910,0.393175,1.789288
911.000000,0.000000,7.000000,7.000000,0.000000,0.000000,-0.206447,0.261919,0.393215,1.789277
913.000000,0.000000,7.000000,7.000000,0.000000,0.000000,-0.206058,0.261230,0.392829,1.789176
914.000000,0.000000,7.000000,7.000000,0.000000,0.000000,-0.205137,0.260132,0.391973,1.788714
916.000000,0.000000,7.000000,7.000000,0.000000,0.000000,-0.205293,0.260690,0.392200,1.788445
917.000000,0.000000,7.000000,7.000000,0.000000,0.000000,-0.205218,0.261296,0.392246,1.787932
919.000000,0.000000,7.000000,7.000000,0.000000,0.000000,-0.205242,0.261111,0.392084,1.788760
920.000000,0.000000,7.000000,7.000000,0.000000,0.000000,-0.204957,0.261093,0.391699,1.789178
922.000000,0.000000,7.000000,7.000000,0.000000,0.000000,-0.205248,0.261627,0.391890,1.789687
923.000000,0.000000,7.000000,7.000000,0.000000,0.000000,-0.205042,0.260783,0.391534,1.790286
925.000000,0.000000,7.000000,7.000000,0.000000,0.000000,-0.204945,0.259942,0.391157,1.791479
926.000000,0.000000,7.000000,7.000000,0.000000,0.000000,-0.204475,0.260652,0.390827,1.790845
928.000000,0.000000,7.000000,7.000000,0.000000,0.000000,-0.204623,0.260985,0.390945,1.791015
930.000000,0.000000,7.000000,7.000000,0.000000,0.000000,-0.204913,0.261323,0.391253,1.790988
932.000000,0.000000,7.000000,7.000000,0.000000,0.000000,-0.205514,0.261936,0.391897,1.790901
933.000000,0.000000,7.000000,7.000000,0.000000,0.000000,-0.205473,0.261973,0.392019,1.790169
935.000000,0.000000,7.000000,7.000000,0.000000,0.000000,-0.206151,0.261728,0.392533,1.790962
937.000000,0.000000,7.000000,7.000000,0.000000,0.000000,-0.206460,0.261416,0.392795,1.791185
938.000000,0.000000,7.000000,7.000000,0.000000,0.000000,-0.206605,0.261440,0.393023,1.790831
940.000000,0.000000,7.000000,7.000000,0.000000,0.000000,-0.205925,0.260976,0.392441,1.790286
941.000000,0.000000,7.000000,7.000000,0.000000,0.000000,-0.206132,0.261144,0.392599,1.790541
943.000000,0.000000,7.000000,7.000000,0.000000,0.000000,-0.205531,0.260869,0.392110,1.789955
944.000000,0.000000,7.000000,7.000000,0.000000,0.000000,-0.205133,0.260887,0.391783,1.789596
946.000000,0.000000,7.000000,7.000000,0.000000,0.000000,-0.204956,0.260541,0.391495,1.790050
