51,0,0.519423,-0.199811,1.85664,0.117302,0.518112,1.83247
52,0,0.519606,-0.200217,1.85823,0.117302,0.518112,1.83247
53,0,0.51878,-0.198843,1.85575,0.117302,0.518112,1.83247
54,0,0.520334,-0.200224,1.85787,0.117302,0.518112,1.83247
55,0,0.517668,-0.199296,1.85474,0.117302,0.518112,1.83247
56,0,0.520175,-0.19786,1.85737,0.117302,0.518112,1.83247
57,0,0.520783,-0.199558,1.85618,0.117302,0.518112,1.83247
58,0,0.52053,-0.20041,1.85638,0.117302,0.518112,1.83247
59,0,0.518694,-0.198622,1.85757,0.117302,0.518112,1.83247
60,0,0.520056,-0.198737,1.85824,0.117302,0.518112,1.83247
61,0,0.52004,-0.200108,1.85779,0.117302,0.518112,1.83247
62,0,0.519508,-0.199253,1.85952,0.117302,0.518112,1.83247
63,0,0.52348,-0.199424,1.8595,0.117302,0.518112,1.83247
64,0,0.521124,-0.200361,1.85911,0.117302,0.518112,1.83247
65,0,0.51973,-0.20099,1.85606,0.117302,0.518112,1.83247
66,0,0.517326,-0.201195,1.85526,0.117302,0.518112,1.83247
67,0,0.520517,-0.200221,1.85447,0.117302,0.518112,1.83247
68,0,0.51837,-0.198425,1.85599,0.117302,0.518112,1.83247
69,0,0.518819,-0.198813,1.85736,0.117302,0.518112,1.83247
70,0,0.519195,-0.199419,1.85728,0.117302,0.518112,1.83247
71,0,0.519757,-0.198994,1.85925,0.117302,0.518112,1.83247
72,0,0.519117,-0.200081,1.85937,0.117302,0.518112,1.83247
73,0,0.521379,-0.20022,1.85727,0.117302,0.518112,1.83247
74,0,0.519937,-0.199478,1.86142,0.117302,0.518112,1.83247
75,0,0.52144,-0.201203,1.85706,0.117302,0.518112,1.83247
76,0,0.52016,-0.200971,1.85833,0.117302,0.518112,1.83247
77,0,0.519876,-0.200238,1.85783,0.117302,0.518112,1.83247
78,0,0.51957,-0.199344,1.85866,0.117302,0.518112,1.83247
79,0,0.519412,-0.19888,1.8588,0.117302,0.518112,1.83247
80,0,0.520216,-0.199247,1.85858,0.117302,0.518112,1.83247
81,0,0.518566,-0.198387,1.85836,0.117302,0.518112,1.83247
82,0,0.519884,-0.197905,1.86042,0.117302,0.518112,1.83247
83,0,0.519998,-0.196755,1.86123,0.117302,0.518112,1.83247
84,0,0.520324,-0.199107,1.85921,0.117302,0.518112,1.83247
85,0,0.519259,-0.199248,1.85757,0.117302,0.518112,1.83247
86,0,0.520904,-0.200165,1.85752,0.117302,0.518112,1.83247
87,0,0.517048,-0.198575,1.8579,0.117302,0.518112,1.83247
88,0,0.519835,-0.199123,1.85764,0.117302,0.518112,1.83247
89,0,0.518028,-0.19901,1.85812,0.117302,0.518112,1.83247
90,0,0.520017,-0.199884,1.85577,0.117302,0.518112,1.83247
91,0,0.510027,-0.194384,1.83001,0.117302,0.518112,1.83247
92,0,0.511079,-0.194004,1.82912,0.117302,0.518112,1.83247
93,0,0.508775,-0.194929,1.82747,0.117302,0.518112,1.83247
94,0,0.510359,-0.194827,1.83022,0.117302,0.518112,1.83247
95,0,0.511296,-0.194343,1.83084,0.117302,0.518112,1.83247
96,0,0.511042,-0.194742,1.82866,0.117302,0.518112,1.83247
97,0,0.510461,-0.193804,1.8279,0.117302,0.518112,1.83247
98,0,0.510266,-0.194334,1.83097,0.117302,0.518112,1.83247
99,0,0.510944,-0.194616,1.83155,0.117302,0.518112,1.83247
100,0,0.511087,-0.193963,1.82949,0.117302,0.518112,1.83247
101,0,0.510507,-0.194987,1.8265,0.117302,0.518112,1.83247
102,0,0.511434,-0.193794,1.82678,0.117302,0.518112,1.83247
103,0,0.510086,-0.195081,1.82792,0.117302,0.518112,1.83247
104,0,0.511037,-0.194279,1.82814,0.117302,0.518112,1.83247
105,0,0.512487,-0.193204,1.82841,0.117302,0.518112,1.83247
106,0,0.508919,-0.194596,1.8283,0.117302,0.518112,1.83247
107,0,0.511004,-0.193897,1.82938,0.117302,0.518112,1.83247
108,0,0.511114,-0.194763,1.82801,0.117302,0.518112,1.83247
109,0,0.510584,-0.194044,1.82755,0.117302,0.518112,1.83247
110,0,0.510243,-0.194229,1.82877,0.117302,0.518112,1.83247
111,0,0.510012,-0.194463,1.82783,0.117302,0.518112,1.83247
112,0,0.510001,-0.194224,1.82785,0.117302,0.518112,1.83247
113,0,0.510378,-0.193346,1.83114,0.117302,0.518112,1.83247
114,0,0.510837,-0.195087,1.82874,0.117302,0.518112,1.83247
115,0,0.509795,-0.194792,1.82856,0.117302,0.518112,1.83247
116,0,0.51086,-0.194944,1.82784,0.117302,0.518112,1.83247
117,0,0.511546,-0.194293,1.82928,0.117302,0.518112,1.83247
118,0,0.510941,-0.195305,1.83115,0.117302,0.518112,1.83247
119,0,0.512317,-0.194539,1.83151,0.117302,0.518112,1.83247
120,0,0.509943,-0.194204,1.82964,0.117302,0.518112,1.83247
121,0,0.51225,-0.19393,1.8302,0.117302,0.518112,1.83247
122,0,0.510489,-0.194144,1.82751,0.117302,0.518112,1.83247
123,0,0.510887,-0.195119,1.83009,0.117302,0.518112,1.83247
124,0,0.511402,-0.193347,1.82875,0.117302,0.518112,1.83247
125,0,0.511728,-0.193776,1.82941,0.117302,0.518112,1.83247
126,0,0.510675,-0.193973,1.83083,0.117302,0.518112,1.83247
127,0,0.511974,-0.194856,1.82989,0.117302,0.518112,1.83247
128,0,0.510619,-0.194628,1.82855,0.117302,0.518112,1.83247
129,0,0.510626,-0.193845,1.82677,0.117302,0.518112,1.83247
130,0,0.510445,-0.194313,1.83021,0.117302,0.518112,1.83247
131,0,0.509417,-0.195003,1.82899,0.117302,0.518112,1.83247
132,0,0.507205,-0.194954,1.82491,0.117302,0.518112,1.83247
133,0,0.510049,-0.194142,1.82868,0.117302,0.518112,1.83247
134,0,0.510682,-0.194925,1.82877,0.117302,0.518112,1.83247
135,0,0.51103,-0.194537,1.82861,0.117302,0.518112,1.83247
136,0,0.510277,-0.194813,1.82775,0.117302,0.518112,1.83247
137,0,0.510096,-0.193633,1.82991,0.117302,0.518112,1.83247
138,0,0.510398,-0.193614,1.83063,0.117302,0.518112,1.83247
139,0,0.510332,-0.194744,1.82957,0.117302,0.518112,1.83247
140,0,0.509828,-0.194309,1.82934,0.117302,0.518112,1.83247
141,0,0.511535,-0.194043,1.82773,0.117302,0.518112,1.83247
142,1,0.469629,-0.185425,1.78129,0.117302,0.518112,1.83247
143,1,0.47643,-0.184804,1.78253,0.117302,0.518112,1.83247
144,1,0.483544,-0.189639,1.78464,0.117302,0.518112,1.83247
145,1,0.487002,-0.189893,1.78879,0.117302,0.518112,1.83247
146,1,0.486996,-0.192459,1.78249,0.117302,0.518112,1.83247
147,1,0.501817,-0.196944,1.7957,0.117302,0.518112,1.83247
148,1,0.506451,-0.194593,1.79519,0.117302,0.518112,1.83247
149,1,0.510238,-0.194628,1.79404,0.117302,0.518112,1.83247
150,1,0.514268,-0.195383,1.80226,0.117302,0.518112,1.83247
151,1,0.529658,-0.195206,1.80383,0.117302,0.518112,1.83247
152,1,0.530935,-0.19654,1.81044,0.117302,0.518112,1.83247
153,1,0.534767,-0.193766,1.8199,0.117302,0.518112,1.83247
154,1,0.532583,-0.192824,1.8159,0.117302,0.518112,1.83247
155,1,0.530998,-0.193703,1.81518,0.117302,0.518112,1.83247
156,1,0.531383,-0.193043,1.8161,0.117302,0.518112,1.83247
157,1,0.532109,-0.194425,1.81739,0.117302,0.518112,1.83247
158,1,0.529872,-0.194147,1.81415,0.117302,0.518112,1.83247
159,1,0.529956,-0.193598,1.81313,0.117302,0.518112,1.83247
160,1,0.527986,-0.193329,1.80995,0.117302,0.518112,1.83247
161,1,0.529211,-0.193525,1.81286,0.117302,0.518112,1.83247
162,1,0.52601,-0.195086,1.80941,0.117302,0.518112,1.83247
163,1,0.525771,-0.194709,1.81099,0.117302,0.518112,1.83247
164,1,0.522747,-0.192924,1.80606,0.117302,0.518112,1.83247
165,1,0.521048,-0.191296,1.80592,0.117302,0.518112,1.83247
166,1,0.520107,-0.188195,1.81044,0.117302,0.518112,1.83247
167,1,0.518792,-0.187964,1.81078,0.117302,0.518112,1.83247
168,1,0.514388,-0.186128,1.80813,0.117302,0.518112,1.83247
169,1,0.50962,-0.182452,1.80385,0.117302,0.518112,1.83247
170,1,0.504647,-0.181266,1.80223,0.117302,0.518112,1.83247
171,1,0.498502,-0.180064,1.79478,0.117302,0.518112,1.83247
172,1,0.491502,-0.178477,1.78679,0.117302,0.518112,1.83247
173,1,0.486331,-0.174743,1.78108,0.117302,0.518112,1.83247
174,1,0.477661,-0.172132,1.7786,0.117302,0.518112,1.83247
175,1,0.47253,-0.171107,1.77737,0.117302,0.518112,1.83247
176,1,0.463938,-0.170298,1.76849,0.117302,0.518112,1.83247
177,1,0.456788,-0.170696,1.76554,0.117302,0.518112,1.83247
178,1,0.447287,-0.170183,1.76024,0.117302,0.518112,1.83247
179,1,0.43616,-0.171271,1.74599,0.117302,0.518112,1.83247
180,1,0.425105,-0.173951,1.73867,0.117302,0.518112,1.83247
181,1,0.41583,-0.175252,1.72842,0.117302,0.518112,1.83247
182,1,0.396362,-0.179249,1.71013,0.117302,0.518112,1.83247
183,1,0.390112,-0.17954,1.70411,0.117302,0.518112,1.83247
184,1,0.372479,-0.185536,1.69839,0.117302,0.518112,1.83247
185,1,0.358584,-0.188267,1.69135,0.117302,0.518112,1.83247
186,1,0.347205,-0.190352,1.6819,0.117302,0.518112,1.83247
187,1,0.331059,-0.195852,1.6754,0.117302,0.518112,1.83247
188,1,0.314892,-0.20149,1.67143,0.117302,0.518112,1.83247
189,1,0.296597,-0.208205,1.66734,0.117302,0.518112,1.83247
190,1,0.274339,-0.213486,1.65163,0.117302,0.518112,1.83247
191,1,0.2554,-0.221579,1.64625,0.117302,0.518112,1.83247
192,1,0.236083,-0.2275,1.64273,0.117302,0.518112,1.83247
193,1,0.215541,-0.238266,1.64003,0.117302,0.518112,1.83247
194,1,0.197558,-0.246623,1.64015,0.117302,0.518112,1.83247
195,1,0.177445,-0.255222,1.63913,0.117302,0.518112,1.83247
196,1,0.160286,-0.262719,1.63759,0.117302,0.518112,1.83247
197,1,0.145793,-0.270415,1.64163,0.117302,0.518112,1.83247
198,1,0.12937,-0.275208,1.64499,0.117302,0.518112,1.83247
199,1,0.115438,-0.282463,1.64482,0.117302,0.518112,1.83247
200,1,0.104065,-0.287913,1.65252,0.117302,0.518112,1.83247
201,1,0.0932498,-0.29027,1.65777,0.117302,0.518112,1.83247
202,1,0.0836925,-0.292432,1.66608,0.117302,0.518112,1.83247
203,1,0.0793175,-0.296484,1.67142,0.117302,0.518112,1.83247
204,1,0.0766445,-0.301737,1.67744,0.117302,0.518112,1.83247
205,1,0.0737422,-0.300783,1.68183,0.117302,0.518112,1.83247
206,1,0.0685755,-0.298821,1.69189,0.117302,0.518112,1.83247
207,1,0.0663226,-0.299219,1.69793,0.117302,0.518112,1.83247
208,1,0.0684655,-0.304006,1.70171,0.117302,0.518112,1.83247
209,1,0.068138,-0.305689,1.70995,0.117302,0.518112,1.83247
210,1,0.0680752,-0.306396,1.7143,0.117302,0.518112,1.83247
211,1,0.0629326,-0.301721,1.72155,0.117302,0.518112,1.83247
212,1,0.0625301,-0.300001,1.72309,0.117302,0.518112,1.83247
213,1,0.0637088,-0.297256,1.72933,0.117302,0.518112,1.83247
214,1,0.0616088,-0.29669,1.73241,0.117302,0.518112,1.83247
215,1,0.063835,-0.29266,1.74067,0.117302,0.518112,1.83247
216,1,0.0633747,-0.29112,1.74703,0.117302,0.518112,1.83247
217,1,0.0641352,-0.290364,1.75398,0.117302,0.518112,1.83247
218,1,0.0640893,-0.28765,1.75908,0.117302,0.518112,1.83247
219,1,0.065127,-0.286932,1.76778,0.117302,0.518112,1.83247
220,1,0.0637474,-0.283688,1.77456,0.117302,0.518112,1.83247
221,1,0.0629951,-0.281002,1.7826,0.117302,0.518112,1.83247
222,1,0.0629418,-0.279163,1.79039,0.117302,0.518112,1.83247
223,1,0.0612206,-0.2771,1.79893,0.117302,0.518112,1.83247
224,1,0.0611621,-0.273961,1.8071,0.117302,0.518112,1.83247
225,1,0.0594895,-0.271309,1.81694,0.117302,0.518112,1.83247
226,1,0.0642677,-0.273389,1.82339,0.117302,0.518112,1.83247
227,1,0.0573345,-0.267943,1.83449,0.117302,0.518112,1.83247
228,1,0.059612,-0.265784,1.84063,0.117302,0.518112,1.83247
229,1,0.0615918,-0.266945,1.84506,0.117302,0.518112,1.83247
230,1,0.0594893,-0.264585,1.84699,0.117302,0.518112,1.83247
231,1,0.062238,-0.261569,1.85406,0.117302,0.518112,1.83247
232,1,0.0583552,-0.256338,1.85882,0.117302,0.518112,1.83247
233,1,0.0560403,-0.253966,1.85757,0.117302,0.518112,1.83247
234,1,0.0582448,-0.256555,1.85088,0.117302,0.518112,1.83247
235,1,0.0536411,-0.255707,1.84447,0.117302,0.518112,1.83247
236,1,0.0470152,-0.256087,1.82897,0.117302,0.518112,1.83247
237,1,0.0405982,-0.256377,1.81135,0.117302,0.518112,1.83247
238,1,0.0279515,-0.253698,1.7942,0.117302,0.518112,1.83247
239,1,0.025014,-0.258693,1.7806,0.117302,0.518112,1.83247
240,1,0.0207504,-0.260027,1.76287,0.117302,0.518112,1.83247
241,1,0.0169856,-0.262059,1.74918,0.117302,0.518112,1.83247
242,1,0.0129505,-0.263622,1.73563,0.117302,0.518112,1.83247
243,1,0.014197,-0.270985,1.72108,0.117302,0.518112,1.83247
244,1,0.00886162,-0.272128,1.7155,0.117302,0.518112,1.83247
245,1,0.00761413,-0.278924,1.71119,0.117302,0.518112,1.83247
246,1,0.00843174,-0.285617,1.70602,0.117302,0.518112,1.83247
247,1,0.00498257,-0.292241,1.70604,0.117302,0.518112,1.83247
248,1,0.000512352,-0.293435,1.70862,0.117302,0.518112,1.83247
249,1,0.00123172,-0.300074,1.71454,0.117302,0.518112,1.83247
250,1,-0.00272582,-0.301011,1.71553,0.117302,0.518112,1.83247
251,1,-0.00271869,-0.301945,1.71808,0.117302,0.518112,1.83247
252,1,-0.00364478,-0.301585,1.72019,0.117302,0.518112,1.83247
253,1,-0.00308005,-0.29992,1.72483,0.117302,0.518112,1.83247
254,1,-0.00568986,-0.298497,1.72735,0.117302,0.518112,1.83247
255,1,-0.00302533,-0.297335,1.7315,0.117302,0.518112,1.83247
256,1,-0.00422353,-0.294642,1.73784,0.117302,0.518112,1.83247
257,1,-0.0046205,-0.292574,1.74319,0.117302,0.518112,1.83247
258,1,0.000188765,-0.293742,1.74534,0.117302,0.518112,1.83247
259,1,-0.00382196,-0.289598,1.75271,0.117302,0.518112,1.83247
260,1,-0.00492777,-0.288969,1.75871,0.117302,0.518112,1.83247
261,1,-0.00307604,-0.287093,1.76497,0.117302,0.518112,1.83247
262,1,-0.00468428,-0.28565,1.7734,0.117302,0.518112,1.83247
263,1,-0.00292396,-0.282607,1.78264,0.117302,0.518112,1.83247
264,1,-0.00267897,-0.282014,1.79047,0.117302,0.518112,1.83247
265,1,-0.00501202,-0.279393,1.79809,0.117302,0.518112,1.83247
266,1,-0.00408045,-0.277025,1.80833,0.117302,0.518112,1.83247
267,1,-0.00454012,-0.274777,1.8165,0.117302,0.518112,1.83247
268,1,-0.00261766,-0.273621,1.8279,0.117302,0.518112,1.83247
269,1,-0.00390373,-0.269346,1.8352,0.117302,0.518112,1.83247
270,1,-0.00371124,-0.268745,1.84165,0.117302,0.518112,1.83247
271,1,-0.00478099,-0.268041,1.84472,0.117302,0.518112,1.83247
272,1,-0.00253878,-0.265756,1.85488,0.117302,0.518112,1.83247
273,1,-0.00581954,-0.26302,1.85732,0.117302,0.518112,1.83247
274,1,-0.00864043,-0.260974,1.85951,0.117302,0.518112,1.83247
275,1,-0.00882265,-0.254427,1.8573,0.117302,0.518112,1.83247
276,1,-0.0113896,-0.254802,1.84501,0.117302,0.518112,1.83247
277,1,-0.0122771,-0.250706,1.8348,0.117302,0.518112,1.83247
278,1,-0.0132273,-0.253901,1.81221,0.117302,0.518112,1.83247
279,1,-0.0222311,-0.254283,1.79137,0.117302,0.518112,1.83247
280,1,-0.0305292,-0.252123,1.76885,0.117302,0.518112,1.83247
281,1,-0.033733,-0.256334,1.75258,0.117302,0.518112,1.83247
282,1,-0.0379247,-0.259813,1.73352,0.117302,0.518112,1.83247
283,1,-0.0427125,-0.266803,1.71271,0.117302,0.518112,1.83247
284,1,-0.0456664,-0.270484,1.71044,0.117302,0.518112,1.83247
285,1,-0.0483065,-0.277368,1.70304,0.117302,0.518112,1.83247
286,1,-0.0511954,-0.28175,1.69427,0.117302,0.518112,1.83247
287,1,-0.0522918,-0.287465,1.69693,0.117302,0.518112,1.83247
288,1,-0.0535514,-0.291451,1.69893,0.117302,0.518112,1.83247
289,1,-0.0526064,-0.294408,1.70183,0.117302,0.518112,1.83247
290,1,-0.0536683,-0.297248,1.70909,0.117302,0.518112,1.83247
291,1,-0.0536331,-0.299239,1.71432,0.117302,0.518112,1.83247
292,1,-0.0520962,-0.302357,1.71549,0.117302,0.518112,1.83247
293,1,-0.050907,-0.299962,1.71929,0.117302,0.518112,1.83247
294,1,-0.051584,-0.298079,1.72799,0.117302,0.518112,1.83247
295,1,-0.0502234,-0.295201,1.73707,0.117302,0.518112,1.83247
296,1,-0.0499483,-0.29168,1.74588,0.117302,0.518112,1.83247
297,1,-0.0475354,-0.290522,1.75363,0.117302,0.518112,1.83247
298,1,-0.0452713,-0.288736,1.76231,0.117302,0.518112,1.83247
299,1,-0.0458183,-0.285468,1.77431,0.117302,0.518112,1.83247
300,1,-0.0451356,-0.282374,1.78326,0.117302,0.518112,1.83247
301,1,-0.0453001,-0.282043,1.79095,0.117302,0.518112,1.83247
302,1,-0.0450994,-0.278648,1.80038,0.117302,0.518112,1.83247
303,1,-0.0455301,-0.275948,1.81194,0.117302,0.518112,1.83247
304,1,-0.0438305,-0.273032,1.82737,0.117302,0.518112,1.83247
305,1,-0.0484491,-0.267466,1.83279,0.117302,0.518112,1.83247
306,1,-0.0511308,-0.263998,1.84378,0.117302,0.518112,1.83247
307,1,-0.0496878,-0.261019,1.84848,0.117302,0.518112,1.83247
308,1,-0.0500982,-0.262358,1.85426,0.117302,0.518112,1.83247
309,1,-0.0518032,-0.261615,1.85646,0.117302,0.518112,1.83247
310,1,-0.051191,-0.258338,1.86334,0.117302,0.518112,1.83247
311,1,-0.0522253,-0.255984,1.87043,0.117302,0.518112,1.83247
312,1,-0.0534453,-0.253663,1.867,0.117302,0.518112,1.83247
313,1,-0.0521666,-0.255021,1.86249,0.117302,0.518112,1.83247
314,1,-0.0537033,-0.252531,1.8534,0.117302,0.518112,1.83247
315,1,-0.0601234,-0.248036,1.84668,0.117302,0.518112,1.83247
316,1,-0.0633407,-0.248808,1.83853,0.117302,0.518112,1.83247
317,1,-0.0695702,-0.251384,1.8198,0.117302,0.518112,1.83247
318,1,-0.0749142,-0.251927,1.80187,0.117302,0.518112,1.83247
319,1,-0.0797837,-0.254488,1.78247,0.117302,0.518112,1.83247
320,1,-0.0838675,-0.256596,1.77038,0.117302,0.518112,1.83247
321,1,-0.0910283,-0.263077,1.75505,0.117302,0.518112,1.83247
322,1,-0.0960879,-0.26719,1.74323,0.117302,0.518112,1.83247
323,1,-0.097768,-0.272328,1.73704,0.117302,0.518112,1.83247
324,1,-0.10351,-0.27894,1.73041,0.117302,0.518112,1.83247
325,1,-0.107852,-0.289751,1.71927,0.117302,0.518112,1.83247
326,1,-0.107419,-0.29388,1.72292,0.117302,0.518112,1.83247
327,1,-0.109361,-0.296011,1.72934,0.117302,0.518112,1.83247
328,1,-0.108455,-0.298515,1.7297,0.117302,0.518112,1.83247
329,1,-0.10831,-0.298541,1.73138,0.117302,0.518112,1.83247
330,1,-0.108279,-0.296155,1.73425,0.117302,0.518112,1.83247
331,1,-0.108389,-0.29618,1.73623,0.117302,0.518112,1.83247
332,1,-0.105089,-0.294489,1.7432,0.117302,0.518112,1.83247
333,1,-0.0991351,-0.291064,1.75245,0.117302,0.518112,1.83247
334,1,-0.102786,-0.290332,1.76105,0.117302,0.518112,1.83247
335,1,-0.105755,-0.28688,1.76998,0.117302,0.518112,1.83247
336,1,-0.103955,-0.286447,1.77806,0.117302,0.518112,1.83247
337,1,-0.104414,-0.283464,1.79011,0.117302,0.518112,1.83247
338,1,-0.103177,-0.278629,1.80694,0.117302,0.518112,1.83247
339,1,-0.102875,-0.27495,1.82153,0.117302,0.518112,1.83247
340,1,-0.100746,-0.270745,1.83624,0.117302,0.518112,1.83247
341,1,-0.104203,-0.267823,1.84543,0.117302,0.518112,1.83247
342,1,-0.104545,-0.265254,1.85207,0.117302,0.518112,1.83247
343,1,-0.104665,-0.264097,1.86387,0.117302,0.518112,1.83247
344,1,-0.104297,-0.261656,1.87199,0.117302,0.518112,1.83247
345,1,-0.107179,-0.257472,1.87713,0.117302,0.518112,1.83247
346,1,-0.108124,-0.255731,1.88013,0.117302,0.518112,1.83247
347,1,-0.10912,-0.25524,1.88286,0.117302,0.518112,1.83247
348,1,-0.109173,-0.254142,1.88199,0.117302,0.518112,1.83247
349,1,-0.10952,-0.256435,1.87346,0.117302,0.518112,1.83247
350,1,-0.111203,-0.255093,1.86559,0.117302,0.518112,1.83247
351,1,-0.116105,-0.254523,1.85709,0.117302,0.518112,1.83247
352,1,-0.121545,-0.250687,1.84838,0.117302,0.518112,1.83247
353,1,-0.122785,-0.252687,1.82436,0.117302,0.518112,1.83247
354,1,-0.130317,-0.251281,1.81323,0.117302,0.518112,1.83247
355,1,-0.132323,-0.254114,1.79973,0.117302,0.518112,1.83247
356,1,-0.140089,-0.258944,1.78288,0.117302,0.518112,1.83247
357,1,-0.144208,-0.264165,1.76247,0.117302,0.518112,1.83247
358,1,-0.14374,-0.269183,1.74547,0.117302,0.518112,1.83247
359,1,-0.145484,-0.271458,1.74005,0.117302,0.518112,1.83247
360,1,-0.148072,-0.279275,1.73199,0.117302,0.518112,1.83247
361,1,-0.148678,-0.283777,1.73096,0.117302,0.518112,1.83247
362,1,-0.144841,-0.28804,1.7368,0.117302,0.518112,1.83247
363,1,-0.141935,-0.293393,1.73558,0.117302,0.518112,1.83247
364,1,-0.1403,-0.296286,1.73786,0.117302,0.518112,1.83247
365,1,-0.137485,-0.298815,1.74055,0.117302,0.518112,1.83247
366,1,-0.137717,-0.296023,1.74587,0.117302,0.518112,1.83247
367,1,-0.137368,-0.295363,1.75333,0.117302,0.518112,1.83247
368,1,-0.136715,-0.292442,1.75875,0.117302,0.518112,1.83247
369,1,-0.13411,-0.289748,1.77045,0.117302,0.518112,1.83247
370,1,-0.136664,-0.286127,1.77862,0.117302,0.518112,1.83247
371,1,-0.134098,-0.285297,1.78319,0.117302,0.518112,1.83247
372,1,-0.13636,-0.282499,1.79645,0.117302,0.518112,1.83247
373,1,-0.134815,-0.280987,1.80399,0.117302,0.518112,1.83247
374,1,-0.135423,-0.27878,1.81159,0.117302,0.518112,1.83247
375,1,-0.133885,-0.277414,1.82126,0.117302,0.518112,1.83247
376,1,-0.131397,-0.274894,1.82957,0.117302,0.518112,1.83247
377,1,-0.133723,-0.271077,1.84163,0.117302,0.518112,1.83247
378,1,-0.130467,-0.268753,1.8462,0.117302,0.518112,1.83247
379,1,-0.131205,-0.266613,1.85479,0.117302,0.518112,1.83247
380,1,-0.132778,-0.26563,1.85688,0.117302,0.518112,1.83247
381,1,-0.135343,-0.263969,1.86371,0.117302,0.518112,1.83247
382,1,-0.135586,-0.263494,1.86768,0.117302,0.518112,1.83247
383,1,-0.134673,-0.261847,1.8718,0.117302,0.518112,1.83247
384,1,-0.132355,-0.261245,1.87299,0.117302,0.518112,1.83247
385,1,-0.135206,-0.261715,1.87424,0.117302,0.518112,1.83247
386,1,-0.134242,-0.25944,1.87818,0.117302,0.518112,1.83247
387,1,-0.13184,-0.26202,1.8812,0.117302,0.518112,1.83247
388,1,-0.132428,-0.260169,1.88311,0.117302,0.518112,1.83247
389,1,-0.133133,-0.258957,1.88585,0.117302,0.518112,1.83247
390,1,-0.129403,-0.255873,1.88622,0.117302,0.518112,1.83247
391,1,-0.133062,-0.253898,1.89038,0.117302,0.518112,1.83247
392,1,-0.141364,-0.252152,1.88586,0.117302,0.518112,1.83247
393,1,-0.139147,-0.249808,1.8793,0.117302,0.518112,1.83247
394,1,-0.147193,-0.247158,1.87391,0.117302,0.518112,1.83247
395,1,-0.152079,-0.243233,1.87019,0.117302,0.518112,1.83247
396,1,-0.158697,-0.239371,1.86076,0.117302,0.518112,1.83247
397,1,-0.162883,-0.235784,1.84999,0.117302,0.518112,1.83247
398,1,-0.169527,-0.231947,1.8396,0.117302,0.518112,1.83247
399,1,-0.176347,-0.227915,1.82204,0.117302,0.518112,1.83247
400,1,-0.185031,-0.223908,1.80525,0.117302,0.518112,1.83247
401,1,-0.192832,-0.219719,1.79118,0.117302,0.518112,1.83247
402,1,-0.201125,-0.217694,1.77383,0.117302,0.518112,1.83247
403,1,-0.210333,-0.214459,1.75918,0.117302,0.518112,1.83247
404,1,-0.22289,-0.212563,1.74281,0.117302,0.518112,1.83247
405,1,-0.231308,-0.209647,1.73043,0.117302,0.518112,1.83247
406,1,-0.239788,-0.208033,1.71054,0.117302,0.518112,1.83247
407,1,-0.250614,-0.205384,1.69724,0.117302,0.518112,1.83247
408,1,-0.260025,-0.20413,1.68138,0.117302,0.518112,1.83247
409,1,-0.267405,-0.208038,1.65829,0.117302,0.518112,1.83247
410,1,-0.280109,-0.20553,1.64559,0.117302,0.518112,1.83247
411,1,-0.287898,-0.212306,1.62489,0.117302,0.518112,1.83247
412,1,-0.300157,-0.214988,1.61348,0.117302,0.518112,1.83247
413,1,-0.309725,-0.219314,1.5966,0.117302,0.518112,1.83247
414,1,-0.317775,-0.223609,1.58211,0.117302,0.518112,1.83247
415,1,-0.322303,-0.231222,1.57171,0.117302,0.518112,1.83247
416,1,-0.332328,-0.239192,1.56074,0.117302,0.518112,1.83247
417,1,-0.335937,-0.248057,1.54841,0.117302,0.518112,1.83247
418,1,-0.341604,-0.257067,1.53836,0.117302,0.518112,1.83247
419,1,-0.350487,-0.268876,1.52862,0.117302,0.518112,1.83247
420,1,-0.361884,-0.277574,1.52021,0.117302,0.518112,1.83247
421,1,-0.369603,-0.289029,1.51038,0.117302,0.518112,1.83247
422,1,-0.380297,-0.298829,1.50511,0.117302,0.518112,1.83247
423,1,-0.390459,-0.310181,1.49562,0.117302,0.518112,1.83247
424,1,-0.400176,-0.32294,1.48863,0.117302,0.518112,1.83247
425,1,-0.41234,-0.333726,1.47675,0.117302,0.518112,1.83247
426,1,-0.425582,-0.342091,1.47312,0.117302,0.518112,1.83247
427,1,-0.432334,-0.351103,1.46116,0.117302,0.518112,1.83247
428,1,-0.444274,-0.357041,1.46052,0.117302,0.518112,1.83247
429,1,-0.45462,-0.364052,1.46225,0.117302,0.518112,1.83247
430,1,-0.458142,-0.369008,1.45761,0.117302,0.518112,1.83247
431,1,-0.464164,-0.375919,1.46112,0.117302,0.518112,1.83247
432,1,-0.464284,-0.386427,1.45176,0.117302,0.518112,1.83247
433,1,-0.465189,-0.386559,1.45244,0.117302,0.518112,1.83247
434,1,-0.465622,-0.388273,1.44996,0.117302,0.518112,1.83247
435,1,-0.465132,-0.388034,1.4514,0.117302,0.518112,1.83247
436,1,-0.464396,-0.38808,1.45067,0.117302,0.518112,1.83247
437,1,-0.464427,-0.38854,1.44972,0.117302,0.518112,1.83247
438,1,-0.462889,-0.391567,1.444,0.117302,0.518112,1.83247
439,1,-0.465079,-0.388435,1.45223,0.117302,0.518112,1.83247
440,1,-0.464614,-0.388669,1.45025,0.117302,0.518112,1.83247
441,1,-0.464849,-0.387862,1.45252,0.117302,0.518112,1.83247
442,1,-0.464541,-0.388557,1.44762,0.117302,0.518112,1.83247
443,1,-0.463888,-0.389076,1.44756,0.117302,0.518112,1.83247
444,1,-0.46371,-0.38933,1.44908,0.117302,0.518112,1.83247
445,1,-0.464599,-0.388269,1.45122,0.117302,0.518112,1.83247
446,1,-0.464853,-0.386802,1.45155,0.117302,0.518112,1.83247
447,1,-0.46476,-0.388198,1.44771,0.117302,0.518112,1.83247
448,1,-0.464681,-0.386281,1.45013,0.117302,0.518112,1.83247
449,1,-0.465871,-0.386621,1.44938,0.117302,0.518112,1.83247
450,1,-0.462311,-0.390541,1.44454,0.117302,0.518112,1.83247
451,1,-0.463638,-0.387976,1.44838,0.117302,0.518112,1.83247
452,1,-0.463438,-0.389707,1.44767,0.117302,0.518112,1.83247
453,1,-0.460584,-0.390555,1.44559,0.117302,0.518112,1.83247
454,0,-0.462358,-0.390747,1.44707,0.117302,0.518112,1.83247
455,0,-0.461477,-0.389888,1.44713,0.117302,0.518112,1.83247
456,0,-0.461884,-0.390229,1.44662,0.117302,0.518112,1.83247
457,0,-0.461023,-0.391434,1.4442,0.117302,0.518112,1.83247
458,0,-0.462338,-0.388855,1.44948,0.117302,0.518112,1.83247
459,0,-0.461656,-0.390778,1.44704,0.117302,0.518112,1.83247
460,0,-0.462331,-0.390808,1.44802,0.117302,0.518112,1.83247
461,0,-0.461911,-0.389937,1.44588,0.117302,0.518112,1.83247
462,0,-0.462198,-0.389448,1.44571,0.117302,0.518112,1.83247
463,0,-0.46196,-0.388714,1.44532,0.117302,0.518112,1.83247
464,0,-0.462442,-0.388929,1.44781,0.117302,0.518112,1.83247
465,0,-0.461712,-0.390356,1.44539,0.117302,0.518112,1.83247
466,0,-0.461812,-0.388588,1.44726,0.117302,0.518112,1.83247
467,0,-0.459983,-0.389134,1.44555,0.117302,0.518112,1.83247
468,0,-0.461659,-0.388314,1.44895,0.117302,0.518112,1.83247
469,0,-0.460515,-0.389532,1.44366,0.117302,0.518112,1.83247
470,0,-0.460517,-0.388924,1.44595,0.117302,0.518112,1.83247
471,0,-0.461925,-0.388534,1.44831,0.117302,0.518112,1.83247
472,0,-0.461694,-0.389233,1.44676,0.117302,0.518112,1.83247
473,0,-0.461798,-0.389441,1.4476,0.117302,0.518112,1.83247
474,0,-0.461985,-0.389248,1.44525,0.117302,0.518112,1.83247
475,0,-0.461376,-0.388674,1.44511,0.117302,0.518112,1.83247
476,0,-0.460947,-0.388994,1.44402,0.117302,0.518112,1.83247
477,0,-0.462,-0.389576,1.44604,0.117302,0.518112,1.83247
478,0,-0.461,-0.389525,1.44519,0.117302,0.518112,1.83247
479,0,-0.461268,-0.390102,1.44552,0.117302,0.518112,1.83247
480,0,-0.46074,-0.389101,1.44518,0.117302,0.518112,1.83247
481,0,-0.461109,-0.389551,1.44446,0.117302,0.518112,1.83247
482,0,-0.461115,-0.390819,1.44586,0.117302,0.518112,1.83247
483,0,-0.460192,-0.388955,1.44516,0.117302,0.518112,1.83247
484,0,-0.462237,-0.387586,1.44909,0.117302,0.518112,1.83247
485,0,-0.460704,-0.39,1.44326,0.117302,0.518112,1.83247
486,0,-0.462394,-0.389306,1.44855,0.117302,0.518112,1.83247
487,0,-0.461334,-0.38841,1.44773,0.117302,0.518112,1.83247
488,0,-0.460761,-0.389915,1.4453,0.117302,0.518112,1.83247
489,0,-0.461737,-0.388887,1.4492,0.117302,0.518112,1.83247
490,0,-0.459612,-0.389017,1.44262,0.117302,0.518112,1.83247
491,0,-0.459842,-0.389177,1.44343,0.117302,0.518112,1.83247
492,0,-0.459608,-0.389086,1.44171,0.117302,0.518112,1.83247
493,0,-0.461333,-0.39025,1.44514,0.117302,0.518112,1.83247
494,0,-0.460969,-0.388445,1.44747,0.117302,0.518112,1.83247
495,0,-0.461822,-0.388656,1.44829,0.117302,0.518112,1.83247
496,0,-0.460648,-0.388927,1.4436,0.117302,0.518112,1.83247
497,0,-0.460745,-0.389156,1.44347,0.117302,0.518112,1.83247
498,0,-0.460022,-0.389177,1.44304,0.117302,0.518112,1.83247
499,0,-0.460289,-0.388884,1.44289,0.117302,0.518112,1.83247
500,0,-0.461285,-0.389621,1.44486,0.117302,0.518112,1.83247
501,0,-0.461291,-0.389144,1.44762,0.117302,0.518112,1.83247
502,0,-0.461903,-0.388935,1.44837,0.117302,0.518112,1.83247
503,0,-0.460829,-0.389327,1.44325,0.117302,0.518112,1.83247
504,0,-0.461322,-0.388827,1.44563,0.117302,0.518112,1.83247
505,0,-0.460038,-0.389522,1.44373,0.117302,0.518112,1.83247
506,0,-0.460623,-0.390241,1.44374,0.117302,0.518112,1.83247
507,0,-0.459243,-0.388846,1.44391,0.117302,0.518112,1.83247
508,0,-0.460006,-0.389446,1.442,0.117302,0.518112,1.83247
509,0,-0.460325,-0.389787,1.44324,0.117302,0.518112,1.83247
510,0,-0.460771,-0.389571,1.44528,0.117302,0.518112,1.83247
511,0,-0.46035,-0.390303,1.44569,0.117302,0.518112,1.83247
512,0,-0.459374,-0.389988,1.44404,0.117302,0.518112,1.83247
513,0,-0.461485,-0.390581,1.44641,0.117302,0.518112,1.83247
514,0,-0.460745,-0.389923,1.44493,0.117302,0.518112,1.83247
515,0,-0.460363,-0.389713,1.44318,0.117302,0.518112,1.83247
516,0,-0.459999,-0.388564,1.447,0.117302,0.518112,1.83247
517,0,-0.461687,-0.389881,1.44674,0.117302,0.518112,1.83247
518,0,-0.461372,-0.390083,1.44576,0.117302,0.518112,1.83247
519,0,-0.460705,-0.389197,1.44574,0.117302,0.518112,1.83247
520,0,-0.461167,-0.387732,1.45087,0.117302,0.518112,1.83247
521,0,-0.459452,-0.389838,1.44311,0.117302,0.518112,1.83247
522,0,-0.460573,-0.389186,1.44726,0.117302,0.518112,1.83247
523,0,-0.461108,-0.388916,1.44695,0.117302,0.518112,1.83247
524,0,-0.461712,-0.389216,1.44812,0.117302,0.518112,1.83247
525,0,-0.461072,-0.388725,1.44723,0.117302,0.518112,1.83247
526,0,-0.461225,-0.388341,1.44822,0.117302,0.518112,1.83247
527,0,-0.460814,-0.389907,1.44704,0.117302,0.518112,1.83247
528,0,-0.46137,-0.389872,1.44635,0.117302,0.518112,1.83247
529,0,-0.462495,-0.389203,1.44886,0.117302,0.518112,1.83247
530,0,-0.4608,-0.389197,1.44715,0.117302,0.518112,1.83247
531,0,-0.461856,-0.389281,1.44736,0.117302,0.518112,1.83247
532,0,-0.461039,-0.389443,1.44731,0.117302,0.518112,1.83247
533,0,-0.461052,-0.390269,1.44687,0.117302,0.518112,1.83247
534,0,-0.462024,-0.389401,1.44811,0.117302,0.518112,1.83247
535,0,-0.461395,-0.388845,1.44673,0.117302,0.518112,1.83247
536,0,-0.460933,-0.390331,1.44468,0.117302,0.518112,1.83247
537,0,-0.462299,-0.389636,1.44843,0.117302,0.518112,1.83247
538,0,-0.461383,-0.388839,1.44779,0.117302,0.518112,1.83247
539,0,-0.460827,-0.38925,1.44775,0.117302,0.518112,1.83247
540,0,-0.462633,-0.389084,1.44954,0.117302,0.518112,1.83247
541,0,-0.461573,-0.388499,1.44931,0.117302,0.518112,1.83247
542,0,-0.461517,-0.389789,1.44603,0.117302,0.518112,1.83247
543,0,-0.460412,-0.389333,1.44429,0.117302,0.518112,1.83247
544,0,-0.461732,-0.389336,1.44768,0.117302,0.518112,1.83247
545,0,-0.461567,-0.388909,1.44648,0.117302,0.518112,1.83247
546,0,-0.461066,-0.389516,1.44518,0.117302,0.518112,1.83247
547,0,-0.461462,-0.389199,1.44643,0.117302,0.518112,1.83247
548,0,-0.460623,-0.386703,1.44949,0.117302,0.518112,1.83247
549,0,-0.461604,-0.388721,1.44765,0.117302,0.518112,1.83247
550,0,-0.461273,-0.389429,1.44716,0.117302,0.518112,1.83247
551,0,-0.459908,-0.388775,1.44681,0.117302,0.518112,1.83247
552,0,-0.460921,-0.390289,1.44413,0.117302,0.518112,1.83247
553,0,-0.46148,-0.389661,1.44678,0.117302,0.518112,1.83247
554,0,-0.459926,-0.390419,1.44454,0.117302,0.518112,1.83247
555,0,-0.461552,-0.389493,1.44697,0.117302,0.518112,1.83247
556,0,-0.46128,-0.388525,1.44543,0.117302,0.518112,1.83247
557,0,-0.46079,-0.389278,1.44676,0.117302,0.518112,1.83247
558,0,-0.461147,-0.390205,1.44742,0.117302,0.518112,1.83247
559,0,-0.461001,-0.389442,1.44703,0.117302,0.518112,1.83247
560,0,-0.461061,-0.390043,1.44704,0.117302,0.518112,1.83247
561,0,-0.460684,-0.390375,1.44708,0.117302,0.518112,1.83247
562,0,-0.461541,-0.389823,1.44803,0.117302,0.518112,1.83247
563,0,-0.461704,-0.388616,1.44964,0.117302,0.518112,1.83247
564,0,-0.461534,-0.389083,1.44816,0.117302,0.518112,1.83247
565,0,-0.461493,-0.390133,1.44695,0.117302,0.518112,1.83247
566,0,-0.46029,-0.389294,1.44296,0.117302,0.518112,1.83247
567,0,-0.460353,-0.389062,1.44458,0.117302,0.518112,1.83247
568,0,-0.461649,-0.389321,1.44892,0.117302,0.518112,1.83247
569,0,-0.461767,-0.390623,1.44628,0.117302,0.518112,1.83247
570,0,-0.460869,-0.390228,1.44489,0.117302,0.518112,1.83247
571,0,-0.460194,-0.389953,1.44508,0.117302,0.518112,1.83247
572,0,-0.462136,-0.388956,1.44773,0.117302,0.518112,1.83247
573,0,-0.461119,-0.389724,1.44614,0.117302,0.518112,1.83247
574,0,-0.461473,-0.389024,1.44877,0.117302,0.518112,1.83247
575,0,-0.461352,-0.389487,1.44667,0.117302,0.518112,1.83247
576,0,-0.461743,-0.388469,1.45105,0.117302,0.518112,1.83247
577,0,-0.461982,-0.389134,1.44979,0.117302,0.518112,1.83247
578,0,-0.461489,-0.389338,1.44867,0.117302,0.518112,1.83247
579,0,-0.461831,-0.389057,1.4501,0.117302,0.518112,1.83247
580,0,-0.461443,-0.389611,1.44762,0.117302,0.518112,1.83247
581,0,-0.461424,-0.389449,1.44836,0.117302,0.518112,1.83247
582,0,-0.461849,-0.389738,1.44907,0.117302,0.518112,1.83247
583,0,-0.460686,-0.390206,1.44509,0.117302,0.518112,1.83247
584,0,-0.461043,-0.39026,1.44671,0.117302,0.518112,1.83247
585,0,-0.461672,-0.388499,1.44937,0.117302,0.518112,1.83247
586,0,-0.462045,-0.389277,1.45016,0.117302,0.518112,1.83247
587,0,-0.461503,-0.388934,1.44821,0.117302,0.518112,1.83247
588,0,-0.461583,-0.387843,1.45118,0.117302,0.518112,1.83247
589,0,-0.461484,-0.388725,1.44951,0.117302,0.518112,1.83247
590,0,-0.461362,-0.389563,1.44868,0.117302,0.518112,1.83247
591,0,-0.460906,-0.390126,1.44575,0.117302,0.518112,1.83247
592,0,-0.461088,-0.390657,1.4452,0.117302,0.518112,1.83247
593,0,-0.460512,-0.389941,1.44475,0.117302,0.518112,1.83247
594,0,-0.462321,-0.390541,1.44704,0.117302,0.518112,1.83247
595,0,-0.462288,-0.389287,1.44982,0.117302,0.518112,1.83247
596,0,-0.462488,-0.388771,1.45157,0.117302,0.518112,1.83247
597,0,-0.461864,-0.391033,1.44611,0.117302,0.518112,1.83247
598,0,-0.461848,-0.38984,1.44883,0.117302,0.518112,1.83247
599,0,-0.461506,-0.389292,1.44865,0.117302,0.518112,1.83247
600,0,-0.462514,-0.38924,1.44951,0.117302,0.518112,1.83247
601,0,-0.46081,-0.390438,1.44505,0.117302,0.518112,1.83247
602,0,-0.46148,-0.38969,1.44812,0.117302,0.518112,1.83247
603,0,-0.461363,-0.389932,1.44553,0.117302,0.518112,1.83247
604,0,-0.461266,-0.390724,1.44515,0.117302,0.518112,1.83247
605,0,-0.461594,-0.38978,1.44615,0.117302,0.518112,1.83247
606,0,-0.461914,-0.389823,1.44622,0.117302,0.518112,1.83247
607,0,-0.461933,-0.389368,1.44679,0.117302,0.518112,1.83247
608,0,-0.461521,-0.389412,1.44623,0.117302,0.518112,1.83247
609,0,-0.461105,-0.390027,1.4451,0.117302,0.518112,1.83247
610,0,-0.460172,-0.390236,1.4428,0.117302,0.518112,1.83247
611,0,-0.460849,-0.389284,1.44709,0.117302,0.518112,1.83247
612,0,-0.461343,-0.390004,1.44536,0.117302,0.518112,1.83247
613,0,-0.460202,-0.3896,1.44462,0.117302,0.518112,1.83247
614,0,-0.46104,-0.389801,1.44628,0.117302,0.518112,1.83247
615,0,-0.462342,-0.389882,1.44717,0.117302,0.518112,1.83247
616,0,-0.461232,-0.388977,1.44793,0.117302,0.518112,1.83247
617,0,-0.460514,-0.389676,1.44625,0.117302,0.518112,1.83247
618,0,-0.461001,-0.389946,1.44536,0.117302,0.518112,1.83247
619,0,-0.460202,-0.390687,1.44326,0.117302,0.518112,1.83247
620,0,-0.460562,-0.389518,1.44454,0.117302,0.518112,1.83247
621,0,-0.460989,-0.390829,1.44327,0.117302,0.518112,1.83247
622,0,-0.461898,-0.389788,1.44619,0.117302,0.518112,1.83247
623,0,-0.459591,-0.389944,1.44012,0.117302,0.518112,1.83247
624,0,-0.460803,-0.389243,1.44395,0.117302,0.518112,1.83247
625,0,-0.461196,-0.389832,1.44439,0.117302,0.518112,1.83247
626,0,-0.46055,-0.390619,1.44105,0.117302,0.518112,1.83247
627,0,-0.461321,-0.388823,1.44481,0.117302,0.518112,1.83247
628,0,-0.459829,-0.38934,1.44648,0.117302,0.518112,1.83247
629,0,-0.461721,-0.38918,1.4469,0.117302,0.518112,1.83247
