51,0,0.505692,-0.194086,1.8709,-nan,-nan,-nan
52,0,0.504639,-0.19521,1.87148,-nan,-nan,-nan
53,0,0.505296,-0.1959,1.86697,-0.103587,0.481942,1.83158
54,0,0.506658,-0.196522,1.87002,-0.103587,0.481942,1.83158
55,0,0.505755,-0.196315,1.86643,-0.103587,0.481942,1.83158
56,0,0.507648,-0.196028,1.86904,-0.103587,0.481942,1.83158
57,0,0.506622,-0.196129,1.87043,-0.103587,0.481942,1.83158
58,0,0.505773,-0.194557,1.87088,-0.103587,0.481942,1.83158
59,0,0.505017,-0.197579,1.86267,-0.103587,0.481942,1.83158
60,0,0.505944,-0.195513,1.86701,-0.103587,0.481942,1.83158
61,0,0.507,-0.196533,1.86838,-0.103587,0.481942,1.83158
62,0,0.506126,-0.196994,1.86527,-0.103587,0.481942,1.83158
63,0,0.506812,-0.194595,1.86773,-0.103587,0.481942,1.83158
64,0,0.506819,-0.196622,1.8688,-0.103587,0.481942,1.83158
65,0,0.506104,-0.195591,1.87083,-0.103587,0.481942,1.83158
66,0,0.506078,-0.195444,1.87158,-0.103587,0.481942,1.83158
67,0,0.507921,-0.194636,1.87586,-0.103587,0.481942,1.83158
68,0,0.507568,-0.194744,1.87397,-0.103587,0.481942,1.83158
69,0,0.505303,-0.194619,1.87278,-0.103587,0.481942,1.83158
70,0,0.506285,-0.19503,1.87194,-0.103587,0.481942,1.83158
71,0,0.505432,-0.196113,1.86816,-0.103587,0.481942,1.83158
72,0,0.506169,-0.195402,1.86932,-0.103587,0.481942,1.83158
73,0,0.506754,-0.196121,1.86896,-0.103587,0.481942,1.83158
74,0,0.507557,-0.194949,1.87119,-0.103587,0.481942,1.83158
75,0,0.508234,-0.196496,1.86988,-0.103587,0.481942,1.83158
76,0,0.506155,-0.194998,1.87296,-0.103587,0.481942,1.83158
77,0,0.503501,-0.194322,1.87497,-0.103587,0.481942,1.83158
78,0,0.506526,-0.196336,1.86748,-0.103587,0.481942,1.83158
79,0,0.50796,-0.195114,1.86787,-0.103587,0.481942,1.83158
80,0,0.505443,-0.194316,1.86938,-0.103587,0.481942,1.83158
81,0,0.50529,-0.195154,1.86883,-0.103587,0.481942,1.83158
82,0,0.50561,-0.194798,1.87151,-0.103587,0.481942,1.83158
83,0,0.505522,-0.194823,1.8708,-0.103587,0.481942,1.83158
84,0,0.506525,-0.195957,1.86632,-0.103587,0.481942,1.83158
85,0,0.506167,-0.195878,1.86573,-0.103587,0.481942,1.83158
86,0,0.507022,-0.195769,1.86838,-0.103587,0.481942,1.83158
87,0,0.507059,-0.195188,1.86557,-0.103587,0.481942,1.83158
88,0,0.505385,-0.195706,1.86699,-0.103587,0.481942,1.83158
89,0,0.507913,-0.195937,1.86782,-0.103587,0.481942,1.83158
90,0,0.507541,-0.195909,1.86641,-0.103587,0.481942,1.83158
91,0,0.506652,-0.196102,1.86305,-0.103587,0.481942,1.83158
92,0,0.497329,-0.191357,1.83688,-0.103587,0.481942,1.83158
93,0,0.496773,-0.191865,1.83528,-0.103587,0.481942,1.83158
94,0,0.496091,-0.192466,1.83875,-0.103587,0.481942,1.83158
95,0,0.495107,-0.191574,1.83804,-0.103587,0.481942,1.83158
96,0,0.498505,-0.191904,1.83625,-0.103587,0.481942,1.83158
97,0,0.497759,-0.19159,1.83732,-0.103587,0.481942,1.83158
98,0,0.498212,-0.191713,1.8373,-0.103587,0.481942,1.83158
99,0,0.497359,-0.191317,1.8363,-0.103587,0.481942,1.83158
100,0,0.498233,-0.192153,1.83954,-0.103587,0.481942,1.83158
101,0,0.498076,-0.191599,1.83783,-0.103587,0.481942,1.83158
102,0,0.497194,-0.191087,1.84218,-0.103587,0.481942,1.83158
103,0,0.498189,-0.19196,1.83835,-0.103587,0.481942,1.83158
104,0,0.498491,-0.192281,1.84449,-0.103587,0.481942,1.83158
105,0,0.498259,-0.193108,1.84079,-0.103587,0.481942,1.83158
106,0,0.497805,-0.191854,1.83812,-0.103587,0.481942,1.83158
107,0,0.496712,-0.191361,1.83872,-0.103587,0.481942,1.83158
108,0,0.496231,-0.191068,1.84151,-0.103587,0.481942,1.83158
109,0,0.498302,-0.191936,1.84401,-0.103587,0.481942,1.83158
110,0,0.496683,-0.191545,1.84067,-0.103587,0.481942,1.83158
111,0,0.497821,-0.192079,1.8374,-0.103587,0.481942,1.83158
112,0,0.496175,-0.192703,1.83885,-0.103587,0.481942,1.83158
113,0,0.496917,-0.192864,1.83831,-0.103587,0.481942,1.83158
114,0,0.497864,-0.192657,1.84176,-0.103587,0.481942,1.83158
115,0,0.496095,-0.191768,1.83835,-0.103587,0.481942,1.83158
116,0,0.496509,-0.193519,1.83633,-0.103587,0.481942,1.83158
117,0,0.497563,-0.191948,1.83763,-0.103587,0.481942,1.83158
118,0,0.497688,-0.191912,1.84294,-0.103587,0.481942,1.83158
119,0,0.498024,-0.190497,1.84025,-0.103587,0.481942,1.83158
120,0,0.497057,-0.191999,1.83996,-0.103587,0.481942,1.83158
121,0,0.49694,-0.193619,1.83684,-0.103587,0.481942,1.83158
122,0,0.498518,-0.193144,1.83788,-0.103587,0.481942,1.83158
123,0,0.494889,-0.191899,1.83596,-0.103587,0.481942,1.83158
124,0,0.498626,-0.192649,1.83732,-0.103587,0.481942,1.83158
125,0,0.495629,-0.19321,1.8332,-0.103587,0.481942,1.83158
126,0,0.499513,-0.193826,1.83688,-0.103587,0.481942,1.83158
127,0,0.498034,-0.192286,1.83722,-0.103587,0.481942,1.83158
128,0,0.496605,-0.191805,1.84251,-0.103587,0.481942,1.83158
129,0,0.498027,-0.190578,1.84371,-0.103587,0.481942,1.83158
130,0,0.496484,-0.191778,1.83892,-0.103587,0.481942,1.83158
131,0,0.498538,-0.191324,1.84622,-0.103587,0.481942,1.83158
132,0,0.49648,-0.192184,1.84327,-0.103587,0.481942,1.83158
133,0,0.495846,-0.19092,1.83521,-0.103587,0.481942,1.83158
134,0,0.498427,-0.192296,1.83595,-0.103587,0.481942,1.83158
135,0,0.497095,-0.19266,1.84274,-0.103587,0.481942,1.83158
136,0,0.498559,-0.192373,1.84339,-0.103587,0.481942,1.83158
137,0,0.498622,-0.192397,1.83664,-0.103587,0.481942,1.83158
138,0,0.498868,-0.191971,1.8406,-0.103587,0.481942,1.83158
139,0,0.497837,-0.192249,1.83512,-0.103587,0.481942,1.83158
140,0,0.496027,-0.191874,1.83715,-0.103587,0.481942,1.83158
141,0,0.498449,-0.193212,1.83614,-0.103587,0.481942,1.83158
142,0,0.496662,-0.191581,1.84079,-0.103587,0.481942,1.83158
143,0,0.497116,-0.191346,1.83996,-0.103587,0.481942,1.83158
144,0,0.497452,-0.19354,1.83714,-0.103587,0.481942,1.83158
145,0,0.496302,-0.192514,1.83326,-0.103587,0.481942,1.83158
146,0,0.495884,-0.193385,1.83727,-0.103587,0.481942,1.83158
147,0,0.498795,-0.192801,1.83632,-0.103587,0.481942,1.83158
148,0,0.498363,-0.192793,1.83771,-0.103587,0.481942,1.83158
149,0,0.496672,-0.192234,1.83872,-0.103587,0.481942,1.83158
150,0,0.496957,-0.191375,1.83898,-0.103587,0.481942,1.83158
151,0,0.499141,-0.192286,1.83728,-0.103587,0.481942,1.83158
152,0,0.498882,-0.192221,1.8369,-0.103587,0.481942,1.83158
153,0,0.497385,-0.192764,1.83613,-0.103587,0.481942,1.83158
154,0,0.497355,-0.191784,1.83854,-0.103587,0.481942,1.83158
155,0,0.496664,-0.192384,1.83572,-0.103587,0.481942,1.83158
156,0,0.496438,-0.192129,1.83594,-0.103587,0.481942,1.83158
157,0,0.496677,-0.191907,1.8357,-0.103587,0.481942,1.83158
158,0,0.497105,-0.192323,1.83828,-0.103587,0.481942,1.83158
159,0,0.494879,-0.192089,1.83675,-0.103587,0.481942,1.83158
160,0,0.496351,-0.190547,1.83696,-0.103587,0.481942,1.83158
161,0,0.496858,-0.192764,1.83514,-0.103587,0.481942,1.83158
162,0,0.497766,-0.193142,1.8373,-0.103587,0.481942,1.83158
163,0,0.49814,-0.192191,1.83716,-0.103587,0.481942,1.83158
164,0,0.49708,-0.190703,1.84461,-0.103587,0.481942,1.83158
165,0,0.496861,-0.191336,1.84003,-0.103587,0.481942,1.83158
166,0,0.497586,-0.191398,1.84388,-0.103587,0.481942,1.83158
167,0,0.500694,-0.193089,1.84993,-0.103587,0.481942,1.83158
168,0,0.500771,-0.19433,1.84664,-0.103587,0.481942,1.83158
169,0,0.499583,-0.194148,1.84563,-0.103587,0.481942,1.83158
170,0,0.501192,-0.194027,1.84832,-0.103587,0.481942,1.83158
171,0,0.499983,-0.193476,1.84881,-0.103587,0.481942,1.83158
172,0,0.498953,-0.193371,1.84874,-0.103587,0.481942,1.83158
173,0,0.502514,-0.193556,1.84614,-0.103587,0.481942,1.83158
174,0,0.500644,-0.192147,1.84632,-0.103587,0.481942,1.83158
175,0,0.49902,-0.192513,1.85047,-0.103587,0.481942,1.83158
176,0,0.500365,-0.193484,1.847,-0.103587,0.481942,1.83158
177,0,0.500996,-0.192571,1.84633,-0.103587,0.481942,1.83158
178,0,0.500194,-0.191817,1.85315,-0.103587,0.481942,1.83158
179,0,0.499246,-0.192801,1.84959,-0.103587,0.481942,1.83158
180,0,0.499228,-0.193199,1.84893,-0.103587,0.481942,1.83158
181,0,0.501929,-0.192206,1.85058,-0.103587,0.481942,1.83158
182,0,0.503,-0.192364,1.84845,-0.103587,0.481942,1.83158
183,0,0.498627,-0.193937,1.84715,-0.103587,0.481942,1.83158
184,0,0.499163,-0.196159,1.84365,-0.103587,0.481942,1.83158
185,0,0.500248,-0.193578,1.84995,-0.103587,0.481942,1.83158
186,0,0.499535,-0.19326,1.8481,-0.103587,0.481942,1.83158
187,0,0.497291,-0.19143,1.85099,-0.103587,0.481942,1.83158
188,0,0.500682,-0.193755,1.84828,-0.103587,0.481942,1.83158
189,0,0.500567,-0.193985,1.85024,-0.103587,0.481942,1.83158
190,0,0.499061,-0.194416,1.84712,-0.103587,0.481942,1.83158
191,0,0.49983,-0.194512,1.84728,-0.103587,0.481942,1.83158
192,0,0.498821,-0.192493,1.85202,-0.103587,0.481942,1.83158
193,0,0.500685,-0.192852,1.85033,-0.103587,0.481942,1.83158
194,0,0.500916,-0.193337,1.84704,-0.103587,0.481942,1.83158
195,0,0.500716,-0.19434,1.84665,-0.103587,0.481942,1.83158
196,0,0.498306,-0.193282,1.84748,-0.103587,0.481942,1.83158
197,0,0.500162,-0.192577,1.85133,-0.103587,0.481942,1.83158
198,0,0.498847,-0.192569,1.85114,-0.103587,0.481942,1.83158
199,0,0.502438,-0.194344,1.84802,-0.103587,0.481942,1.83158
200,0,0.500199,-0.193202,1.84794,-0.103587,0.481942,1.83158
201,0,0.502497,-0.193273,1.85103,-0.103587,0.481942,1.83158
202,0,0.501441,-0.193384,1.84568,-0.103587,0.481942,1.83158
203,0,0.502045,-0.193468,1.85109,-0.103587,0.481942,1.83158
204,0,0.499852,-0.19415,1.85196,-0.103587,0.481942,1.83158
205,0,0.500406,-0.193423,1.85064,-0.103587,0.481942,1.83158
206,0,0.500987,-0.193362,1.85167,-0.103587,0.481942,1.83158
207,0,0.502189,-0.193255,1.85376,-0.103587,0.481942,1.83158
208,1,0.496901,-0.193443,1.84313,-0.103587,0.481942,1.83158
209,1,0.500588,-0.191997,1.84229,-0.103587,0.481942,1.83158
210,1,0.492355,-0.193847,1.82934,-0.103587,0.481942,1.83158
211,1,0.475707,-0.189578,1.80542,-0.103587,0.481942,1.83158
212,1,0.475398,-0.189844,1.81392,-0.103587,0.481942,1.83158
213,1,0.475914,-0.190303,1.80637,-0.103587,0.481942,1.83158
214,1,0.488915,-0.191723,1.81598,-0.103587,0.481942,1.83158
215,1,0.517095,-0.192812,1.84249,-0.103587,0.481942,1.83158
216,1,0.514026,-0.19221,1.84667,-0.103587,0.481942,1.83158
217,1,0.512061,-0.191972,1.8418,-0.103587,0.481942,1.83158
218,1,0.511337,-0.191384,1.84208,-0.103587,0.481942,1.83158
219,1,0.509864,-0.192926,1.84145,-0.103587,0.481942,1.83158
220,1,0.513001,-0.191046,1.84353,-0.103587,0.481942,1.83158
221,1,0.511119,-0.190613,1.83956,-0.103587,0.481942,1.83158
222,1,0.51033,-0.191043,1.83643,-0.103587,0.481942,1.83158
223,1,0.510673,-0.190835,1.83818,-0.103587,0.481942,1.83158
224,1,0.510743,-0.191959,1.83908,-0.103587,0.481942,1.83158
225,1,0.510871,-0.192052,1.84143,-0.103587,0.481942,1.83158
226,1,0.510763,-0.191147,1.84162,-0.103587,0.481942,1.83158
227,1,0.512815,-0.188354,1.84588,-0.103587,0.481942,1.83158
228,1,0.505452,-0.188346,1.83595,-0.103587,0.481942,1.83158
229,1,0.504061,-0.190095,1.83812,-0.103587,0.481942,1.83158
230,1,0.512873,-0.185745,1.85143,-0.103587,0.481942,1.83158
231,1,0.513511,-0.181145,1.85921,-0.103587,0.481942,1.83158
232,1,0.50456,-0.180859,1.84794,-0.103587,0.481942,1.83158
233,1,0.508109,-0.173197,1.85175,-0.103587,0.481942,1.83158
234,1,0.499305,-0.170316,1.84574,-0.103587,0.481942,1.83158
235,1,0.497257,-0.164118,1.84053,-0.103587,0.481942,1.83158
236,1,0.496205,-0.155169,1.83305,-0.103587,0.481942,1.83158
237,1,0.492359,-0.14867,1.81836,-0.103587,0.481942,1.83158
238,1,0.487261,-0.137396,1.80343,-0.103587,0.481942,1.83158
239,1,0.481136,-0.129629,1.78003,-0.103587,0.481942,1.83158
240,1,0.478849,-0.113545,1.7714,-0.103587,0.481942,1.83158
241,1,0.471841,-0.100177,1.74485,-0.103587,0.481942,1.83158
242,1,0.460391,-0.0927471,1.72595,-0.103587,0.481942,1.83158
243,1,0.438045,-0.0900771,1.68981,-0.103587,0.481942,1.83158
244,1,0.421948,-0.082953,1.66162,-0.103587,0.481942,1.83158
245,1,0.399352,-0.081514,1.63221,-0.103587,0.481942,1.83158
246,1,0.375694,-0.083935,1.60124,-0.103587,0.481942,1.83158
247,1,0.350842,-0.084964,1.5696,-0.103587,0.481942,1.83158
248,1,0.324874,-0.0909077,1.54166,-0.103587,0.481942,1.83158
249,1,0.299819,-0.101199,1.51186,-0.103587,0.481942,1.83158
250,1,0.268658,-0.114074,1.48757,-0.103587,0.481942,1.83158
251,1,0.239025,-0.126227,1.47074,-0.103587,0.481942,1.83158
252,1,0.210385,-0.144042,1.44813,-0.103587,0.481942,1.83158
253,1,0.182735,-0.160934,1.43197,-0.103587,0.481942,1.83158
254,1,0.155981,-0.180575,1.41864,-0.103587,0.481942,1.83158
255,1,0.130575,-0.200407,1.40065,-0.103587,0.481942,1.83158
256,1,0.105942,-0.221161,1.40096,-0.103587,0.481942,1.83158
257,1,0.0861401,-0.239602,1.40192,-0.103587,0.481942,1.83158
258,1,0.0686304,-0.259671,1.40319,-0.103587,0.481942,1.83158
259,1,0.0597493,-0.27753,1.40632,-0.103587,0.481942,1.83158
260,1,0.0632154,-0.288945,1.43196,-0.103587,0.481942,1.83158
261,1,0.0569652,-0.303611,1.43579,-0.103587,0.481942,1.83158
262,1,0.0442172,-0.321322,1.41893,-0.103587,0.481942,1.83158
263,1,0.0506525,-0.323363,1.43252,-0.103587,0.481942,1.83158
264,1,0.0483681,-0.331712,1.43508,-0.103587,0.481942,1.83158
265,1,0.0402109,-0.341997,1.43027,-0.103587,0.481942,1.83158
266,1,0.0472686,-0.346812,1.43872,-0.103587,0.481942,1.83158
267,1,0.0453333,-0.35374,1.44164,-0.103587,0.481942,1.83158
268,1,0.035817,-0.364751,1.43265,-0.103587,0.481942,1.83158
269,1,0.0366347,-0.371195,1.43693,-0.103587,0.481942,1.83158
270,1,0.0390186,-0.376007,1.44221,-0.103587,0.481942,1.83158
271,1,0.0452041,-0.380178,1.44838,-0.103587,0.481942,1.83158
272,1,0.0559592,-0.381959,1.45126,-0.103587,0.481942,1.83158
273,1,0.0717994,-0.380167,1.45214,-0.103587,0.481942,1.83158
274,1,0.0920236,-0.379957,1.45343,-0.103587,0.481942,1.83158
275,1,0.112851,-0.381534,1.45602,-0.103587,0.481942,1.83158
276,1,0.135101,-0.381885,1.45686,-0.103587,0.481942,1.83158
277,1,0.155598,-0.382587,1.45512,-0.103587,0.481942,1.83158
278,1,0.176963,-0.380059,1.45752,-0.103587,0.481942,1.83158
279,1,0.195857,-0.379888,1.45757,-0.103587,0.481942,1.83158
280,1,0.212595,-0.377056,1.45705,-0.103587,0.481942,1.83158
281,1,0.226499,-0.3764,1.45743,-0.103587,0.481942,1.83158
282,1,0.233956,-0.375045,1.45433,-0.103587,0.481942,1.83158
283,1,0.235139,-0.375336,1.45015,-0.103587,0.481942,1.83158
284,1,0.228987,-0.375265,1.44431,-0.103587,0.481942,1.83158
285,1,0.216318,-0.375864,1.44038,-0.103587,0.481942,1.83158
286,1,0.197126,-0.377897,1.4372,-0.103587,0.481942,1.83158
287,1,0.174528,-0.38058,1.43428,-0.103587,0.481942,1.83158
288,1,0.148715,-0.382162,1.42798,-0.103587,0.481942,1.83158
289,1,0.119714,-0.384114,1.42711,-0.103587,0.481942,1.83158
290,1,0.0911461,-0.383644,1.42762,-0.103587,0.481942,1.83158
291,1,0.0610008,-0.383204,1.43107,-0.103587,0.481942,1.83158
292,1,0.0375223,-0.377984,1.44193,-0.103587,0.481942,1.83158
293,1,0.0164459,-0.376139,1.44614,-0.103587,0.481942,1.83158
294,1,0.00113129,-0.37742,1.44795,-0.103587,0.481942,1.83158
295,1,-0.00973256,-0.375624,1.44754,-0.103587,0.481942,1.83158
296,1,-0.00931919,-0.375658,1.45192,-0.103587,0.481942,1.83158
297,1,-0.00405839,-0.377939,1.45033,-0.103587,0.481942,1.83158
298,1,0.0107414,-0.378328,1.45169,-0.103587,0.481942,1.83158
299,1,0.0287149,-0.380134,1.45257,-0.103587,0.481942,1.83158
300,1,0.0548697,-0.381739,1.4561,-0.103587,0.481942,1.83158
301,1,0.0797577,-0.382569,1.45325,-0.103587,0.481942,1.83158
302,1,0.106751,-0.38266,1.45288,-0.103587,0.481942,1.83158
303,1,0.13454,-0.382399,1.45289,-0.103587,0.481942,1.83158
304,1,0.161792,-0.38183,1.4559,-0.103587,0.481942,1.83158
305,1,0.187651,-0.378276,1.45416,-0.103587,0.481942,1.83158
306,1,0.208488,-0.374689,1.45689,-0.103587,0.481942,1.83158
307,1,0.224908,-0.369768,1.45799,-0.103587,0.481942,1.83158
308,1,0.233019,-0.366133,1.4536,-0.103587,0.481942,1.83158
309,1,0.236044,-0.365323,1.45536,-0.103587,0.481942,1.83158
310,1,0.228633,-0.366187,1.44818,-0.103587,0.481942,1.83158
311,1,0.214577,-0.369206,1.44095,-0.103587,0.481942,1.83158
312,1,0.191596,-0.374315,1.43484,-0.103587,0.481942,1.83158
313,1,0.166342,-0.376686,1.42935,-0.103587,0.481942,1.83158
314,1,0.132506,-0.381006,1.42675,-0.103587,0.481942,1.83158
315,1,0.101164,-0.38253,1.42204,-0.103587,0.481942,1.83158
316,1,0.0673187,-0.381222,1.42854,-0.103587,0.481942,1.83158
317,1,0.0417261,-0.37485,1.44014,-0.103587,0.481942,1.83158
318,1,0.0156663,-0.372369,1.44095,-0.103587,0.481942,1.83158
319,1,-0.00474893,-0.371124,1.43692,-0.103587,0.481942,1.83158
320,1,-0.0165687,-0.368902,1.44174,-0.103587,0.481942,1.83158
321,1,-0.0221428,-0.369117,1.43798,-0.103587,0.481942,1.83158
322,1,-0.0218068,-0.36656,1.44433,-0.103587,0.481942,1.83158
323,1,-0.0120541,-0.368567,1.4426,-0.103587,0.481942,1.83158
324,1,0.000711063,-0.369361,1.44522,-0.103587,0.481942,1.83158
325,1,0.0200588,-0.371535,1.44058,-0.103587,0.481942,1.83158
326,1,0.0413721,-0.372816,1.44661,-0.103587,0.481942,1.83158
327,1,0.0636079,-0.373268,1.44578,-0.103587,0.481942,1.83158
328,1,0.0891995,-0.3731,1.44668,-0.103587,0.481942,1.83158
329,1,0.11364,-0.373759,1.44747,-0.103587,0.481942,1.83158
330,1,0.135875,-0.37374,1.4499,-0.103587,0.481942,1.83158
331,1,0.15678,-0.374969,1.45387,-0.103587,0.481942,1.83158
332,1,0.175552,-0.373694,1.45495,-0.103587,0.481942,1.83158
333,1,0.188956,-0.372956,1.45701,-0.103587,0.481942,1.83158
334,1,0.198762,-0.373197,1.45758,-0.103587,0.481942,1.83158
335,1,0.203491,-0.37319,1.45696,-0.103587,0.481942,1.83158
336,1,0.208621,-0.379093,1.44581,-0.103587,0.481942,1.83158
337,1,0.200558,-0.377757,1.45145,-0.103587,0.481942,1.83158
338,1,0.197961,-0.374964,1.45464,-0.103587,0.481942,1.83158
339,1,0.193648,-0.374485,1.45464,-0.103587,0.481942,1.83158
340,1,0.187089,-0.374446,1.45016,-0.103587,0.481942,1.83158
341,1,0.182035,-0.371159,1.45011,-0.103587,0.481942,1.83158
342,1,0.172456,-0.369038,1.44718,-0.103587,0.481942,1.83158
343,1,0.162529,-0.362672,1.44443,-0.103587,0.481942,1.83158
344,1,0.15753,-0.351251,1.44716,-0.103587,0.481942,1.83158
345,1,0.144396,-0.351328,1.43619,-0.103587,0.481942,1.83158
346,1,0.13728,-0.336097,1.44213,-0.103587,0.481942,1.83158
347,1,0.123154,-0.330629,1.44064,-0.103587,0.481942,1.83158
348,1,0.111096,-0.317512,1.43884,-0.103587,0.481942,1.83158
349,1,0.0993132,-0.304317,1.44057,-0.103587,0.481942,1.83158
350,1,0.0841468,-0.286255,1.4346,-0.103587,0.481942,1.83158
351,1,0.0678078,-0.265795,1.43767,-0.103587,0.481942,1.83158
352,1,0.0551664,-0.238867,1.44286,-0.103587,0.481942,1.83158
353,1,0.0333648,-0.218089,1.43618,-0.103587,0.481942,1.83158
354,1,0.0139709,-0.188408,1.4375,-0.103587,0.481942,1.83158
355,1,-0.0128765,-0.164426,1.44011,-0.103587,0.481942,1.83158
356,1,-0.0374611,-0.139123,1.44272,-0.103587,0.481942,1.83158
357,1,-0.0646467,-0.121386,1.44034,-0.103587,0.481942,1.83158
358,1,-0.0866433,-0.0952517,1.4463,-0.103587,0.481942,1.83158
359,1,-0.11339,-0.0784373,1.45587,-0.103587,0.481942,1.83158
360,1,-0.141015,-0.0610605,1.45943,-0.103587,0.481942,1.83158
361,1,-0.180168,-0.0528144,1.46353,-0.103587,0.481942,1.83158
362,1,-0.206328,-0.0390225,1.4739,-0.103587,0.481942,1.83158
363,1,-0.240624,-0.0329551,1.48414,-0.103587,0.481942,1.83158
364,1,-0.273097,-0.0342883,1.49379,-0.103587,0.481942,1.83158
365,1,-0.308155,-0.0337533,1.51134,-0.103587,0.481942,1.83158
366,1,-0.346776,-0.0383199,1.52616,-0.103587,0.481942,1.83158
367,1,-0.384267,-0.0406697,1.54562,-0.103587,0.481942,1.83158
368,1,-0.406771,-0.0531819,1.56478,-0.103587,0.481942,1.83158
369,1,-0.447693,-0.0632869,1.59532,-0.103587,0.481942,1.83158
370,1,-0.473292,-0.0769941,1.62615,-0.103587,0.481942,1.83158
371,1,-0.497425,-0.0977413,1.64329,-0.103587,0.481942,1.83158
372,1,-0.515662,-0.112208,1.66753,-0.103587,0.481942,1.83158
373,1,-0.534464,-0.127252,1.6877,-0.103587,0.481942,1.83158
374,1,-0.541797,-0.148712,1.69767,-0.103587,0.481942,1.83158
375,1,-0.554629,-0.164535,1.7181,-0.103587,0.481942,1.83158
376,1,-0.557079,-0.184337,1.72123,-0.103587,0.481942,1.83158
377,1,-0.563812,-0.197877,1.72706,-0.103587,0.481942,1.83158
378,1,-0.573949,-0.211786,1.74101,-0.103587,0.481942,1.83158
379,1,-0.573739,-0.224392,1.75325,-0.103587,0.481942,1.83158
380,1,-0.573755,-0.235472,1.75712,-0.103587,0.481942,1.83158
381,1,-0.576127,-0.245924,1.76469,-0.103587,0.481942,1.83158
382,1,-0.575647,-0.253769,1.76298,-0.103587,0.481942,1.83158
383,1,-0.57114,-0.261558,1.76434,-0.103587,0.481942,1.83158
384,1,-0.56891,-0.263079,1.76753,-0.103587,0.481942,1.83158
385,1,-0.571281,-0.265318,1.76467,-0.103587,0.481942,1.83158
386,1,-0.570273,-0.263744,1.76878,-0.103587,0.481942,1.83158
387,1,-0.569622,-0.263609,1.76266,-0.103587,0.481942,1.83158
388,1,-0.569839,-0.263012,1.7691,-0.103587,0.481942,1.83158
389,1,-0.570884,-0.264711,1.76634,-0.103587,0.481942,1.83158
390,1,-0.570043,-0.262409,1.76752,-0.103587,0.481942,1.83158
391,1,-0.568748,-0.263666,1.76572,-0.103587,0.481942,1.83158
392,0,-0.569908,-0.263388,1.75711,-0.103587,0.481942,1.83158
393,0,-0.571031,-0.261732,1.76321,-0.103587,0.481942,1.83158
394,0,-0.569102,-0.262192,1.7562,-0.103587,0.481942,1.83158
395,0,-0.568254,-0.26197,1.76223,-0.103587,0.481942,1.83158
396,0,-0.570207,-0.263506,1.75689,-0.103587,0.481942,1.83158
397,0,-0.5698,-0.262486,1.762,-0.103587,0.481942,1.83158
398,0,-0.567273,-0.262579,1.75359,-0.103587,0.481942,1.83158
399,0,-0.568564,-0.263327,1.75824,-0.103587,0.481942,1.83158
400,0,-0.56892,-0.263157,1.75821,-0.103587,0.481942,1.83158
401,0,-0.568015,-0.262773,1.76086,-0.103587,0.481942,1.83158
402,0,-0.57005,-0.262866,1.75341,-0.103587,0.481942,1.83158
403,0,-0.57203,-0.263765,1.74957,-0.103587,0.481942,1.83158
404,0,-0.568999,-0.262739,1.75525,-0.103587,0.481942,1.83158
405,0,-0.569905,-0.263082,1.75576,-0.103587,0.481942,1.83158
406,0,-0.567766,-0.262828,1.7551,-0.103587,0.481942,1.83158
407,0,-0.569261,-0.262845,1.75135,-0.103587,0.481942,1.83158
408,0,-0.570377,-0.262847,1.75441,-0.103587,0.481942,1.83158
409,0,-0.572352,-0.263892,1.75623,-0.103587,0.481942,1.83158
410,0,-0.571147,-0.263369,1.75212,-0.103587,0.481942,1.83158
411,0,-0.569785,-0.263113,1.75432,-0.103587,0.481942,1.83158
412,0,-0.571404,-0.262737,1.75118,-0.103587,0.481942,1.83158
413,0,-0.569715,-0.262916,1.75422,-0.103587,0.481942,1.83158
414,0,-0.571598,-0.263229,1.75278,-0.103587,0.481942,1.83158
415,0,-0.569921,-0.262693,1.75637,-0.103587,0.481942,1.83158
416,0,-0.5689,-0.262933,1.75571,-0.103587,0.481942,1.83158
417,0,-0.570888,-0.262966,1.75251,-0.103587,0.481942,1.83158
418,0,-0.569217,-0.262756,1.75139,-0.103587,0.481942,1.83158
419,0,-0.5701,-0.262944,1.75519,-0.103587,0.481942,1.83158
420,0,-0.569098,-0.262696,1.75526,-0.103587,0.481942,1.83158
421,0,-0.570461,-0.263022,1.75766,-0.103587,0.481942,1.83158
422,0,-0.568774,-0.261313,1.75633,-0.103587,0.481942,1.83158
423,0,-0.3022,-0.121709,0.940445,-0.103587,0.481942,1.83158
424,0,-0.570921,-0.262303,1.75503,-0.103587,0.481942,1.83158
425,0,-0.572819,-0.262636,1.75385,-0.103587,0.481942,1.83158
426,0,-0.57089,-0.263856,1.75546,-0.103587,0.481942,1.83158
427,0,-0.570019,-0.261495,1.76048,-0.103587,0.481942,1.83158
428,0,-0.571731,-0.263545,1.75444,-0.103587,0.481942,1.83158
429,0,-0.572222,-0.261491,1.76329,-0.103587,0.481942,1.83158
430,0,-0.570915,-0.261521,1.76269,-0.103587,0.481942,1.83158
431,0,-0.569895,-0.262812,1.76027,-0.103587,0.481942,1.83158
432,0,-0.572828,-0.263222,1.76217,-0.103587,0.481942,1.83158
433,0,-0.571591,-0.262457,1.7576,-0.103587,0.481942,1.83158
434,0,-0.572993,-0.26271,1.75675,-0.103587,0.481942,1.83158
435,0,-0.571878,-0.262747,1.75801,-0.103587,0.481942,1.83158
436,0,-0.571034,-0.262792,1.75578,-0.103587,0.481942,1.83158
437,0,-0.570494,-0.26252,1.75929,-0.103587,0.481942,1.83158
438,0,-0.571881,-0.26263,1.75615,-0.103587,0.481942,1.83158
439,0,-0.569893,-0.261528,1.76203,-0.103587,0.481942,1.83158
440,0,-0.571701,-0.262997,1.76319,-0.103587,0.481942,1.83158
441,0,-0.569761,-0.262127,1.76302,-0.103587,0.481942,1.83158
442,0,-0.570358,-0.262483,1.76178,-0.103587,0.481942,1.83158
443,0,-0.56891,-0.262421,1.75674,-0.103587,0.481942,1.83158
444,0,-0.571705,-0.263016,1.76069,-0.103587,0.481942,1.83158
445,0,-0.570465,-0.263857,1.75781,-0.103587,0.481942,1.83158
446,0,-0.571082,-0.263118,1.75929,-0.103587,0.481942,1.83158
447,0,-0.570476,-0.262837,1.76067,-0.103587,0.481942,1.83158
448,0,-0.570908,-0.263322,1.75812,-0.103587,0.481942,1.83158
449,0,-0.570711,-0.263246,1.75182,-0.103587,0.481942,1.83158
450,0,-0.572407,-0.263549,1.76262,-0.103587,0.481942,1.83158
451,0,-0.570849,-0.262551,1.75435,-0.103587,0.481942,1.83158
452,0,-0.56906,-0.262626,1.75444,-0.103587,0.481942,1.83158
453,1,-0.569852,-0.263301,1.75785,-0.103587,0.481942,1.83158
454,1,-0.569294,-0.263775,1.76287,-0.103587,0.481942,1.83158
455,1,-0.57008,-0.263805,1.75435,-0.103587,0.481942,1.83158
456,1,-0.568477,-0.263882,1.75384,-0.103587,0.481942,1.83158
457,1,-0.569229,-0.263353,1.76161,-0.103587,0.481942,1.83158
458,1,-0.569504,-0.262609,1.75683,-0.103587,0.481942,1.83158
459,1,-0.570751,-0.261428,1.76089,-0.103587,0.481942,1.83158
460,1,-0.571369,-0.264312,1.75648,-0.103587,0.481942,1.83158
461,1,-0.569728,-0.263539,1.76319,-0.103587,0.481942,1.83158
462,1,-0.571728,-0.262479,1.7621,-0.103587,0.481942,1.83158
463,1,-0.569019,-0.261994,1.75716,-0.103587,0.481942,1.83158
464,1,-0.572547,-0.260771,1.74937,-0.103587,0.481942,1.83158
465,1,-0.570806,-0.253216,1.75294,-0.103587,0.481942,1.83158
466,1,-0.567823,-0.249318,1.7526,-0.103587,0.481942,1.83158
467,1,-0.56622,-0.239845,1.74585,-0.103587,0.481942,1.83158
468,1,-0.565168,-0.227906,1.74178,-0.103587,0.481942,1.83158
469,1,-0.56706,-0.215989,1.72803,-0.103587,0.481942,1.83158
470,1,-0.563559,-0.19981,1.71744,-0.103587,0.481942,1.83158
471,1,-0.560043,-0.181196,1.71138,-0.103587,0.481942,1.83158
472,1,-0.550206,-0.1577,1.69567,-0.103587,0.481942,1.83158
473,1,-0.536424,-0.13718,1.66982,-0.103587,0.481942,1.83158
474,1,-0.518892,-0.115537,1.65091,-0.103587,0.481942,1.83158
475,1,-0.499602,-0.0949597,1.6322,-0.103587,0.481942,1.83158
476,1,-0.47343,-0.07633,1.61184,-0.103587,0.481942,1.83158
477,1,-0.447607,-0.055287,1.59428,-0.103587,0.481942,1.83158
478,1,-0.415842,-0.0400945,1.57254,-0.103587,0.481942,1.83158
479,1,-0.376245,-0.0267788,1.54899,-0.103587,0.481942,1.83158
480,1,-0.335793,-0.0162113,1.52851,-0.103587,0.481942,1.83158
481,1,-0.295506,-0.00939077,1.52423,-0.103587,0.481942,1.83158
482,1,-0.249971,-0.00139517,1.51363,-0.103587,0.481942,1.83158
483,1,-0.20794,0.00492063,1.51322,-0.103587,0.481942,1.83158
484,1,-0.156222,0.00768644,1.50809,-0.103587,0.481942,1.83158
485,1,-0.109832,0.0157681,1.50717,-0.103587,0.481942,1.83158
486,1,-0.0602464,0.0123892,1.50644,-0.103587,0.481942,1.83158
487,1,-0.0340998,0.0158273,1.52814,-0.103587,0.481942,1.83158
488,1,0.000843752,0.0156724,1.54181,-0.103587,0.481942,1.83158
489,1,0.0435104,0.0128195,1.54979,-0.103587,0.481942,1.83158
490,1,0.0896056,0.0106261,1.55812,-0.103587,0.481942,1.83158
491,1,0.143049,0.0043201,1.57042,-0.103587,0.481942,1.83158
492,1,0.181558,-0.00211238,1.59043,-0.103587,0.481942,1.83158
493,1,0.223627,-0.0118956,1.60958,-0.103587,0.481942,1.83158
494,1,0.266537,-0.0228785,1.63295,-0.103587,0.481942,1.83158
495,1,0.306135,-0.0341104,1.65414,-0.103587,0.481942,1.83158
496,1,0.337731,-0.0450122,1.67737,-0.103587,0.481942,1.83158
497,1,0.367354,-0.061913,1.69655,-0.103587,0.481942,1.83158
498,1,0.394425,-0.0757085,1.71422,-0.103587,0.481942,1.83158
499,1,0.416988,-0.0913472,1.73387,-0.103587,0.481942,1.83158
500,1,0.43356,-0.105269,1.74941,-0.103587,0.481942,1.83158
501,1,0.454278,-0.121141,1.76872,-0.103587,0.481942,1.83158
502,1,0.466547,-0.134783,1.78042,-0.103587,0.481942,1.83158
503,1,0.458464,-0.146109,1.77909,-0.103587,0.481942,1.83158
504,1,0.48526,-0.158793,1.8036,-0.103587,0.481942,1.83158
505,1,0.498157,-0.166849,1.81601,-0.103587,0.481942,1.83158
506,1,0.497456,-0.17741,1.81565,-0.103587,0.481942,1.83158
507,1,0.507929,-0.183419,1.83279,-0.103587,0.481942,1.83158
508,1,0.508077,-0.194472,1.83356,-0.103587,0.481942,1.83158
509,1,0.505174,-0.194979,1.83365,-0.103587,0.481942,1.83158
510,1,0.496694,-0.193746,1.82674,-0.103587,0.481942,1.83158
511,1,0.527909,-0.194814,1.85634,-0.103587,0.481942,1.83158
512,1,0.511259,-0.197442,1.83384,-0.103587,0.481942,1.83158
513,1,0.494015,-0.197074,1.8218,-0.103587,0.481942,1.83158
514,1,0.494712,-0.199021,1.82587,-0.103587,0.481942,1.83158
515,1,0.502719,-0.197115,1.83337,-0.103587,0.481942,1.83158
516,1,0.512935,-0.198555,1.84594,-0.103587,0.481942,1.83158
517,1,0.482587,-0.190707,1.82794,-0.103587,0.481942,1.83158
518,1,0.493322,-0.193019,1.84037,-0.103587,0.481942,1.83158
519,1,0.512421,-0.194777,1.85271,-0.103587,0.481942,1.83158
520,1,0.51299,-0.196228,1.85974,-0.103587,0.481942,1.83158
521,0,0.514655,-0.194695,1.85984,-0.103587,0.481942,1.83158
522,0,0.514248,-0.194454,1.86033,-0.103587,0.481942,1.83158
523,0,0.51271,-0.196361,1.85754,-0.103587,0.481942,1.83158
524,0,0.513264,-0.194764,1.861,-0.103587,0.481942,1.83158
525,0,0.516322,-0.196232,1.85923,-0.103587,0.481942,1.83158
526,0,0.514477,-0.196085,1.86049,-0.103587,0.481942,1.83158
527,0,0.515417,-0.196193,1.86019,-0.103587,0.481942,1.83158
528,0,0.514368,-0.196494,1.86138,-0.103587,0.481942,1.83158
529,0,0.514365,-0.196851,1.85963,-0.103587,0.481942,1.83158
530,0,0.515452,-0.196713,1.85814,-0.103587,0.481942,1.83158
531,0,0.516621,-0.195507,1.86269,-0.103587,0.481942,1.83158
532,0,0.513809,-0.195579,1.86069,-0.103587,0.481942,1.83158
533,0,0.514517,-0.195953,1.86176,-0.103587,0.481942,1.83158
534,0,0.513703,-0.196322,1.85607,-0.103587,0.481942,1.83158
535,0,0.512789,-0.195007,1.85426,-0.103587,0.481942,1.83158
536,0,0.511629,-0.195643,1.85809,-0.103587,0.481942,1.83158
537,0,0.513392,-0.19644,1.85708,-0.103587,0.481942,1.83158
538,0,0.512575,-0.194742,1.85585,-0.103587,0.481942,1.83158
539,0,0.513345,-0.196498,1.85447,-0.103587,0.481942,1.83158
540,0,0.513422,-0.196665,1.85828,-0.103587,0.481942,1.83158
541,0,0.513854,-0.196227,1.8582,-0.103587,0.481942,1.83158
542,0,0.51445,-0.195294,1.86086,-0.103587,0.481942,1.83158
543,0,0.51591,-0.195959,1.86699,-0.103587,0.481942,1.83158
544,0,0.515359,-0.194946,1.86564,-0.103587,0.481942,1.83158
545,0,0.516096,-0.195887,1.86627,-0.103587,0.481942,1.83158
546,0,0.516344,-0.196893,1.86618,-0.103587,0.481942,1.83158
547,0,0.51526,-0.195875,1.8633,-0.103587,0.481942,1.83158
548,0,0.517611,-0.197362,1.86626,-0.103587,0.481942,1.83158
549,0,0.515423,-0.196875,1.86489,-0.103587,0.481942,1.83158
550,0,0.516517,-0.195733,1.86593,-0.103587,0.481942,1.83158
551,0,0.517228,-0.197751,1.86676,-0.103587,0.481942,1.83158
552,0,0.515593,-0.196519,1.86668,-0.103587,0.481942,1.83158
553,0,0.515305,-0.196089,1.86579,-0.103587,0.481942,1.83158
554,0,0.516153,-0.196333,1.86907,-0.103587,0.481942,1.83158
555,0,0.516017,-0.196677,1.86597,-0.103587,0.481942,1.83158
556,0,0.516638,-0.197266,1.86833,-0.103587,0.481942,1.83158
557,0,0.515834,-0.196087,1.86692,-0.103587,0.481942,1.83158
558,0,0.516602,-0.195711,1.86419,-0.103587,0.481942,1.83158
559,0,0.516823,-0.195761,1.87167,-0.103587,0.481942,1.83158
560,0,0.515472,-0.199514,1.86622,-0.103587,0.481942,1.83158
561,0,0.514682,-0.196401,1.86638,-0.103587,0.481942,1.83158
562,0,0.515948,-0.196796,1.86378,-0.103587,0.481942,1.83158
563,0,0.514037,-0.195724,1.86342,-0.103587,0.481942,1.83158
564,0,0.514975,-0.196593,1.86615,-0.103587,0.481942,1.83158
565,0,0.5157,-0.196755,1.8677,-0.103587,0.481942,1.83158
566,0,0.515735,-0.196826,1.86535,-0.103587,0.481942,1.83158
567,0,0.511629,-0.197772,1.86132,-0.103587,0.481942,1.83158
568,0,0.513611,-0.196369,1.86248,-0.103587,0.481942,1.83158
569,0,0.516793,-0.19661,1.86629,-0.103587,0.481942,1.83158
570,0,0.516924,-0.197306,1.86281,-0.103587,0.481942,1.83158
571,0,0.516298,-0.196122,1.8687,-0.103587,0.481942,1.83158
572,0,0.515,-0.195913,1.86547,-0.103587,0.481942,1.83158
573,0,0.515545,-0.196089,1.86654,-0.103587,0.481942,1.83158
574,0,0.516283,-0.196089,1.86709,-0.103587,0.481942,1.83158
575,0,0.516965,-0.197526,1.86395,-0.103587,0.481942,1.83158
576,0,0.516726,-0.194883,1.8691,-0.103587,0.481942,1.83158
577,0,0.51532,-0.196581,1.8634,-0.103587,0.481942,1.83158
578,0,0.51571,-0.196033,1.86389,-0.103587,0.481942,1.83158
579,0,0.516806,-0.19502,1.86947,-0.103587,0.481942,1.83158
580,0,0.514972,-0.196558,1.86541,-0.103587,0.481942,1.83158
581,0,0.51819,-0.196276,1.86844,-0.103587,0.481942,1.83158
582,0,0.51654,-0.1971,1.86944,-0.103587,0.481942,1.83158
583,0,0.51453,-0.196196,1.86711,-0.103587,0.481942,1.83158
584,0,0.511592,-0.196674,1.85759,-0.103587,0.481942,1.83158
585,0,0.514062,-0.196405,1.86422,-0.103587,0.481942,1.83158
586,0,0.514352,-0.196547,1.86417,-0.103587,0.481942,1.83158
587,0,0.516312,-0.195786,1.86762,-0.103587,0.481942,1.83158
588,0,0.51571,-0.196176,1.86476,-0.103587,0.481942,1.83158
589,0,0.515993,-0.196372,1.86636,-0.103587,0.481942,1.83158
590,0,0.517513,-0.195863,1.86924,-0.103587,0.481942,1.83158
591,0,0.514458,-0.197448,1.86559,-0.103587,0.481942,1.83158
592,0,0.514137,-0.196565,1.86445,-0.103587,0.481942,1.83158
593,0,0.517026,-0.196442,1.87092,-0.103587,0.481942,1.83158
594,0,0.515844,-0.196221,1.8676,-0.103587,0.481942,1.83158
595,0,0.51529,-0.195818,1.86547,-0.103587,0.481942,1.83158
596,0,0.515494,-0.196499,1.86758,-0.103587,0.481942,1.83158
597,0,0.513979,-0.196289,1.86418,-0.103587,0.481942,1.83158
598,0,0.516574,-0.196243,1.86901,-0.103587,0.481942,1.83158
599,0,0.514533,-0.195846,1.86493,-0.103587,0.481942,1.83158
600,0,0.515155,-0.196086,1.86427,-0.103587,0.481942,1.83158
601,0,0.516203,-0.196626,1.86758,-0.103587,0.481942,1.83158
602,0,0.517169,-0.195706,1.86557,-0.103587,0.481942,1.83158
603,0,0.515853,-0.196134,1.8688,-0.103587,0.481942,1.83158
604,0,0.515723,-0.195975,1.8659,-0.103587,0.481942,1.83158
605,0,0.515696,-0.195783,1.86697,-0.103587,0.481942,1.83158
606,0,0.51512,-0.196144,1.8678,-0.103587,0.481942,1.83158
607,0,0.516061,-0.195354,1.86567,-0.103587,0.481942,1.83158
608,0,0.516584,-0.195579,1.86906,-0.103587,0.481942,1.83158
609,0,0.514577,-0.197511,1.86334,-0.103587,0.481942,1.83158
610,0,0.51491,-0.196898,1.86338,-0.103587,0.481942,1.83158
611,0,0.5149,-0.196246,1.86446,-0.103587,0.481942,1.83158
612,0,0.515553,-0.196363,1.86698,-0.103587,0.481942,1.83158
613,0,0.516464,-0.195275,1.86922,-0.103587,0.481942,1.83158
614,0,0.51594,-0.195301,1.864,-0.103587,0.481942,1.83158
615,0,0.515727,-0.196566,1.8676,-0.103587,0.481942,1.83158
616,0,0.517165,-0.195614,1.86632,-0.103587,0.481942,1.83158
617,0,0.517245,-0.197647,1.87264,-0.103587,0.481942,1.83158
618,0,0.517275,-0.196,1.86857,-0.103587,0.481942,1.83158
619,0,0.516105,-0.196539,1.86788,-0.103587,0.481942,1.83158
620,0,0.517042,-0.197117,1.86873,-0.103587,0.481942,1.83158
621,0,0.515652,-0.196392,1.86574,-0.103587,0.481942,1.83158
622,0,0.517319,-0.196056,1.86582,-0.103587,0.481942,1.83158
623,0,0.517495,-0.19746,1.86735,-0.103587,0.481942,1.83158
624,0,0.516925,-0.196524,1.86828,-0.103587,0.481942,1.83158
625,0,0.516691,-0.196154,1.87035,-0.103587,0.481942,1.83158
626,0,0.515624,-0.197757,1.86356,-0.103587,0.481942,1.83158
627,0,0.516364,-0.196161,1.8655,-0.103587,0.481942,1.83158
628,0,0.516822,-0.19669,1.86409,-0.103587,0.481942,1.83158
629,0,0.518038,-0.195124,1.86948,-0.103587,0.481942,1.83158
630,0,0.517334,-0.197924,1.86613,-0.103587,0.481942,1.83158
631,0,0.517682,-0.195514,1.87001,-0.103587,0.481942,1.83158
632,0,0.517012,-0.196127,1.86952,-0.103587,0.481942,1.83158
633,0,0.517068,-0.195707,1.86771,-0.103587,0.481942,1.83158
634,0,0.517036,-0.195636,1.87083,-0.103587,0.481942,1.83158
635,0,0.516588,-0.195883,1.86946,-0.103587,0.481942,1.83158
636,0,0.516995,-0.196133,1.8676,-0.103587,0.481942,1.83158
637,0,0.518032,-0.197228,1.86777,-0.103587,0.481942,1.83158
638,0,0.516063,-0.198167,1.86506,-0.103587,0.481942,1.83158
639,0,0.51437,-0.198094,1.86255,-0.103587,0.481942,1.83158
640,0,0.515916,-0.196369,1.86336,-0.103587,0.481942,1.83158
641,0,0.514001,-0.197976,1.86224,-0.103587,0.481942,1.83158
642,0,0.515621,-0.196887,1.86722,-0.103587,0.481942,1.83158
643,0,0.517554,-0.197141,1.86656,-0.103587,0.481942,1.83158
644,0,0.515909,-0.196687,1.86495,-0.103587,0.481942,1.83158
645,0,0.515233,-0.197014,1.86277,-0.103587,0.481942,1.83158
646,0,0.516625,-0.196735,1.86489,-0.103587,0.481942,1.83158
647,0,0.516489,-0.196996,1.86725,-0.103587,0.481942,1.83158
648,0,0.516994,-0.197449,1.86537,-0.103587,0.481942,1.83158
649,0,0.51623,-0.195916,1.86917,-0.103587,0.481942,1.83158
