Locations,4
Location Intervals,100
Sector Intervals,36
0,0,0
0,0,0,0,0,0,0,0,0,0,0,0,0,0,0,0,0,0,0,0,0,0,0,0,0,0,0,0,0,0,0,0,0,0,0,0,0,0,0,0,0,0,0,0,0,0,0,0,0,0,0,0,0,0,0,0,0,0,0,0,0,0,0,0,0,0,0,0,0,0,0,0,0,0,0,0,0,0,0,0,0,0,0,0,0,0,0,0,0,0,0,0,0,0,0,0,0,0,0,0
0,1,0
0.000602456,0.00151577,0.00217812,0.00338481,0.00537248,0.00795116,0.0107096,0.0141092,0.0181428,0.021968,0.0235645,0.0235823,0.0234687,0.0237657,0.0245888,0.0251425,0.0250155,0.0244337,0.0250943,0.0249923,0.0244006,0.0258935,0.0270836,0.0271583,0.0256154,0.0240778,0.0246334,0.0265434,0.028004,0.0289761,0.0297909,0.0307804,0.031727,0.0302546,0.0302412,0.0314102,0.0318477,0.0316606,0.029831,0.0269306,0.0256551,0.0258399,0.026936,0.0300697,0.035214,0.0403202,0.0416806,0.04135,0.0407687,0.0402908,0.0398804,0.0390398,0.0378033,0.0371772,0.0371673,0.0371997,0.0371185,0.0364865,0.0344446,0.0334543,0.0329502,0.0334826,0.0347147,0.0354709,0.0353767,0.0343835,0.0330062,0.0325608,0.0327814,0.0328041,0.0326585,0.0326269,0.0327231,0.0328246,0.0341274,0.03638,0.0396201,0.0436953,0.0469188,0.0492173,0.0497552,0.0472246,0.0420042,0.0340697,0.026021,0.0221104,0.0223834,0.0251467,0.0279999,0.0270747,0.0226801,0.0181126,0.0153552,0.013779,0.0129893,0.0120626,0.0102347,0.00742349,0.00491155,0.00260876
0,2,0
0,0,0,0,0,0,0,0,0,0,0,0,0,0,0,0,0,0,0,0,0,0,0,0,0,0,0,0,0,0,0,0,0,0,0,0,0,0,0,0,0,0,0,0,0,0,0,0,0,0,0,0,0,0,0,0,0,0,0,0,0,0,0,0,0,0,0,0,0,0,0,0,0,0,0,0,0,0,0,0,0,0,0,0,0,0,0,0,0,0,0,0,0,0,0,0,0,0,0,0
0,3,0
0,0,0,0,0,0,0,0,0,0,0,0,0,0,0,0,0,0,0,0,0,0,0,0,0,0,0,0,0,0,0,0,0,0,0,0,0,0,0,0,0,0,0,0,0,0,0,0,0,0,0,0,0,0,0,0,0,0,0,0,0,0,0,0,0,0,0,0,0,0,0,0,0,0,0,0,0,0,0,0,0,0,0,0,0,0,0,0,0,0,0,0,0,0,0,0,0,0,0,0
1,0,0
0,0,0,0,0,0,0,0,0,0,0,0,0,0,0,0,0,0,0,0,0,0,0,0,0,0,0,0,0,0,0,0,0,0,0,0,0,0,0,0,0,0,0,0,0,0,0,0,0,0,0,0,0,0,0,0,0,0,0,0,0,0,0,0,0,0,0,0,0,0,0,0,0,0,0,0,0,0,0,0,0,0,0,0,0,0,0,0,0,0,0,0,0,0,0,0,0,0,0,0
1,1,0
0,0,0,0,0,0,0,0,0,0,0,0,0,0,0,0,0,0,0,0,0,0,0,0,0,0,0,0,0,0,0,0,0,0,0,0,0,0,0,0,0,0,0,0,0,0,0,0,0,0,0,0,0,0,0,0,0,0,0,0,0,0,0,0,0,0,0,0,0,0,0,0,0,0,0,0,0,0,0,0,0,0,0,0,0,0,0,0,0,0,0,0,0,0,0,0,0,0,0,0
1,2,0
0.000951472,0.00260156,0.00452668,0.00656528,0.00874539,0.0106734,0.0130572,0.0187969,0.029041,0.0388157,0.0439306,0.0441091,0.0436605,0.0441752,0.0469548,0.0507831,0.0517201,0.0519816,0.0512909,0.0480031,0.0427466,0.0396662,0.0392974,0.0395209,0.0397752,0.0399724,0.0401252,0.0402468,0.0395663,0.0365591,0.0309798,0.0267034,0.0252132,0.0250292,0.0250197,0.0249841,0.0249096,0.0255622,0.028865,0.03439,0.0375752,0.0373506,0.0344014,0.0297977,0.0269254,0.0260128,0.0256139,0.0251999,0.0247936,0.0243988,0.0240183,0.0236541,0.0239785,0.0266556,0.0311376,0.033138,0.0323618,0.0314765,0.0311369,0.0308615,0.0296328,0.02573,0.0185685,0.0187922,0.0250713,0.0292777,0.0293679,0.0259781,0.0207162,0.0179924,0.0193377,0.0227183,0.0248649,0.025918,0.0278108,0.0311552,0.0352395,0.038383,0.0318115,0.0337222,0.0386594,0.0410876,0.0385138,0.0323422,0.0230756,0.016662,0.0134546,0.0120466,0.0110957,0.0100021,0.00876835,0.007667,0.00674922,0.00599989,0.00549613,0.0051297,0.00482589,0.00372011,0.00214923,0.00091896
1,3,0
0.000770068,0.00173181,0.00233157,0.0034941,0.00456785,0.00506888,0.00512939,0.00607284,0.00970785,0.0151022,0.0174678,0.0167224,0.0168828,0.0174588,0.0196906,0.0214582,0.0223362,0.0217232,0.0196751,0.0184011,0.019366,0.0208966,0.0219583,0.0238402,0.0250144,0.0251957,0.0253412,0.026037,0.0269485,0.0268246,0.0248641,0.0239986,0.0273691,0.0296643,0.0304185,0.0308238,0.0313563,0.0317562,0.0333384,0.0335484,0.0336579,0.0339478,0.0339543,0.0326156,0.0301582,0.0289978,0.0293414,0.0298947,0.0302277,0.0304357,0.030917,0.0325059,0.0348441,0.0359354,0.0360084,0.0359919,0.0361286,0.0365784,0.0377465,0.0394858,0.0405468,0.0408224,0.0408844,0.04095,0.0403406,0.0375671,0.0330295,0.0302798,0.0319461,0.0356481,0.0378006,0.0379412,0.0372898,0.0358551,0.0318293,0.023881,0.0200349,0.0195369,0.0208159,0.02291,0.0256395,0.0270303,0.0262573,0.0235665,0.0216196,0.0216747,0.0213862,0.0206325,0.0193952,0.0178809,0.0161572,0.0144262,0.0128021,0.0111292,0.00941764,0.00766767,0.00565293,0.00351624,0.00197795,0.000756268
2,0,0
0,0,0,0,0,0,0,0,0,0,0,0,0,0,0,0,0,0,0,0,0,0,0,0,0,0,0,0,0,0,0,0,0,0,0,0,0,0,0,0,0,0,0,0,0,0,0,0,0,0,0,0,0,0,0,0,0,0,0,0,0,0,0,0,0,0,0,0,0,0,0,0,0,0,0,0,0,0,0,0,0,0,0,0,0,0,0,0,0,0,0,0,0,0,0,0,0,0,0,0
2,1,0
0.000672582,0.00172467,0.00273227,0.00357998,0.00441371,0.00524959,0.00606333,0.00713926,0.00909769,0.011776,0.0137406,0.0149249,0.0159222,0.0167612,0.0173807,0.0185058,0.0219161,0.0305531,0.037605,0.0393239,0.0393082,0.0389468,0.0376035,0.0341224,0.0293111,0.0263263,0.0248897,0.0233632,0.0209482,0.0175815,0.0171031,0.0199285,0.025468,0.0260606,0.0223854,0.0178756,0.014378,0.0124891,0.013296,0.0155755,0.0168015,0.0168862,0.0166457,0.0163839,0.0157976,0.0139984,0.0105611,0.0103063,0.0111633,0.0114716,0.0116145,0.0118432,0.0121195,0.0118295,0.0119096,0.0130523,0.015226,0.0167859,0.0174376,0.0178887,0.0183723,0.0190884,0.0192591,0.0190976,0.0187397,0.0173679,0.0160419,0.0154553,0.0165177,0.0162309,0.0152566,0.0150593,0.0155073,0.0158938,0.0146375,0.0135371,0.0118521,0.00916351,0.00779435,0.00748811,0.00715513,0.00679201,0.00744452,0.00707461,0.00564781,0.00431996,0.0033118,0.00286553,0.00262902,0.00245147,0.00222078,0.00189898,0.00160047,0.00143914,0.00136298,0.00129533,0.00121824,0.00101799,0.000667298,0.000286313
2,2,0
0,0,0,0,0,0,0,0,0,0,0,0,0,0,0,0,0,0,0,0,0,0,0,0,0,0,0,0,0,0,0,0,0,0,0,0,0,0,0,0,0,0,0,0,0,0,0,0,0,0,0,0,0,0,0,0,0,0,0,0,0,0,0,0,0,0,0,0,0,0,0,0,0,0,0,0,0,0,0,0,0,0,0,0,0,0,0,0,0,0,0,0,0,0,0,0,0,0,0,0
2,3,0
0,0,0,0,0,0,0,0,0,0,0,0,0,0,0,0,0,0,0,0,0,0,0,0,0,0,0,0,0,0,0,0,0,0,0,0,0,0,0,0,0,0,0,0,0,0,0,0,0,0,0,0,0,0,0,0,0,0,0,0,0,0,0,0,0,0,0,0,0,0,0,0,0,0,0,0,0,0,0,0,0,0,0,0,0,0,0,0,0,0,0,0,0,0,0,0,0,0,0,0
3,0,0
0,0,0,0,0,0,0,0,0,0,0,0,0,0,0,0,0,0,0,0,0,0,0,0,0,0,0,0,0,0,0,0,0,0,0,0,0,0,0,0,0,0,0,0,0,0,0,0,0,0,0,0,0,0,0,0,0,0,0,0,0,0,0,0,0,0,0,0,0,0,0,0,0,0,0,0,0,0,0,0,0,0,0,0,0,0,0,0,0,0,0,0,0,0,0,0,0,0,0,0
3,1,0
0,0,0,0,0,0,0,0,0,0,0,0,0,0,0,0,0,0,0,0,0,0,0,0,0,0,0,0,0,0,0,0,0,0,0,0,0,0,0,0,0,0,0,0,0,0,0,0,0,0,0,0,0,0,0,0,0,0,0,0,0,0,0,0,0,0,0,0,0,0,0,0,0,0,0,0,0,0,0,0,0,0,0,0,0,0,0,0,0,0,0,0,0,0,0,0,0,0,0,0
3,2,0
0,0,0,0,0,0,0,0,0,0,0,0,0,0,0,0,0,0,0,0,0,0,0,0,0,0,0,0,0,0,0,0,0,0,0,0,0,0,0,0,0,0,0,0,0,0,0,0,0,0,0,0,0,0,0,0,0,0,0,0,0,0,0,0,0,0,0,0,0,0,0,0,0,0,0,0,0,0,0,0,0,0,0,0,0,0,0,0,0,0,0,0,0,0,0,0,0,0,0,0
3,3,0
0,0,0,0,0,0,0,0,0,0,0,0,0,0,0,0,0,0,0,0,0,0,0,0,0,0,0,0,0,0,0,0,0,0,0,0,0,0,0,0,0,0,0,0,0,0,0,0,0,0,0,0,0,0,0,0,0,0,0,0,0,0,0,0,0,0,0,0,0,0,0,0,0,0,0,0,0,0,0,0,0,0,0,0,0,0,0,0,0,0,0,0,0,0,0,0,0,0,0,0
