0.000000,0.000000,-1.000000,-1.000000,0.000000,-1.000000,0.616987,-0.333822,-0.385884,1.461710
1.000000,0.000000,-1.000000,-1.000000,0.000000,-1.000000,0.609611,-0.332655,-0.378675,1.463350
2.000000,0.000000,-1.000000,-1.000000,0.000000,-1.000000,0.601777,-0.331145,-0.371096,1.465453
3.000000,0.000000,-1.000000,-1.000000,0.000000,-1.000000,0.595607,-0.329782,-0.365126,1.467120
4.000000,0.000000,-1.000000,-1.000000,0.000000,-1.000000,0.591531,-0.328393,-0.361262,1.468608
5.000000,0.000000,-1.000000,-1.000000,0.000000,-1.000000,0.588440,-0.327378,-0.358349,1.469812
6.000000,0.000000,-1.000000,-1.000000,0.000000,-1.000000,0.586154,-0.326695,-0.356249,1.470943
7.000000,0.000000,-1.000000,-1.000000,0.000000,-1.000000,0.584309,-0.326157,-0.354511,1.471662
8.000000,0.000000,-1.000000,-1.000000,0.000000,-1.000000,0.583025,-0.325714,-0.353272,1.472034
9.000000,0.000000,-1.000000,-1.000000,0.000000,-1.000000,0.578098,-0.324427,-0.348550,1.473574
10.000000,0.000000,-1.000000,-1.000000,0.000000,-1.000000,0.574920,-0.323473,-0.345530,1.474699
11.000000,0.000000,-1.000000,-1.000000,0.000000,-1.000000,0.573583,-0.322851,-0.344276,1.475261
12.000000,0.000000,-1.000000,-1.000000,0.000000,-1.000000,0.573242,-0.322550,-0.344000,1.475603
13.000000,0.000000,-1.000000,-1.000000,0.000000,-1.000000,0.573105,-0.322552,-0.343881,1.475702
14.000000,0.000000,-1.000000,-1.000000,0.000000,-1.000000,0.573296,-0.322630,-0.344070,1.475668
15.000000,0.000000,-1.000000,-1.000000,0.000000,-1.000000,0.573603,-0.322625,-0.344342,1.475479
16.000000,0.000000,-1.000000,-1.000000,0.000000,-1.000000,0.573996,-0.322677,-0.344715,1.475341
17.000000,0.000000,-1.000000,-1.000000,0.000000,-1.000000,0.574213,-0.322805,-0.344949,1.475387
18.000000,0.000000,-1.000000,-1.000000,0.000000,-1.000000,0.574484,-0.322917,-0.345248,1.475472
19.000000,0.000000,-1.000000,-1.000000,0.000000,-1.000000,0.574607,-0.322845,-0.345400,1.475592
20.000000,0.000000,-1.000000,-1.000000,0.000000,-1.000000,0.574726,-0.322885,-0.345559,1.475753
21.000000,0.000000,-1.000000,-1.000000,0.000000,-1.000000,0.574929,-0.322848,-0.345774,1.475791
22.000000,0.000000,-1.000000,-1.000000,0.000000,-1.000000,0.575100,-0.322890,-0.345972,1.475893
23.000000,0.000000,-1.000000,-1.000000,0.000000,-1.000000,0.575011,-0.322842,-0.345906,1.476006
24.000000,0.000000,-1.000000,-1.000000,0.000000,-1.000000,0.574883,-0.322880,-0.345804,1.476134
25.000000,0.000000,-1.000000,-1.000000,0.000000,-1.000000,0.574719,-0.322834,-0.345679,1.476332
26.000000,0.000000,-1.000000,-1.000000,0.000000,-1.000000,0.574589,-0.322718,-0.345568,1.476440
27.000000,0.000000,-1.000000,-1.000000,0.000000,-1.000000,0.574465,-0.322513,-0.345412,1.476321
28.000000,0.000000,-1.000000,-1.000000,0.000000,-1.000000,0.574341,-0.322473,-0.345270,1.476257
29.000000,0.000000,-1.000000,-1.000000,0.000000,-1.000000,0.574205,-0.322418,-0.345313,1.477080
30.000000,0.000000,-1.000000,-1.000000,0.000000,-1.000000,0.574082,-0.322738,-0.345570,1.478776
31.000000,0.000000,-1.000000,-1.000000,0.000000,-1.000000,0.573965,-0.323079,-0.345889,1.480721
32.000000,0.000000,-1.000000,-1.000000,0.000000,-1.000000,0.573947,-0.323561,-0.346333,1.482766
33.000000,0.000000,-1.000000,-1.000000,0.000000,-1.000000,0.573832,-0.323953,-0.346668,1.484772
34.000000,0.000000,-1.000000,-1.000000,0.000000,-1.000000,0.573662,-0.324496,-0.346930,1.486692
35.000000,0.000000,-1.000000,-1.000000,0.000000,-1.000000,0.573560,-0.325058,-0.347305,1.488810
36.000000,0.000000,-1.000000,-1.000000,0.000000,-1.000000,0.573411,-0.325632,-0.347655,1.491027
37.000000,0.000000,-1.000000,-1.000000,0.000000,-1.000000,0.573327,-0.326203,-0.348069,1.493234
38.000000,0.000000,-1.000000,-1.000000,0.000000,-1.000000,0.573258,-0.326703,-0.348283,1.494478
39.000000,0.000000,-1.000000,-1.000000,0.000000,-1.000000,0.573074,-0.326878,-0.348208,1.494977
40.000000,0.000000,-1.000000,-1.000000,0.000000,-1.000000,0.572885,-0.326896,-0.348023,1.495013
41.000000,0.000000,-1.000000,-1.000000,0.000000,-1.000000,0.572778,-0.326911,-0.347929,1.495083
42.000000,0.000000,-1.000000,-1.000000,0.000000,-1.000000,0.572534,-0.326994,-0.347714,1.495240
43.000000,0.000000,-1.000000,-1.000000,0.000000,-1.000000,0.572333,-0.326953,-0.347587,1.495590
44.000000,0.000000,-1.000000,-1.000000,0.000000,-1.000000,0.572058,-0.326928,-0.347358,1.495832
45.000000,0.000000,-1.000000,-1.000000,0.000000,-1.000000,0.571857,-0.326960,-0.347166,1.495889
46.000000,0.000000,-1.000000,-1.000000,0.000000,-1.000000,0.572031,-0.326893,-0.347293,1.495667
47.000000,0.000000,-1.000000,-1.000000,0.000000,-1.000000,0.572301,-0.326934,-0.347542,1.495539
48.000000,0.000000,-1.000000,-1.000000,0.000000,-1.000000,0.572563,-0.327034,-0.347735,1.495194
49.000000,0.000000,-1.000000,-1.000000,0.000000,-1.000000,0.572773,-0.327104,-0.347911,1.495017
50.000000,0.000000,-1.000000,-1.000000,0.000000,-1.000000,0.572787,-0.327096,-0.347919,1.494984
51.000000,0.000000,-1.000000,-1.000000,0.000000,-1.000000,0.572828,-0.327063,-0.347975,1.495056
52.000000,0.000000,-1.000000,-1.000000,0.000000,-1.000000,0.572911,-0.327028,-0.348063,1.495069
53.000000,0.000000,-1.000000,-1.000000,0.000000,-1.000000,0.572938,-0.327107,-0.348085,1.495036
54.000000,0.000000,-1.000000,-1.000000,0.000000,-1.000000,0.572875,-0.327233,-0.348038,1.495110
55.000000,0.000000,-1.000000,-1.000000,0.000000,-1.000000,0.572538,-0.327549,-0.347777,1.495464
56.000000,0.000000,-1.000000,-1.000000,0.000000,-1.000000,0.572237,-0.327850,-0.347529,1.495718
57.000000,0.000000,-1.000000,-1.000000,0.000000,-1.000000,0.571954,-0.328057,-0.347343,1.496171
58.000000,0.000000,-1.000000,-1.000000,0.000000,-1.000000,0.571794,-0.328434,-0.347274,1.496572
59.000000,0.000000,-1.000000,-1.000000,0.000000,-1.000000,0.571836,-0.328642,-0.347326,1.496599
60.000000,0.000000,-1.000000,-1.000000,0.000000,-1.000000,0.571902,-0.328883,-0.347353,1.496400
61.000000,0.000000,-1.000000,-1.000000,0.000000,-1.000000,0.571967,-0.329174,-0.347395,1.496274
62.000000,0.000000,-1.000000,-1.000000,0.000000,-1.000000,0.571943,-0.329253,-0.347350,1.496178
63.000000,0.000000,-1.000000,-1.000000,0.000000,-1.000000,0.572118,-0.329491,-0.347521,1.496127
64.000000,0.000000,-1.000000,-1.000000,0.000000,-1.000000,0.572176,-0.329421,-0.347573,1.496096
65.000000,0.000000,-1.000000,-1.000000,0.000000,-1.000000,0.571955,-0.329321,-0.347367,1.496197
66.000000,0.000000,-1.000000,-1.000000,0.000000,-1.000000,0.571770,-0.329201,-0.347197,1.496289
67.000000,0.000000,-1.000000,-1.000000,0.000000,-1.000000,0.571512,-0.329108,-0.346951,1.496374
68.000000,0.000000,-1.000000,-1.000000,0.000000,-1.000000,0.571150,-0.329162,-0.346528,1.496143
69.000000,0.000000,-1.000000,-1.000000,0.000000,-1.000000,0.570932,-0.328883,-0.346188,1.495633
70.000000,0.000000,-1.000000,-1.000000,0.000000,-1.000000,0.570501,-0.328442,-0.345637,1.495172
71.000000,0.000000,-1.000000,-1.000000,0.000000,-1.000000,0.570891,-0.328519,-0.345834,1.494259
72.000000,0.000000,-1.000000,-1.000000,0.000000,-1.000000,0.571267,-0.328295,-0.346030,1.493422
73.000000,0.000000,-1.000000,-1.000000,0.000000,-1.000000,0.571749,-0.328177,-0.346293,1.492396
74.000000,0.000000,-1.000000,-1.000000,0.000000,-1.000000,0.572388,-0.328089,-0.346702,1.491299
75.000000,3.000000,78.000000,78.000000,0.004790,0.000000,0.572906,-0.328003,-0.346906,1.489839
76.000000,1.000000,78.000000,78.000000,0.005576,0.000000,0.573491,-0.327654,-0.347178,1.488393
77.000000,1.000000,78.000000,78.000000,0.005852,0.000000,0.574183,-0.327368,-0.347645,1.487327
78.000000,1.000000,78.000000,78.000000,0.005444,0.000000,0.574847,-0.327362,-0.348224,1.486872
79.000000,1.000000,78.000000,78.000000,0.005460,0.000000,0.575761,-0.327423,-0.348981,1.486062
80.000000,1.000000,78.000000,78.000000,0.005007,0.000000,0.576018,-0.327114,-0.349107,1.485468
81.000000,1.000000,78.000000,78.000000,0.004715,0.000000,0.576104,-0.326531,-0.349022,1.484724
82.000000,1.000000,78.000000,78.000000,0.004464,0.000000,0.576213,-0.326060,-0.348964,1.483994
83.000000,1.000000,78.000000,78.000000,0.004364,0.000000,0.576188,-0.325458,-0.348754,1.483206
84.000000,1.000000,78.000000,78.000000,0.004375,0.000000,0.576229,-0.324806,-0.348615,1.482434
85.000000,1.000000,78.000000,78.000000,0.005079,0.000000,0.576946,-0.323865,-0.349054,1.481170
86.000000,1.000000,78.000000,78.000000,0.006864,0.000000,0.578614,-0.322018,-0.350345,1.479410
87.000000,1.000000,78.000000,78.000000,0.010557,0.000000,0.581518,-0.318862,-0.352615,1.476446
88.000000,1.000000,78.000000,78.000000,0.016044,0.000000,0.585586,-0.313982,-0.355811,1.472394
89.000000,1.000000,78.000000,78.000000,0.023162,0.000000,0.590649,-0.306996,-0.359810,1.467500
90.000000,1.000000,78.000000,78.000000,0.031361,0.000000,0.596553,-0.298171,-0.364479,1.461869
91.000000,1.000000,78.000000,78.000000,0.040335,0.000000,0.602506,-0.287061,-0.369064,1.455779
92.000000,1.000000,1.000000,2.000000,0.049783,0.000000,0.608348,-0.273906,-0.373367,1.449064
93.000000,1.000000,1.000000,2.000000,0.059113,0.000000,0.613561,-0.258873,-0.376953,1.442141
94.000000,1.000000,1.000000,2.000000,0.067461,0.000000,0.617192,-0.242616,-0.378868,1.435072
95.000000,1.000000,1.000000,2.000000,0.074547,0.000000,0.618829,-0.225554,-0.378722,1.427970
96.000000,1.000000,1.000000,2.000000,0.079529,0.000000,0.617658,-0.208545,-0.375894,1.421744
97.000000,1.000000,1.000000,2.000000,0.082382,0.000000,0.613095,-0.192263,-0.369874,1.416739
98.000000,1.000000,1.000000,2.000000,0.083845,0.000000,0.604797,-0.177165,-0.360271,1.412759
99.000000,1.000000,1.000000,2.000000,0.084738,0.000000,0.592712,-0.163633,-0.347121,1.410180
100.000000,1.000000,1.000000,2.000000,0.086084,0.000000,0.577702,-0.151684,-0.331258,1.408769
101.000000,1.000000,1.000000,2.000000,0.088131,0.000000,0.560596,-0.141489,-0.313509,1.408422
102.000000,1.000000,1.000000,2.000000,0.091722,0.000000,0.540424,-0.133254,-0.292944,1.409411
103.000000,1.000000,1.000000,2.000000,0.096553,0.000000,0.518192,-0.126938,-0.270550,1.411538
104.000000,1.000000,1.000000,2.000000,0.102771,0.000000,0.493677,-0.122460,-0.246142,1.415012
105.000000,1.000000,1.000000,2.000000,0.108572,0.000000,0.468786,-0.119651,-0.221494,1.419036
106.000000,1.000000,1.000000,2.000000,0.113438,0.000000,0.443663,-0.118693,-0.196815,1.423859
107.000000,1.000000,1.000000,2.000000,0.117366,0.000000,0.418428,-0.119324,-0.172161,1.429216
108.000000,1.000000,1.000000,2.000000,0.120755,0.000000,0.392831,-0.121607,-0.147155,1.434556
109.000000,1.000000,1.000000,2.000000,0.123819,0.000000,0.366847,-0.125262,-0.121775,1.439904
110.000000,1.000000,1.000000,2.000000,0.127474,0.000000,0.339647,-0.129512,-0.095201,1.445451
111.000000,1.000000,1.000000,2.000000,0.129685,0.000000,0.313109,-0.134085,-0.069221,1.450598
112.000000,1.000000,1.000000,2.000000,0.131052,0.000000,0.286853,-0.138884,-0.043541,1.455780
113.000000,1.000000,1.000000,2.000000,0.130176,0.000000,0.262470,-0.144047,-0.019678,1.460483
114.000000,1.000000,1.000000,2.000000,0.129331,0.000000,0.238039,-0.149248,0.004278,1.464987
115.000000,1.000000,1.000000,2.000000,0.127785,0.000000,0.214370,-0.154864,0.027564,1.468966
116.000000,1.000000,1.000000,2.000000,0.125323,0.000000,0.191734,-0.160607,0.049794,1.472926
117.000000,1.000000,1.000000,2.000000,0.121439,0.000000,0.170780,-0.166459,0.070326,1.476764
118.000000,1.000000,1.000000,2.000000,0.116256,0.000000,0.151556,-0.172044,0.089112,1.480503
119.000000,1.000000,1.000000,2.000000,0.110284,0.000000,0.134139,-0.178709,0.106063,1.484099
120.000000,1.000000,1.000000,2.000000,0.104243,0.000000,0.118128,-0.186197,0.121550,1.487746
121.000000,1.000000,1.000000,2.000000,0.097402,0.000000,0.104062,-0.193320,0.135053,1.491372
122.000000,1.000000,79.000000,79.000000,0.091645,0.000000,0.090328,-0.200623,0.148179,1.495154
123.000000,1.000000,79.000000,79.000000,0.086640,0.000000,0.077374,-0.208729,0.160448,1.499149
124.000000,1.000000,79.000000,79.000000,0.081905,0.000000,0.065548,-0.216921,0.171511,1.503362
125.000000,1.000000,79.000000,79.000000,0.077372,0.000000,0.055025,-0.225271,0.181242,1.507550
126.000000,1.000000,79.000000,79.000000,0.072673,0.000000,0.046037,-0.233392,0.189456,1.511502
127.000000,1.000000,79.000000,79.000000,0.067787,0.000000,0.038427,-0.241104,0.196368,1.514984
128.000000,1.000000,79.000000,79.000000,0.061754,0.000000,0.032595,-0.247418,0.201556,1.518117
129.000000,1.000000,79.000000,79.000000,0.054515,0.000000,0.029032,-0.252777,0.204614,1.520436
130.000000,1.000000,79.000000,79.000000,0.047905,0.000000,0.026435,-0.258272,0.206903,1.521762
131.000000,1.000000,79.000000,79.000000,0.041431,0.000000,0.024926,-0.263227,0.208171,1.522694
132.000000,1.000000,79.000000,79.000000,0.034788,0.000000,0.024503,-0.267067,0.208427,1.523243
133.000000,1.000000,79.000000,79.000000,0.028226,0.000000,0.024576,-0.269552,0.208248,1.523557
134.000000,1.000000,79.000000,79.000000,0.021805,0.000000,0.025416,-0.270899,0.207360,1.523597
135.000000,1.000000,79.000000,79.000000,0.016193,0.000000,0.026226,-0.271429,0.206495,1.523717
136.000000,1.000000,79.000000,79.000000,0.012109,0.000000,0.026731,-0.271969,0.205880,1.524120
137.000000,1.000000,79.000000,79.000000,0.009339,0.000000,0.027227,-0.272618,0.205257,1.524597
138.000000,1.000000,79.000000,79.000000,0.007254,0.000000,0.026972,-0.273069,0.205297,1.525558
139.000000,1.000000,79.000000,79.000000,0.005718,0.000000,0.026695,-0.273216,0.205314,1.526749
140.000000,1.000000,79.000000,79.000000,0.004849,0.000000,0.026309,-0.273237,0.205456,1.527880
141.000000,1.000000,79.000000,79.000000,0.004438,0.000000,0.026139,-0.273124,0.205434,1.528771
142.000000,1.000000,79.000000,79.000000,0.004296,0.000000,0.026012,-0.273136,0.205399,1.529512
143.000000,1.000000,79.000000,79.000000,0.003968,0.000000,0.025587,-0.273316,0.205735,1.529943
144.000000,1.000000,79.000000,79.000000,0.003433,0.000000,0.025384,-0.273434,0.205903,1.530118
145.000000,1.000000,79.000000,79.000000,0.002448,0.000000,0.025682,-0.273406,0.205650,1.529884
146.000000,1.000000,79.000000,79.000000,0.001438,0.000000,0.025928,-0.273389,0.205476,1.529534
147.000000,1.000000,79.000000,79.000000,0.000000,0.000000,0.026135,-0.273423,0.205409,1.528878
148.000000,1.000000,79.000000,79.000000,0.000000,0.000000,0.026090,-0.273309,0.205552,1.528457
149.000000,1.000000,79.000000,79.000000,0.001224,0.000000,0.026106,-0.273203,0.205637,1.528003
150.000000,1.000000,79.000000,79.000000,0.001544,0.000000,0.026184,-0.272963,0.205622,1.527729
151.000000,1.000000,79.000000,79.000000,0.001887,0.000000,0.026374,-0.272591,0.205513,1.527366
152.000000,1.000000,79.000000,79.000000,0.002045,0.000000,0.026587,-0.272170,0.205350,1.527148
153.000000,1.000000,79.000000,79.000000,0.002558,0.000000,0.026606,-0.271270,0.205423,1.526786
154.000000,1.000000,79.000000,79.000000,0.003179,0.000000,0.026424,-0.270208,0.205699,1.526452
155.000000,1.000000,79.000000,79.000000,0.004950,0.000000,0.026593,-0.268027,0.205722,1.525712
156.000000,1.000000,79.000000,79.000000,0.007943,0.000000,0.026757,-0.264382,0.205795,1.524860
157.000000,1.000000,79.000000,79.000000,0.011608,0.000000,0.027029,-0.259753,0.205836,1.523724
158.000000,1.000000,79.000000,79.000000,0.016080,0.000000,0.026901,-0.253903,0.206392,1.522184
159.000000,1.000000,79.000000,79.000000,0.021152,0.000000,0.027795,-0.247057,0.206171,1.519500
160.000000,1.000000,79.000000,79.000000,0.026912,0.000000,0.029326,-0.239012,0.205527,1.515859
161.000000,1.000000,79.000000,79.000000,0.033589,0.000000,0.032069,-0.229459,0.203881,1.511242
162.000000,1.000000,79.000000,79.000000,0.039298,0.000000,0.036418,-0.220093,0.200638,1.506394
163.000000,1.000000,79.000000,79.000000,0.045128,0.000000,0.043133,-0.210505,0.195206,1.500504
164.000000,1.000000,79.000000,79.000000,0.050228,0.000000,0.051877,-0.201570,0.187739,1.494374
165.000000,1.000000,79.000000,79.000000,0.054970,0.000000,0.063890,-0.194424,0.177065,1.487496
166.000000,1.000000,79.000000,79.000000,0.060229,0.000000,0.079040,-0.189077,0.163190,1.480439
167.000000,1.000000,2.000000,6.000000,0.067645,0.000000,0.097794,-0.184976,0.145704,1.472937
168.000000,1.000000,2.000000,6.000000,0.076345,0.000000,0.118691,-0.181660,0.125976,1.465593
169.000000,1.000000,2.000000,6.000000,0.086656,0.000000,0.142531,-0.179632,0.103216,1.458244
170.000000,1.000000,2.000000,6.000000,0.097892,0.000000,0.168670,-0.178581,0.078144,1.450631
171.000000,1.000000,2.000000,6.000000,0.109438,0.000000,0.196396,-0.176199,0.051730,1.441831
172.000000,1.000000,2.000000,6.000000,0.120160,0.000000,0.225547,-0.174424,0.023915,1.432727
173.000000,1.000000,2.000000,6.000000,0.129853,0.000000,0.255778,-0.172181,-0.004837,1.422897
174.000000,1.000000,2.000000,6.000000,0.137448,0.000000,0.286000,-0.168530,-0.033463,1.412629
175.000000,1.000000,2.000000,6.000000,0.142540,0.000000,0.315380,-0.162792,-0.061033,1.401624
176.000000,1.000000,2.000000,6.000000,0.144488,0.000000,0.342920,-0.155917,-0.086693,1.390580
177.000000,1.000000,2.000000,6.000000,0.144157,0.000000,0.368927,-0.148321,-0.110824,1.379769
178.000000,1.000000,2.000000,6.000000,0.141381,0.000000,0.392679,-0.139379,-0.132743,1.369493
179.000000,1.000000,2.000000,6.000000,0.136397,0.000000,0.413876,-0.129517,-0.152218,1.360046
180.000000,1.000000,2.000000,6.000000,0.129114,0.000000,0.432428,-0.120487,-0.169279,1.351879
181.000000,1.000000,83.000000,83.000000,0.119845,0.000000,0.447522,-0.110515,-0.183042,1.344872
182.000000,1.000000,83.000000,83.000000,0.109702,0.000000,0.459975,-0.100332,-0.194332,1.338922
183.000000,1.000000,83.000000,83.000000,0.099122,0.000000,0.470111,-0.090478,-0.203539,1.334259
184.000000,1.000000,83.000000,83.000000,0.087711,0.000000,0.477687,-0.081988,-0.210387,1.330696
185.000000,1.000000,83.000000,83.000000,0.077168,0.000000,0.484168,-0.074278,-0.216324,1.328026
186.000000,1.000000,83.000000,83.000000,0.067741,0.000000,0.489608,-0.067035,-0.221286,1.325734
187.000000,1.000000,83.000000,83.000000,0.059273,0.000000,0.494305,-0.060694,-0.225568,1.323756
188.000000,1.000000,83.000000,83.000000,0.051231,0.000000,0.498081,-0.055589,-0.229039,1.322297
189.000000,1.000000,83.000000,83.000000,0.044332,0.000000,0.501510,-0.051160,-0.232197,1.320979
190.000000,1.000000,83.000000,83.000000,0.038149,0.000000,0.504436,-0.047394,-0.234946,1.320099
191.000000,1.000000,83.000000,83.000000,0.032182,0.000000,0.506982,-0.044886,-0.237399,1.319558
192.000000,1.000000,83.000000,83.000000,0.026528,0.000000,0.508664,-0.043038,-0.239111,1.319628
193.000000,1.000000,83.000000,83.000000,0.022312,0.000000,0.510677,-0.041313,-0.241226,1.319968
194.000000,1.000000,83.000000,83.000000,0.018748,0.000000,0.512425,-0.039904,-0.243085,1.320362
195.000000,1.000000,83.000000,83.000000,0.015594,0.000000,0.513706,-0.038841,-0.244532,1.321034
196.000000,1.000000,83.000000,83.000000,0.012869,0.000000,0.514378,-0.037860,-0.245376,1.321792
197.000000,1.000000,83.000000,83.000000,0.010811,0.000000,0.514918,-0.036918,-0.246077,1.322516
198.000000,1.000000,83.000000,83.000000,0.009332,0.000000,0.515421,-0.036122,-0.246789,1.323444
199.000000,1.000000,83.000000,83.000000,0.008269,0.000000,0.516146,-0.035538,-0.247676,1.324130
200.000000,1.000000,83.000000,83.000000,0.007572,0.000000,0.516653,-0.034605,-0.248313,1.324716
201.000000,1.000000,83.000000,83.000000,0.007168,0.000000,0.517642,-0.033695,-0.249362,1.324937
202.000000,1.000000,83.000000,83.000000,0.006601,0.000000,0.518335,-0.032724,-0.250056,1.324922
203.000000,1.000000,83.000000,83.000000,0.006330,0.000000,0.519148,-0.031660,-0.250839,1.324766
204.000000,1.000000,83.000000,83.000000,0.005863,0.000000,0.519691,-0.030952,-0.251386,1.324767
205.000000,1.000000,83.000000,83.000000,0.005242,0.000000,0.520234,-0.030636,-0.251939,1.324773
206.000000,1.000000,83.000000,83.000000,0.004658,0.000000,0.520830,-0.030456,-0.252530,1.324694
207.000000,1.000000,83.000000,83.000000,0.004402,0.000000,0.521624,-0.030206,-0.253332,1.324658
208.000000,1.000000,83.000000,83.000000,0.004072,0.000000,0.522277,-0.030002,-0.253979,1.324573
209.000000,1.000000,83.000000,83.000000,0.003443,0.000000,0.522598,-0.029993,-0.254312,1.324592
210.000000,1.000000,83.000000,83.000000,0.002486,0.000000,0.522434,-0.029935,-0.254132,1.324541
211.000000,1.000000,83.000000,83.000000,0.001592,0.000000,0.521838,-0.029514,-0.253518,1.324553
212.000000,1.000000,83.000000,83.000000,0.001434,0.000000,0.520946,-0.028963,-0.252636,1.324737
213.000000,1.000000,83.000000,83.000000,0.002370,0.000000,0.519894,-0.028276,-0.251540,1.324697
214.000000,1.000000,83.000000,83.000000,0.003574,0.000000,0.518699,-0.027575,-0.250286,1.324609
215.000000,1.000000,83.000000,83.000000,0.004620,0.000000,0.517446,-0.026975,-0.249008,1.324671
216.000000,1.000000,83.000000,83.000000,0.005722,0.000000,0.515989,-0.026347,-0.247483,1.324569
217.000000,1.000000,83.000000,83.000000,0.006874,0.000000,0.514390,-0.025384,-0.245814,1.324491
218.000000,1.000000,83.000000,83.000000,0.007213,0.000000,0.513225,-0.024769,-0.244581,1.324354
219.000000,1.000000,83.000000,83.000000,0.007388,0.000000,0.512070,-0.024014,-0.243392,1.324378
220.000000,1.000000,83.000000,83.000000,0.006650,0.000000,0.511618,-0.023593,-0.242913,1.324330
221.000000,1.000000,83.000000,83.000000,0.005476,0.000000,0.511559,-0.023392,-0.242832,1.324251
222.000000,1.000000,83.000000,83.000000,0.004019,0.000000,0.511706,-0.023539,-0.242981,1.324234
223.000000,1.000000,83.000000,83.000000,0.002381,0.000000,0.512143,-0.023814,-0.243454,1.324330
224.000000,1.000000,83.000000,83.000000,0.001063,0.000000,0.512733,-0.023812,-0.244062,1.324348
225.000000,1.000000,83.000000,83.000000,0.000000,0.000000,0.513388,-0.024050,-0.244770,1.324501
226.000000,1.000000,83.000000,83.000000,0.001932,0.000000,0.514183,-0.024412,-0.245681,1.324908
227.000000,1.000000,83.000000,83.000000,0.002462,0.000000,0.514448,-0.024616,-0.246042,1.325297
228.000000,1.000000,83.000000,83.000000,0.002837,0.000000,0.514808,-0.025008,-0.246453,1.325461
229.000000,1.000000,83.000000,83.000000,0.003109,0.000000,0.515055,-0.025515,-0.246798,1.325843
230.000000,1.000000,83.000000,83.000000,0.003453,0.000000,0.514907,-0.026559,-0.246785,1.326393
231.000000,1.000000,83.000000,83.000000,0.003935,0.000000,0.514684,-0.027745,-0.246682,1.326883
232.000000,1.000000,83.000000,83.000000,0.004638,0.000000,0.514280,-0.029041,-0.246438,1.327568
233.000000,1.000000,83.000000,83.000000,0.006221,0.000000,0.513447,-0.031192,-0.245821,1.328491
234.000000,1.000000,83.000000,83.000000,0.008063,0.000000,0.512807,-0.033885,-0.245359,1.329187
235.000000,1.000000,83.000000,83.000000,0.010321,0.000000,0.512272,-0.037276,-0.245020,1.329912
236.000000,1.000000,83.000000,83.000000,0.012925,0.000000,0.511566,-0.041249,-0.244591,1.330981
237.000000,1.000000,83.000000,83.000000,0.015847,0.000000,0.510825,-0.045982,-0.244152,1.332119
238.000000,1.000000,83.000000,83.000000,0.019269,0.000000,0.509174,-0.051678,-0.242737,1.333001
239.000000,1.000000,83.000000,83.000000,0.022975,0.000000,0.506764,-0.058068,-0.240596,1.334067
240.000000,1.000000,83.000000,83.000000,0.026946,0.000000,0.503224,-0.064982,-0.237403,1.335579
241.000000,1.000000,83.000000,83.000000,0.031337,0.000000,0.499038,-0.072775,-0.233628,1.337392
242.000000,1.000000,83.000000,83.000000,0.035242,0.000000,0.494635,-0.080796,-0.229608,1.339084
243.000000,1.000000,83.000000,83.000000,0.038827,0.000000,0.489089,-0.088635,-0.224578,1.341521
244.000000,1.000000,83.000000,83.000000,0.041916,0.000000,0.483462,-0.096610,-0.219484,1.344028
245.000000,1.000000,83.000000,83.000000,0.044702,0.000000,0.477212,-0.104624,-0.213788,1.346698
246.000000,1.000000,83.000000,83.000000,0.046578,0.000000,0.470967,-0.112263,-0.208153,1.349639
247.000000,1.000000,83.000000,83.000000,0.047821,0.000000,0.464968,-0.119863,-0.202893,1.353141
248.000000,1.000000,6.000000,7.000000,0.047714,0.000000,0.459201,-0.126472,-0.197839,1.356556
249.000000,1.000000,6.000000,7.000000,0.046234,0.000000,0.454080,-0.132094,-0.193397,1.359811
250.000000,1.000000,6.000000,7.000000,0.044364,0.000000,0.448628,-0.137003,-0.188538,1.362764
251.000000,1.000000,6.000000,7.000000,0.042037,0.000000,0.443442,-0.141215,-0.183955,1.365777
252.000000,1.000000,6.000000,7.000000,0.039508,0.000000,0.438515,-0.144928,-0.179647,1.368864
253.000000,1.000000,6.000000,7.000000,0.037444,0.000000,0.432861,-0.147642,-0.174756,1.372739
254.000000,1.000000,6.000000,7.000000,0.035851,0.000000,0.427015,-0.149537,-0.169834,1.377406
255.000000,1.000000,6.000000,7.000000,0.035479,0.000000,0.420775,-0.151033,-0.164757,1.383221
256.000000,1.000000,6.000000,7.000000,0.035862,0.000000,0.414171,-0.151233,-0.159455,1.389779
257.000000,1.000000,6.000000,7.000000,0.037451,0.000000,0.407029,-0.150222,-0.153774,1.397181
258.000000,1.000000,6.000000,7.000000,0.040339,0.000000,0.399347,-0.147903,-0.147738,1.405559
259.000000,1.000000,6.000000,7.000000,0.044448,0.000000,0.391177,-0.144208,-0.141420,1.415000
260.000000,1.000000,6.000000,7.000000,0.050183,0.000000,0.381665,-0.138963,-0.133935,1.425479
261.000000,1.000000,6.000000,7.000000,0.057305,0.000000,0.371041,-0.131933,-0.125565,1.437208
262.000000,1.000000,6.000000,7.000000,0.064216,0.000000,0.359806,-0.124040,-0.116584,1.449059
263.000000,1.000000,6.000000,7.000000,0.070768,0.000000,0.348746,-0.114350,-0.107788,1.461049
264.000000,1.000000,6.000000,7.000000,0.077729,0.000000,0.337109,-0.102537,-0.098438,1.473337
265.000000,1.000000,6.000000,7.000000,0.084987,0.000000,0.325442,-0.089019,-0.089242,1.486567
266.000000,1.000000,6.000000,7.000000,0.092040,0.000000,0.313640,-0.074482,-0.080060,1.500543
267.000000,1.000000,6.000000,7.000000,0.098898,0.000000,0.301520,-0.059110,-0.070743,1.515427
268.000000,1.000000,6.000000,7.000000,0.105670,0.000000,0.289148,-0.042992,-0.061452,1.531631
269.000000,1.000000,6.000000,7.000000,0.112079,0.000000,0.276977,-0.026129,-0.052619,1.549013
270.000000,1.000000,6.000000,7.000000,0.117357,0.000000,0.264670,-0.009237,-0.043689,1.566590
271.000000,1.000000,6.000000,7.000000,0.123132,0.000000,0.251835,0.008722,-0.034477,1.585397
272.000000,1.000000,6.000000,7.000000,0.128293,0.000000,0.237720,0.026505,-0.024049,1.604620
273.000000,1.000000,6.000000,7.000000,0.132618,0.000000,0.222103,0.043862,-0.012109,1.623932
274.000000,1.000000,6.000000,7.000000,0.136289,0.000000,0.204899,0.061211,0.001560,1.642783
275.000000,1.000000,6.000000,7.000000,0.138746,0.000000,0.186620,0.077627,0.016423,1.661168
276.000000,1.000000,6.000000,7.000000,0.139929,0.000000,0.167676,0.093249,0.032151,1.678672
277.000000,1.000000,6.000000,7.000000,0.139316,0.000000,0.149270,0.108281,0.047653,1.694681
278.000000,1.000000,6.000000,7.000000,0.136685,0.000000,0.131432,0.121907,0.062899,1.709144
279.000000,1.000000,6.000000,7.000000,0.133186,0.000000,0.114050,0.135078,0.077923,1.722470
280.000000,1.000000,6.000000,7.000000,0.128822,0.000000,0.096724,0.147091,0.093102,1.734778
281.000000,1.000000,6.000000,7.000000,0.124153,0.000000,0.079936,0.158717,0.107891,1.746334
282.000000,1.000000,6.000000,7.000000,0.118928,0.000000,0.063844,0.169409,0.122105,1.757211
283.000000,1.000000,6.000000,7.000000,0.113148,0.000000,0.048399,0.178775,0.135784,1.767432
284.000000,1.000000,6.000000,7.000000,0.106828,0.000000,0.034450,0.187619,0.148100,1.776858
285.000000,1.000000,6.000000,7.000000,0.100570,0.000000,0.021218,0.195749,0.159825,1.785594
286.000000,1.000000,6.000000,7.000000,0.095422,0.000000,0.007578,0.203034,0.171964,1.794294
287.000000,1.000000,6.000000,7.000000,0.091407,0.000000,-0.006283,0.210072,0.184363,1.802833
288.000000,1.000000,6.000000,7.000000,0.088681,0.000000,-0.021480,0.216215,0.198268,1.810694
289.000000,1.000000,6.000000,7.000000,0.085528,0.000000,-0.035883,0.221907,0.211687,1.817059
290.000000,1.000000,6.000000,7.000000,0.082119,0.000000,-0.049551,0.227464,0.224750,1.821636
291.000000,1.000000,6.000000,7.000000,0.078780,0.000000,-0.062765,0.233030,0.237853,1.823948
292.000000,1.000000,6.000000,7.000000,0.075598,0.000000,-0.075285,0.238675,0.250751,1.823993
293.000000,1.000000,6.000000,7.000000,0.073992,0.000000,-0.087987,0.245084,0.264183,1.822531
294.000000,1.000000,6.000000,7.000000,0.073668,0.000000,-0.100693,0.252044,0.277908,1.819807
295.000000,1.000000,6.000000,7.000000,0.074018,0.000000,-0.113059,0.259212,0.291512,1.816070
296.000000,1.000000,6.000000,7.000000,0.074654,0.000000,-0.124847,0.266577,0.304694,1.811590
297.000000,1.000000,84.000000,84.000000,0.073539,0.000000,-0.134307,0.273725,0.315569,1.806741
298.000000,1.000000,84.000000,84.000000,0.072337,0.000000,-0.143445,0.280525,0.326061,1.802108
299.000000,1.000000,84.000000,84.000000,0.069972,0.000000,-0.152269,0.285927,0.336012,1.798371
300.000000,1.000000,84.000000,84.000000,0.065971,0.000000,-0.159711,0.291137,0.344304,1.795709
301.000000,1.000000,84.000000,84.000000,0.060163,0.000000,-0.165654,0.295747,0.350776,1.794284
302.000000,1.000000,84.000000,84.000000,0.052808,0.000000,-0.170394,0.299028,0.355764,1.793907
303.000000,1.000000,84.000000,84.000000,0.044516,0.000000,-0.174135,0.300982,0.359492,1.794504
304.000000,1.000000,84.000000,84.000000,0.036344,0.000000,-0.176777,0.302352,0.362083,1.795111
305.000000,1.000000,84.000000,84.000000,0.028777,0.000000,-0.178710,0.303110,0.363938,1.795719
306.000000,1.000000,84.000000,84.000000,0.022721,0.000000,-0.180768,0.303461,0.365884,1.796474
307.000000,1.000000,84.000000,84.000000,0.017543,0.000000,-0.182177,0.303729,0.367228,1.796938
308.000000,1.000000,84.000000,84.000000,0.013124,0.000000,-0.182827,0.304139,0.367884,1.797008
309.000000,1.000000,84.000000,84.000000,0.009629,0.000000,-0.183436,0.304022,0.368507,1.797002
310.000000,1.000000,84.000000,84.000000,0.007439,0.000000,-0.184382,0.303704,0.369458,1.797070
311.000000,1.000000,84.000000,84.000000,0.006159,0.000000,-0.185389,0.303448,0.370495,1.797027
312.000000,1.000000,84.000000,84.000000,0.005022,0.000000,-0.185933,0.303303,0.371109,1.796762
313.000000,1.000000,84.000000,84.000000,0.004195,0.000000,-0.186357,0.303384,0.371592,1.796548
314.000000,1.000000,84.000000,84.000000,0.004339,0.000000,-0.187460,0.303334,0.372769,1.796338
315.000000,1.000000,84.000000,84.000000,0.004195,0.000000,-0.188204,0.303497,0.373578,1.796138
316.000000,1.000000,84.000000,84.000000,0.004028,0.000000,-0.188768,0.303446,0.374215,1.795868
317.000000,1.000000,84.000000,84.000000,0.003946,0.000000,-0.189460,0.303457,0.374930,1.795844
318.000000,1.000000,84.000000,84.000000,0.003958,0.000000,-0.190227,0.303433,0.375735,1.795759
319.000000,1.000000,84.000000,84.000000,0.003861,0.000000,-0.190859,0.303316,0.376425,1.795558
320.000000,2.000000,84.000000,84.000000,0.003664,0.000000,-0.191510,0.303333,0.377058,1.795714
321.000000,0.000000,84.000000,84.000000,0.000000,0.000000,-0.192171,0.303327,0.377745,1.795671
322.000000,0.000000,84.000000,84.000000,0.000000,0.000000,-0.192850,0.303226,0.378449,1.795628
323.000000,0.000000,84.000000,84.000000,0.000000,0.000000,-0.192861,0.303066,0.378437,1.795723
324.000000,0.000000,84.000000,84.000000,0.000000,0.000000,-0.192657,0.303020,0.378187,1.795903
325.000000,0.000000,84.000000,84.000000,0.000000,0.000000,-0.192315,0.302905,0.377661,1.796682
326.000000,0.000000,84.000000,84.000000,0.000000,0.000000,-0.192139,0.302866,0.377295,1.797510
327.000000,0.000000,84.000000,84.000000,0.000000,0.000000,-0.192067,0.302738,0.376986,1.798561
328.000000,0.000000,84.000000,84.000000,0.000000,0.000000,-0.191922,0.302653,0.376597,1.799634
329.000000,0.000000,84.000000,84.000000,0.000000,0.000000,-0.191736,0.302438,0.376229,1.800414
330.000000,0.000000,84.000000,84.000000,0.000000,0.000000,-0.191895,0.302366,0.376132,1.801577
331.000000,0.000000,84.000000,84.000000,0.000000,0.000000,-0.191859,0.302235,0.375882,1.802523
332.000000,0.000000,84.000000,84.000000,0.000000,0.000000,-0.191905,0.302264,0.375778,1.803203
333.000000,0.000000,84.000000,84.000000,0.000000,0.000000,-0.192063,0.302134,0.375797,1.803834
334.000000,0.000000,84.000000,84.000000,0.000000,0.000000,-0.192397,0.302106,0.376073,1.804133
335.000000,0.000000,84.000000,84.000000,0.000000,0.000000,-0.192540,0.302144,0.376194,1.804251
336.000000,0.000000,84.000000,84.000000,0.000000,0.000000,-0.192649,0.302226,0.376233,1.804576
337.000000,0.000000,84.000000,84.000000,0.000000,0.000000,-0.192624,0.302353,0.376213,1.804561
338.000000,0.000000,84.000000,84.000000,0.000000,0.000000,-0.192615,0.302475,0.376264,1.804300
339.000000,0.000000,84.000000,84.000000,0.000000,0.000000,-0.192325,0.302396,0.376041,1.803966
340.000000,0.000000,84.000000,84.000000,0.000000,0.000000,-0.192304,0.302388,0.376053,1.803811
341.000000,0.000000,84.000000,84.000000,0.000000,0.000000,-0.192330,0.302421,0.376033,1.804023
342.000000,0.000000,84.000000,84.000000,0.000000,0.000000,-0.192469,0.302438,0.376114,1.804301
343.000000,0.000000,84.000000,84.000000,0.000000,0.000000,-0.192710,0.302508,0.376257,1.804768
344.000000,0.000000,84.000000,84.000000,0.000000,0.000000,-0.192911,0.302394,0.376361,1.805216
345.000000,0.000000,84.000000,84.000000,0.000000,0.000000,-0.193083,0.302434,0.376481,1.805472
346.000000,0.000000,84.000000,84.000000,0.000000,0.000000,-0.193376,0.302228,0.376701,1.805820
347.000000,0.000000,84.000000,84.000000,0.000000,0.000000,-0.193531,0.302010,0.376790,1.806120
348.000000,0.000000,84.000000,84.000000,0.000000,0.000000,-0.193803,0.302113,0.376989,1.806484
349.000000,0.000000,84.000000,84.000000,0.000000,0.000000,-0.193778,0.302108,0.376964,1.806482
350.000000,0.000000,84.000000,84.000000,0.000000,0.000000,-0.193624,0.302037,0.376873,1.806177
351.000000,0.000000,84.000000,84.000000,0.000000,0.000000,-0.193475,0.302027,0.376756,1.806013
352.000000,0.000000,84.000000,84.000000,0.000000,0.000000,-0.193260,0.301969,0.376656,1.805473
353.000000,0.000000,84.000000,84.000000,0.000000,0.000000,-0.193027,0.302027,0.376542,1.804916
354.000000,0.000000,84.000000,84.000000,0.000000,0.000000,-0.192850,0.301895,0.376453,1.804496
355.000000,0.000000,84.000000,84.000000,0.000000,0.000000,-0.192778,0.301878,0.376394,1.804427
356.000000,0.000000,84.000000,84.000000,0.000000,0.000000,-0.192854,0.302039,0.376445,1.804559
357.000000,0.000000,84.000000,84.000000,0.000000,0.000000,-0.192746,0.301916,0.376342,1.804517
358.000000,0.000000,84.000000,84.000000,0.000000,0.000000,-0.192897,0.301932,0.376490,1.804551
