-0.333393 -0.382642 1.45266 0.836228 0.548295 -0.009787 0.190592 -0.307321 -0.932324 -0.514196 0.77777 -0.361491 108.244 10.9873 31.5874 0.540235 0.791366 0.233421 -0.165531 0
-0.329092 -0.372445 1.4459 0.850597 0.525484 -0.018755 0.162883 -0.297236 -0.940808 -0.499954 0.797193 -0.338421 107.533 9.37429 30.4457 0.551122 0.788393 0.218282 -0.164483 0
-0.333766 -0.360914 1.43905 0.868947 0.490882 -0.0629717 0.15081 -0.383827 -0.911007 -0.471367 0.78212 -0.407555 112.847 8.67386 28.4779 0.519029 0.815526 0.196711 -0.163802 0
-0.334861 -0.348417 1.44052 0.886222 0.455715 -0.0832695 0.136629 -0.428867 -0.892976 -0.442654 0.779998 -0.442336 115.653 7.85284 26.5414 0.503741 0.830275 0.178358 -0.158358 0
-0.337287 -0.341597 1.4443 0.884553 0.449728 -0.123733 0.0969163 -0.43669 -0.894376 -0.456259 0.779132 -0.429862 116.025 5.56162 27.285 0.50448 0.829323 0.164786 -0.174839 0
-0.338018 -0.341096 1.44581 0.883982 0.444181 -0.145871 0.0720438 -0.437702 -0.896229 -0.461936 0.781742 -0.418921 116.03 4.13139 27.5899 0.506794 0.827739 0.155914 -0.183574 0
-0.337149 -0.341428 1.44621 0.884806 0.441705 -0.148375 0.0623941 -0.427874 -0.901682 -0.461763 0.788556 -0.406145 115.386 3.57724 27.5592 0.512539 0.824443 0.15286 -0.185015 0
-0.338347 -0.341099 1.44562 0.884569 0.455818 -0.0988282 0.102318 -0.396375 -0.912369 -0.455048 0.796942 -0.39726 113.482 5.87267 27.2226 0.522239 0.818261 0.170525 -0.169223 0
-0.339359 -0.341562 1.44494 0.899999 0.435817 -0.00802898 0.155059 -0.337317 -0.928533 -0.407379 0.834434 -0.371163 109.965 8.92024 24.3536 0.545784 0.807539 0.182925 -0.128603 0
-0.338761 -0.340717 1.4459 0.900952 0.433165 0.025576 0.172335 -0.303104 -0.937245 -0.39823 0.84882 -0.347731 107.921 9.92358 23.8459 0.559043 0.798716 0.189523 -0.116642 0
-0.339117 -0.341375 1.44671 0.903357 0.427351 0.0362955 0.176921 -0.294215 -0.939221 -0.390698 0.854873 -0.341389 107.393 10.1905 23.3883 0.562973 0.796706 0.189616 -0.111209 0
-0.339688 -0.34088 1.44627 0.897146 0.440987 0.0256949 0.17426 -0.299864 -0.937931 -0.405911 0.845939 -0.345868 107.729 10.0356 24.3442 0.559333 0.79732 0.192911 -0.119217 0
-0.339819 -0.340807 1.4458 0.890379 0.455008 0.0138841 0.166825 -0.297768 -0.939949 -0.42355 0.839227 -0.341033 107.578 9.60325 25.4402 0.55937 0.79517 0.195503 -0.128798 0
-0.33978 -0.340316 1.44709 0.911811 0.410606 0.00166488 0.134824 -0.295562 -0.945762 -0.387844 0.862581 -0.324856 107.355 7.74845 23.0427 0.568197 0.795649 0.171379 -0.121341 0
-0.34104 -0.339648 1.44798 0.935506 0.353281 0.00456881 0.112311 -0.285094 -0.951897 -0.334984 0.891018 -0.306385 106.673 6.44854 19.7013 0.579661 0.794825 0.146445 -0.103927 0
-0.340594 -0.339962 1.44884 0.940919 0.338608 0.00396321 0.108984 -0.29172 -0.950275 -0.320614 0.894564 -0.311387 107.066 6.25672 18.8163 0.578319 0.7975 0.140311 -0.0992637 0
-0.344169 -0.339345 1.44963 0.973707 0.227556 0.0106358 0.0769528 -0.284618 -0.955547 -0.214414 0.931242 -0.294645 106.587 4.41344 12.4185 0.590433 0.798901 0.09529 -0.0637682 0
-0.34377 -0.339198 1.45044 0.981876 0.188974 0.0144633 0.0676883 -0.278368 -0.958086 -0.177027 0.941701 -0.286114 106.201 3.88122 10.2204 0.595272 0.797866 0.0804216 -0.0509372 0
-0.344273 -0.339334 1.44993 0.98619 0.165236 0.0112292 0.0579966 -0.281045 -0.957941 -0.155131 0.945363 -0.286747 106.351 3.32483 8.93954 0.595483 0.799059 0.0698424 -0.0450221 0
-0.344756 -0.339923 1.45045 0.988114 0.153573 0.00681486 0.0519003 -0.291551 -0.955146 -0.144697 0.944147 -0.296056 106.974 2.97501 8.33107 0.591715 0.802453 0.064014 -0.0429566 0
-0.344842 -0.340374 1.45 0.991377 0.130193 0.0148806 0.054022 -0.302597 -0.951586 -0.119387 0.944185 -0.307021 107.64 3.09674 6.8668 0.587741 0.80638 0.0571117 -0.0323998 0
-0.346537 -0.339676 1.44935 0.993051 0.117528 0.00608169 0.0415346 -0.301657 -0.952511 -0.110112 0.946145 -0.304442 107.573 2.38044 6.32726 0.588845 0.806094 0.0493312 -0.0322637 0
-0.348093 -0.338543 1.45013 0.999742 0.0226981 0.000444487 0.00675391 -0.27867 -0.960363 -0.0216746 0.960119 -0.278752 106.181 0.386973 1.24199 0.600483 0.799557 0.00920886 -0.00663808 0
-0.348747 -0.338942 1.44983 0.999742 0.0182139 -0.0135638 -0.00766435 -0.291614 -0.956505 -0.0213771 0.956363 -0.291399 106.955 -0.439139 1.22495 0.595132 0.803548 0.00328219 -0.0108708 0
-0.351674 -0.34065 1.45734 0.999806 0.0126927 -0.0150755 -0.0110019 -0.275179 -0.96133 -0.0163503 0.961309 -0.274986 105.974 -0.630376 0.936902 0.602005 0.798431 0.0005294 -0.00983986 0
-0.352414 -0.342937 1.46899 0.999356 -0.0302918 0.01924 0.010317 -0.270987 -0.962528 0.0343705 0.962106 -0.2705 105.724 0.591132 -1.96978 0.603711 0.797001 -0.00626562 0.0168163 0
-0.351486 -0.344914 1.46942 0.998718 -0.0318326 0.0393599 0.0274949 -0.311733 -0.949772 0.0425035 0.949636 -0.310458 108.171 1.57554 -2.43693 0.586627 0.809461 -0.0013397 0.0252833 0
-0.353114 -0.345297 1.46859 0.998105 -0.0511659 0.0341751 0.0162678 -0.31622 -0.948546 0.05934 0.947305 -0.314788 108.437 0.932119 -3.40238 0.584615 0.810727 -0.0107613 0.0288368 0
-0.353247 -0.344272 1.46874 0.996347 -0.0771574 0.0365909 0.0125508 -0.291527 -0.95648 0.0844667 0.953446 -0.289494 106.951 0.719127 -4.84574 0.594837 0.802709 -0.0201214 0.0377028 0
-0.353983 -0.343401 1.46861 0.996592 -0.0779575 0.0269616 0.00407838 -0.279888 -0.960024 0.0823873 0.956862 -0.278616 106.254 0.233675 -4.72584 0.599602 0.799233 -0.0231094 0.0342043 0
-0.354325 -0.34278 1.46858 0.996515 -0.0822801 0.0136754 -0.00936399 -0.27328 -0.961889 0.0828815 0.958409 -0.273099 105.86 -0.536525 -4.75442 0.602108 0.797323 -0.0287349 0.0302753 0
-0.354177 -0.343001 1.46869 0.996723 -0.07983 0.0130351 -0.00984171 -0.279642 -0.960054 0.0802863 0.95678 -0.279512 106.24 -0.563897 -4.60525 0.599493 0.799356 -0.028045 0.0291864 0
-0.353571 -0.343378 1.46899 0.997861 -0.0619294 0.020927 0.00267422 -0.281192 -0.959648 0.0653149 0.957651 -0.280425 106.331 0.153222 -3.74495 0.599217 0.799918 -0.0185191 0.0269533 0
-0.353751 -0.34337 1.4683 0.997986 -0.0602356 0.0199009 0.00197727 -0.284018 -0.958817 0.0634071 0.956925 -0.283327 106.5 0.11329 -3.63541 0.598047 0.800832 -0.0181868 0.0260067 0
-0.354102 -0.343836 1.46808 0.996818 -0.0779345 0.0167109 -0.00691761 -0.293456 -0.955947 0.0794052 0.95279 -0.293062 107.065 -0.396353 -4.55449 0.59378 0.803638 -0.0263962 0.0299003 0
-0.354678 -0.343864 1.46823 0.994589 -0.0990815 0.0312268 0.00110538 -0.290478 -0.956881 0.10388 0.951738 -0.288796 106.887 0.0633338 -5.96264 0.594835 0.802163 -0.030535 0.042107 0
-0.355838 -0.34364 1.46765 0.984767 -0.171578 0.0282021 -0.0228259 -0.288352 -0.957252 0.172375 0.942027 -0.287876 106.764 -1.30794 -9.92857 0.59341 0.800155 -0.0607394 0.0626683 0
-0.356359 -0.344737 1.46723 0.981706 -0.188199 0.0288783 -0.0312454 -0.308851 -0.950597 0.18782 0.932305 -0.309081 107.999 -1.79052 -10.831 0.583904 0.80617 -0.0680516 0.0672001 0
-0.356848 -0.344705 1.46751 0.978836 -0.203242 0.0239486 -0.040326 -0.306283 -0.951086 0.200636 0.929991 -0.307997 107.85 -2.31114 -11.5837 0.584071 0.805158 -0.0756275 0.0697331 0
-0.357162 -0.344685 1.46695 0.975564 -0.217134 0.0335866 -0.0356926 -0.30745 -0.950895 0.216797 0.92646 -0.307687 107.917 -2.04547 -12.5291 0.583187 0.804783 -0.0785387 0.07778 0
-0.357751 -0.344343 1.46742 0.966794 -0.255113 0.0150708 -0.0642987 -0.299899 -0.951802 0.247336 0.919227 -0.306344 107.489 -3.68659 -14.3503 0.583213 0.802034 -0.0995629 0.0817943 0
-0.359465 -0.34393 1.46726 0.952135 -0.304481 0.0270176 -0.065176 -0.288572 -0.955237 0.298648 0.907754 -0.294604 106.809 -3.73696 -17.4146 0.585013 0.796133 -0.116079 0.102265 0
-0.360477 -0.342964 1.46589 0.946791 -0.321035 0.022898 -0.070532 -0.276375 -0.958458 0.314027 0.905844 -0.284312 106.085 -4.04455 -18.3494 0.588665 0.791751 -0.12364 0.106386 0
-0.360154 -0.342678 1.46616 0.929918 -0.367305 0.0184526 -0.0861464 -0.26633 -0.960025 0.357536 0.891154 -0.279307 105.505 -4.94195 -21.0308 0.588277 0.786695 -0.1441 0.119484 0
-0.361173 -0.3426 1.46646 0.903715 -0.427968 0.0119416 -0.110797 -0.260725 -0.959034 0.413549 0.865371 -0.283039 105.209 -6.36129 -24.5893 0.583085 0.782221 -0.172191 0.135988 0
-0.361862 -0.342908 1.46628 0.913925 -0.405883 0.000212543 -0.11967 -0.269961 -0.955406 0.38784 0.873144 -0.295296 105.778 -6.87305 -22.9948 0.580661 0.787271 -0.166891 0.123227 0
-0.361539 -0.342796 1.4657 0.923382 -0.383881 -0.000417302 -0.113732 -0.272532 -0.955401 0.366647 0.882248 -0.295311 105.921 -6.53052 -21.6565 0.582138 0.789181 -0.157636 0.116016 0
-0.357728 -0.343003 1.46601 0.977552 -0.210174 0.014776 -0.047407 -0.287745 -0.956533 0.20529 0.934361 -0.29125 106.742 -2.71724 -11.86 0.591303 0.79946 -0.0805485 0.0688171 0
-0.355751 -0.343368 1.46687 0.990807 -0.132453 0.0275089 -0.0124355 -0.291664 -0.95644 0.134707 0.947306 -0.29063 106.959 -0.71252 -7.74226 0.593404 0.802044 -0.0451623 0.0505632 0
-0.353643 -0.344576 1.46769 0.998164 -0.0483317 0.0365085 0.0201439 -0.303551 -0.952602 0.057123 0.951589 -0.30202 107.675 1.15424 -3.27536 0.590041 0.806805 -0.00873437 0.0290131 0
-0.352914 -0.344945 1.46775 0.997487 -0.053199 0.0467899 0.0282221 -0.307403 -0.951161 0.0649842 0.950091 -0.305129 107.91 1.61722 -3.72743 0.58842 0.807778 -0.00773015 0.0345931 0
-0.354659 -0.344352 1.46804 0.993483 -0.109769 0.0306866 -0.00382631 -0.301203 -0.953552 0.113913 0.947221 -0.29966 107.53 -0.219232 -6.54097 0.590047 0.805349 -0.0352626 0.0448872 0
-0.355231 -0.344315 1.46719 0.992404 -0.12039 0.0253165 -0.0124618 -0.303104 -0.952876 0.12239 0.945322 -0.302301 107.646 -0.714026 -7.03062 0.588855 0.805886 -0.0412129 0.0458212 0
-0.356205 -0.344113 1.46683 0.990095 -0.1387 0.0217686 -0.0213068 -0.301693 -0.953167 0.138772 0.943262 -0.30166 107.563 -1.22088 -7.97862 0.5888 0.805209 -0.0496788 0.0498444 0
-0.355867 -0.344787 1.4678 0.989662 -0.142323 0.0176873 -0.028307 -0.314744 -0.948754 0.140597 0.938446 -0.315519 108.353 -1.62209 -8.08563 0.582966 0.809309 -0.0527085 0.0488948 0
-0.35776 -0.344402 1.46689 0.969817 -0.2416 0.0329387 -0.0433975 -0.303954 -0.951698 0.239942 0.921543 -0.305265 107.713 -2.48728 -13.8965 0.583223 0.802969 -0.0887324 0.0849599 0
-0.358516 -0.344276 1.46695 0.96622 -0.25622 0.0277449 -0.0527052 -0.301831 -0.951903 0.252271 0.918286 -0.30514 107.593 -3.02118 -14.6327 0.582934 0.802059 -0.0962913 0.0872804 0
-0.358573 -0.344111 1.46691 0.964826 -0.260952 0.0318687 -0.0485857 -0.296133 -0.95391 0.258362 0.918809 -0.298395 107.246 -2.78485 -14.991 0.585299 0.799899 -0.0967428 0.0907087 0
-0.360843 -0.343534 1.467 0.934059 -0.356832 0.014308 -0.0918411 -0.278739 -0.955965 0.345107 0.891614 -0.29313 106.256 -5.26953 -20.2778 0.583564 0.791506 -0.141715 0.113523 0
-0.361782 -0.343548 1.46696 0.913172 -0.406989 0.0218475 -0.0999581 -0.275601 -0.956061 0.395127 0.870864 -0.292353 106.081 -5.73676 -23.398 0.579918 0.787579 -0.160919 0.13236 0
-0.361657 -0.343187 1.46669 0.907105 -0.420192 0.0244754 -0.100145 -0.27194 -0.957089 0.408817 0.865729 -0.288759 105.862 -5.74753 -24.2603 0.580174 0.785462 -0.165615 0.13791 0
-0.359923 -0.34377 1.46758 0.946364 -0.320833 0.0382294 -0.0576282 -0.284029 -0.957082 0.317921 0.903545 -0.287284 106.529 -3.30368 -18.5693 0.586313 0.79336 -0.119259 0.112229 0
-0.358213 -0.34471 1.46663 0.960996 -0.275096 0.0284503 -0.0592869 -0.305395 -0.950378 0.270134 0.911623 -0.309793 107.814 -3.39888 -15.7006 0.580045 0.802525 -0.104166 0.093014 0
-0.359975 -0.345109 1.46746 0.933332 -0.357229 0.0357504 -0.0791455 -0.301863 -0.950061 0.350181 0.883893 -0.310011 107.627 -4.53945 -20.5658 0.574774 0.797685 -0.136763 0.120954 0
-0.360255 -0.344631 1.46719 0.927776 -0.37058 0.043615 -0.0716034 -0.29153 -0.953878 0.366204 0.881862 -0.297009 106.995 -4.10609 -21.5397 0.578627 0.793145 -0.139377 0.129175 0
-0.362377 -0.343836 1.46603 0.884661 -0.465016 0.0336952 -0.108333 -0.275313 -0.955231 0.453474 0.841405 -0.293936 106.078 -6.21925 -27.1395 0.573457 0.783248 -0.183004 0.155497 0
-0.362319 -0.343719 1.466 0.891754 -0.451816 0.0252555 -0.111471 -0.273418 -0.955414 0.438576 0.849179 -0.294186 105.97 -6.40014 -26.1886 0.575359 0.784117 -0.179593 0.147884 0
-0.362853 -0.343581 1.46593 0.883139 -0.468419 0.0254951 -0.118568 -0.275465 -0.953971 0.453881 0.839466 -0.298813 106.106 -6.80944 -27.2005 0.572027 0.783808 -0.187223 0.1529 0
-0.362515 -0.344233 1.46514 0.881499 -0.47162 0.0231004 -0.12942 -0.288367 -0.948733 0.454103 0.833318 -0.315233 106.907 -7.43608 -27.2552 0.565221 0.78821 -0.190635 0.151357 0
-0.359905 -0.344425 1.46719 0.934665 -0.354688 0.0244338 -0.0859797 -0.292187 -0.952489 0.344976 0.888157 -0.303593 107.054 -4.93237 -20.2586 0.578551 0.795369 -0.138511 0.116113 0
-0.359311 -0.343708 1.46835 0.951204 -0.307659 0.0235947 -0.067099 -0.280877 -0.957395 0.301178 0.909095 -0.287815 106.35 -3.84738 -17.5693 0.587901 0.793709 -0.11804 0.102296 0
-0.358765 -0.344069 1.46709 0.957579 -0.286784 0.0282235 -0.0588704 -0.290559 -0.955044 0.282093 0.912869 -0.295116 106.922 -3.37498 -16.4144 0.585641 0.797379 -0.108372 0.0972925 0
-0.357915 -0.343845 1.46739 0.967526 -0.25073 0.0320516 -0.0438915 -0.291522 -0.955557 0.24893 0.923119 -0.29306 106.966 -2.5156 -14.4284 0.587993 0.798766 -0.0922114 0.0879425 0
-0.358234 -0.3438 1.46753 0.967678 -0.250976 0.0247211 -0.0507487 -0.28981 -0.955738 0.247032 0.923592 -0.293179 106.869 -2.90894 -14.3208 0.588364 0.79854 -0.0944614 0.085078 0
-0.358484 -0.343287 1.46687 0.96484 -0.261108 0.0301116 -0.0451902 -0.277651 -0.959619 0.258925 0.924517 -0.279688 106.137 -2.59009 -15.022 0.593191 0.794068 -0.0964333 0.0909986 0
-0.352975 -0.342435 1.46498 0.996821 -0.0765305 0.0221421 -0.000428388 -0.28307 -0.959099 0.0796681 0.956041 -0.282203 106.443 -0.0245448 -4.56949 0.598237 0.800327 -0.0240398 0.0318027 0
-0.349311 -0.342936 1.46532 0.995555 0.0903483 0.0266028 0.0509096 -0.278583 -0.959062 -0.0792386 0.956153 -0.281944 106.197 2.91816 4.55071 0.598963 0.799387 0.0441769 -0.0164613 0
-0.34796 -0.342853 1.46569 0.98829 0.150557 0.0247939 0.0658845 -0.274498 -0.959328 -0.137628 0.949728 -0.281203 105.968 3.77764 7.92794 0.598454 0.797495 0.0678505 -0.0353714 0
-0.346557 -0.342491 1.46531 0.978939 0.203114 0.0205462 0.0754775 -0.266579 -0.960853 -0.189686 0.942168 -0.276295 105.506 4.32866 10.9661 0.59918 0.794011 0.0877166 -0.0532548 0
-0.345988 -0.342526 1.46496 0.976184 0.215855 0.021685 0.0818259 -0.273777 -0.958306 -0.200919 0.937258 -0.28492 105.944 4.69353 11.6302 0.595291 0.796066 0.0934852 -0.0562874 0
-0.345589 -0.343297 1.46528 0.970747 0.238528 0.0274651 0.095891 -0.280275 -0.955118 -0.220125 0.929812 -0.294949 106.354 5.5026 12.7762 0.590661 0.797805 0.104793 -0.0603717 0
-0.345344 -0.342836 1.46484 0.970147 0.240839 0.0284958 0.0962051 -0.274324 -0.956813 -0.222621 0.93099 -0.289304 105.998 5.52068 12.924 0.592984 0.795892 0.10587 -0.0609772 0
-0.346137 -0.342572 1.46518 0.974845 0.222294 0.0161959 0.0778321 -0.271431 -0.959306 -0.208852 0.936435 -0.281905 105.799 4.46397 12.0923 0.596135 0.795013 0.0943777 -0.0605826 0
-0.346539 -0.3421 1.46519 0.978892 0.203506 0.0188685 0.0738334 -0.266036 -0.961131 -0.190576 0.942237 -0.275446 105.472 4.2342 11.0168 0.59946 0.793784 0.0873471 -0.0540787 0
-0.347122 -0.34154 1.46485 0.982741 0.184649 0.0111846 0.0598165 -0.25998 -0.96376 -0.175049 0.947795 -0.266538 105.097 3.42928 10.0998 0.60337 0.792032 0.077164 -0.0517229 0
-0.34743 -0.341391 1.46509 0.984844 0.173108 0.0108153 0.0550137 -0.25263 -0.965998 -0.164489 0.951951 -0.258325 104.656 3.15365 9.48206 0.607019 0.789905 0.072199 -0.0486369 0
-0.347418 -0.340718 1.46472 0.978856 0.204343 0.00921958 0.0566615 -0.227563 -0.972114 -0.196547 0.952081 -0.234329 103.175 3.2482 11.3536 0.615825 0.781145 0.0835328 -0.0599529 0
-0.347854 -0.340868 1.46555 0.990071 0.140336 0.00802838 0.0436138 -0.252396 -0.966641 -0.133628 0.957393 -0.256011 104.634 2.49968 7.68665 0.608618 0.790329 0.0581877 -0.0397302 0
-0.34874 -0.342016 1.46573 0.994723 0.102106 0.0100274 0.0374072 -0.269934 -0.962152 -0.0955348 0.95745 -0.272329 105.672 2.14378 5.48596 0.60259 0.796396 0.0437952 -0.026842 0
-0.349624 -0.341955 1.46573 0.997528 0.0683601 0.0162751 0.0339292 -0.265727 -0.963451 -0.0615369 0.961622 -0.267389 105.419 1.94437 3.53007 0.605064 0.7954 0.0321503 -0.0142261 0
-0.349851 -0.341884 1.46605 0.998845 0.0438236 0.019706 0.0304427 -0.259859 -0.965167 -0.0371763 0.964652 -0.260893 105.069 1.74451 2.13152 0.607884 0.793662 0.0233936 -0.00550307 0
-0.351591 -0.341642 1.46548 0.998997 -0.0414774 0.0168825 0.00551551 -0.260163 -0.965549 0.0444407 0.964674 -0.259673 105.08 0.316017 -2.54714 0.608104 0.793541 -0.0113296 0.0193195 0
-0.353426 -0.342221 1.46472 0.991906 -0.126264 0.0134191 -0.0220763 -0.275564 -0.961029 0.125041 0.952954 -0.276121 106 -1.26498 -7.18487 0.600046 0.797432 -0.0465055 0.0434081 0
-0.352487 -0.341798 1.46578 0.997797 -0.0648398 0.0140425 -0.00421873 -0.273249 -0.961934 0.0662087 0.959756 -0.272921 105.858 -0.241716 -3.79629 0.602417 0.797491 -0.0216487 0.0251574 0
-0.352249 -0.341762 1.46559 0.996398 -0.0820618 0.021358 -0.00133768 -0.267056 -0.96368 0.0847851 0.960181 -0.266204 105.489 -0.0766432 -4.86367 0.604801 0.795245 -0.0262182 0.0333681 0
-0.35117 -0.342401 1.4648 0.999812 -0.0121497 0.0150986 0.0111544 -0.276333 -0.960997 0.0158481 0.960985 -0.276146 106.043 0.639115 -0.908122 0.601526 0.798795 -0.000311497 0.00968542 0
-0.351088 -0.341008 1.46601 0.999839 -0.0143541 0.0107894 0.00680073 -0.253401 -0.967337 0.0166193 0.967255 -0.253263 104.679 0.389656 -0.95228 0.610978 0.791597 -0.00238548 0.00865613 0
-0.351418 -0.341273 1.46627 0.999881 -0.0135708 0.00730057 0.00352264 -0.259924 -0.965623 0.0150018 0.965534 -0.259846 105.066 0.201833 -0.85958 0.608299 0.79367 -0.00316508 0.00702508 0
-0.351055 -0.341068 1.46516 0.999937 -0.00463787 0.0102089 0.00869184 -0.2546 -0.967007 0.00708405 0.967035 -0.254544 104.75 0.498012 -0.405905 0.61049 0.792004 0.00127966 0.00545861 0
-0.350218 -0.341384 1.46504 0.999096 0.0405395 0.0128074 0.0229459 -0.260576 -0.96518 -0.0357906 0.964602 -0.261271 105.108 1.31482 2.05163 0.607711 0.793874 0.0199923 -0.00723768 0
-0.349761 -0.341471 1.46517 0.998337 0.0566697 0.0105751 0.0252714 -0.265342 -0.963823 -0.0518136 0.962488 -0.266333 105.392 1.4481 2.97098 0.605529 0.7953 0.0257579 -0.0129632 0
-0.348629 -0.341521 1.46528 0.994047 0.107839 0.0155626 0.0437575 -0.264313 -0.963444 -0.0997834 0.958389 -0.267458 105.341 2.50792 5.73221 0.604623 0.794641 0.0476934 -0.0264965 0
-0.34933 -0.341566 1.46456 0.996454 0.0820915 0.0184359 0.0393746 -0.26135 -0.964441 -0.0743542 0.961747 -0.263656 105.162 2.25658 4.26743 0.606516 0.793955 0.0382471 -0.0176075 0
-0.34827 -0.341158 1.46498 0.992252 0.122167 0.0225861 0.0526296 -0.248654 -0.967161 -0.11254 0.960857 -0.253158 104.418 3.01685 6.47074 0.610418 0.78963 0.0553414 -0.0284796 0
-0.34807 -0.341792 1.46448 0.990222 0.137814 0.0216247 0.0575408 -0.262293 -0.963271 -0.127081 0.955097 -0.267658 105.232 3.29867 7.31311 0.604208 0.793753 0.061529 -0.0332144 0
-0.347922 -0.342471 1.46453 0.987439 0.157622 0.0109387 0.0556255 -0.282001 -0.9578 -0.147886 0.946378 -0.287227 106.406 3.18875 8.51771 0.595443 0.799479 0.0666833 -0.0428239 0
-0.346573 -0.34198 1.46527 0.977221 0.212222 0.000489143 0.0593703 -0.271169 -0.960699 -0.203749 0.938845 -0.277591 105.762 3.40367 11.7774 0.597591 0.794667 0.0854423 -0.063945 0
-0.347129 -0.341091 1.46524 0.98419 0.176515 0.0145963 0.058591 -0.246695 -0.96732 -0.167146 0.952882 -0.253137 104.307 3.35894 9.63861 0.609171 0.788039 0.0745857 -0.0483952 0
-0.346757 -0.341383 1.46577 0.980663 0.195123 0.0150704 0.0638872 -0.246397 -0.967061 -0.184982 0.949324 -0.254099 104.294 3.66296 10.6822 0.608311 0.787585 0.0822165 -0.0539345 0
-0.350773 -0.342498 1.46555 0.999702 -0.00069594 0.0243811 0.02322 -0.278844 -0.960056 0.00746667 0.960336 -0.278745 106.196 1.33053 -0.427928 0.60044 0.799577 0.0070425 0.00995768 0
-0.35306 -0.342184 1.46583 0.996355 -0.0837879 0.016025 -0.00725258 -0.270371 -0.962729 0.0849977 0.959103 -0.269994 105.687 -0.415546 -4.87602 0.603322 0.796354 -0.0285804 0.0317141 0
-0.354073 -0.341945 1.46449 0.993367 -0.114382 0.0118107 -0.0202624 -0.275219 -0.961168 0.113191 0.954553 -0.275711 105.978 -1.16103 -6.50062 0.600507 0.797543 -0.042206 0.0391833 0
-0.352021 -0.341338 1.46474 0.999258 -0.0378007 0.00742861 -0.0029259 -0.266745 -0.963763 0.0384124 0.963026 -0.266658 105.471 -0.167642 -2.20142 0.605363 0.795717 -0.0127956 0.0144024 0
-0.35337 -0.341716 1.46427 0.995298 -0.0946543 0.0205376 -0.00600918 -0.271979 -0.962284 0.0966702 0.957637 -0.271269 105.782 -0.344302 -5.54756 0.602505 0.796641 -0.03159 0.0367819 0
-0.352043 -0.341887 1.46397 0.998698 -0.0444095 0.0250929 0.0117862 -0.277715 -0.960591 0.0496281 0.959637 -0.27683 106.125 0.675315 -2.84484 0.600865 0.798944 -0.0102083 0.0233812 0
-0.350955 -0.342133 1.46461 0.999885 -0.00276694 0.0149244 0.0135601 -0.278978 -0.960202 0.0068204 0.960294 -0.278908 106.201 0.776961 -0.390819 0.600416 0.799652 0.00337433 0.00679822 0
-0.351596 -0.342473 1.46533 0.99957 -0.0282863 0.00770925 -0.00046215 -0.278121 -0.960546 0.0293144 0.960129 -0.278015 106.148 -0.0264792 -1.67983 0.600715 0.799329 -0.00899144 0.0115796 0
-0.352306 -0.342366 1.46474 0.997656 -0.0682877 0.00444249 -0.0152511 -0.285158 -0.958359 0.0667109 0.956045 -0.285531 106.57 -0.873855 -3.82554 0.597278 0.801303 -0.0260634 0.0221993 0
-0.355283 -0.342667 1.46438 0.971895 -0.234196 0.0239359 -0.0452909 -0.285786 -0.957223 0.231018 0.929235 -0.288361 106.623 -2.59586 -13.371 0.591132 0.797816 -0.0875786 0.0798912 0
-0.356005 -0.342286 1.46437 0.966932 -0.254333 0.0188937 -0.0516026 -0.267658 -0.962131 0.249759 0.92934 -0.271932 105.546 -2.95793 -14.483 0.597357 0.7916 -0.0966195 0.0848448 0
-0.357334 -0.342755 1.46394 0.951422 -0.30744 0.0166439 -0.0737071 -0.279918 -0.95719 0.298937 0.909465 -0.28898 106.301 -4.22694 -17.4428 0.587904 0.793776 -0.120042 0.0993925 0
-0.356589 -0.343027 1.46482 0.963442 -0.267096 0.0209498 -0.0572176 -0.281519 -0.957848 0.261735 0.921633 -0.28651 106.378 -3.28012 -15.1985 0.590638 0.79553 -0.101917 0.0888354 0
-0.356406 -0.342374 1.465 0.956034 -0.292334 0.0232176 -0.0570027 -0.262912 -0.963134 0.287661 0.919466 -0.268017 105.268 -3.26779 -16.746 0.596889 0.788505 -0.110759 0.0985659 0
-0.356667 -0.34171 1.46519 0.95126 -0.308088 0.0136266 -0.0711152 -0.262144 -0.962405 0.300078 0.914528 -0.271277 105.237 -4.07804 -17.508 0.595365 0.788143 -0.120284 0.0995075 0
-0.357346 -0.341513 1.46531 0.949233 -0.314238 0.0145157 -0.0696257 -0.254873 -0.964465 0.306772 0.914491 -0.263813 104.803 -3.99249 -17.9097 0.598027 0.785481 -0.122175 0.102258 0
-0.353857 -0.342554 1.46032 0.988124 -0.150227 0.032282 -0.0127143 -0.289308 -0.957151 0.15313 0.945374 -0.287783 106.818 -0.728495 -8.80906 0.593935 0.800815 -0.0508675 0.0578822 0
-0.353461 -0.341523 1.45873 0.987345 -0.157548 0.0181059 -0.029504 -0.294669 -0.955144 0.155816 0.942523 -0.295588 107.145 -1.6907 -8.96805 0.590992 0.802746 -0.0582537 0.0541647 0
-0.351959 -0.341887 1.45885 0.99382 -0.108198 0.0247818 -0.00852412 -0.296994 -0.954841 0.110672 0.94873 -0.296081 107.278 -0.488402 -6.35427 0.591766 0.804191 -0.0362855 0.0421086 0
-0.35261 -0.340146 1.4593 0.985821 -0.166518 0.0207007 -0.0259107 -0.272948 -0.96168 0.165787 0.947508 -0.273393 105.845 -1.48474 -9.54619 0.599892 0.795638 -0.0604636 0.0585969 0
-0.353341 -0.340184 1.46103 0.976917 -0.213174 0.0138231 -0.0427168 -0.258341 -0.965109 0.209307 0.94224 -0.261484 104.986 -2.44824 -12.0929 0.60355 0.790054 -0.0809725 0.0706059 0
-0.35479 -0.341236 1.46012 0.965428 -0.258874 0.0305345 -0.0413308 -0.267679 -0.962621 0.257371 0.92808 -0.269124 105.54 -2.36876 -14.9272 0.597625 0.790922 -0.0948908 0.0910031 0
-0.355203 -0.341578 1.45954 0.954126 -0.297489 0.0338254 -0.0540464 -0.282248 -0.957818 0.294487 0.912051 -0.285379 106.419 -3.09814 -17.1526 0.588748 0.794001 -0.110685 0.103373 0
-0.357094 -0.340572 1.45927 0.94052 -0.339296 0.0173435 -0.0758759 -0.259539 -0.962747 0.331157 0.904167 -0.269846 105.087 -4.35155 -19.3972 0.593956 0.785796 -0.132086 0.110875 0
-0.357555 -0.339948 1.46025 0.933553 -0.358231 0.0122543 -0.0828589 -0.248941 -0.964968 0.348732 0.899833 -0.262082 104.466 -4.75292 -20.4833 0.596349 0.781757 -0.141057 0.115441 0
-0.356901 -0.33988 1.45994 0.942106 -0.335094 0.012213 -0.0744095 -0.244437 -0.966806 0.326956 0.909925 -0.255219 104.189 -4.2673 -19.1392 0.60051 0.781307 -0.131031 0.108526 0
-0.357016 -0.339862 1.46011 0.940217 -0.340105 0.017908 -0.0710256 -0.247232 -0.96635 0.333088 0.907306 -0.256608 104.351 -4.0729 -19.5076 0.599245 0.781674 -0.13149 0.112258 0
-0.356359 -0.340182 1.45991 0.938609 -0.344212 0.0230521 -0.0669425 -0.247277 -0.96663 0.338426 0.905744 -0.255139 104.349 -3.83839 -19.8274 0.599206 0.781189 -0.13158 0.115682 0
-0.356983 -0.340428 1.45956 0.935275 -0.353115 0.023876 -0.0731328 -0.258827 -0.963151 0.346283 0.899065 -0.267898 105.042 -4.19395 -20.3169 0.593412 0.784538 -0.135828 0.117954 0
-0.356446 -0.340388 1.45928 0.943709 -0.329908 0.0239409 -0.0647045 -0.255099 -0.964748 0.324385 0.908892 -0.262086 104.811 -3.70989 -18.9696 0.597186 0.784362 -0.125775 0.111022 0
-0.356207 -0.340306 1.45986 0.950118 -0.311091 0.0223366 -0.0616907 -0.257647 -0.964268 0.30573 0.91479 -0.263987 104.96 -3.53686 -17.8372 0.597596 0.78609 -0.118556 0.104335 0
-0.35587 -0.340299 1.45985 0.956297 -0.291764 0.0192279 -0.0590687 -0.257173 -0.964559 0.286368 0.921269 -0.263168 104.929 -3.38636 -16.6706 0.599157 0.786867 -0.111465 0.0970927 0
-0.356181 -0.338279 1.46034 0.957102 -0.289751 -0.00028954 -0.0718629 -0.236408 -0.968993 0.280698 0.927446 -0.247089 103.711 -4.12099 -16.3453 0.606961 0.781121 -0.115736 0.0897456 0
-0.356006 -0.338785 1.46091 0.957986 -0.286723 0.00729619 -0.0609102 -0.228237 -0.971699 0.280274 0.930429 -0.236112 103.218 -3.49206 -16.3077 0.611072 0.778192 -0.11168 0.092384 0
-0.355853 -0.339177 1.46048 0.956989 -0.28952 0.018705 -0.052753 -0.237045 -0.970065 0.285287 0.927355 -0.242122 103.732 -3.02393 -16.5998 0.607829 0.78041 -0.109645 0.0973821 0
-0.355339 -0.339767 1.46019 0.962386 -0.271652 0.00434525 -0.0648433 -0.245194 -0.967303 0.263836 0.930637 -0.253586 104.224 -3.71786 -15.3308 0.604898 0.784405 -0.107245 0.0854727 0
-0.355774 -0.340814 1.46037 0.966237 -0.257602 0.00518387 -0.0640812 -0.259752 -0.963547 0.249558 0.930683 -0.267489 105.087 -3.6741 -14.4818 0.599791 0.789538 -0.101858 0.0806618 0
-0.353448 -0.342272 1.46013 0.977765 -0.206846 0.0345071 -0.0262005 -0.283758 -0.958538 0.208062 0.936321 -0.282868 106.49 -1.50135 -12.013 0.593957 0.797557 -0.0730502 0.0760349 0
-0.350508 -0.342629 1.46014 0.996941 -0.0714466 0.0316996 0.00857499 -0.303136 -0.952909 0.0776914 0.950265 -0.301596 107.647 0.491317 -4.45604 0.589959 0.806485 -0.0194894 0.0339098 0
-0.350617 -0.342145 1.46023 0.99904 -0.0379728 0.0218481 0.00948461 -0.299407 -0.954078 0.0427705 0.95337 -0.298759 107.423 0.543436 -2.45143 0.591793 0.805792 -0.00883856 0.0200481 0
-0.349602 -0.342045 1.45932 0.999701 0.0139335 0.0200927 0.0233097 -0.294947 -0.955229 -0.00738339 0.955412 -0.295184 107.159 1.33567 0.423156 0.593626 0.804648 0.0115713 0.00394871 0
-0.351489 -0.341212 1.46027 0.99681 -0.0797002 -0.0041368 -0.0262547 -0.278535 -0.960067 0.0753653 0.957113 -0.279739 106.179 -1.50445 -4.3237 0.599695 0.799232 -0.0331427 0.0222803 0
-0.349832 -0.34084 1.46013 0.999865 -0.00974817 0.0132643 0.0100173 -0.279094 -0.960211 0.0130623 0.960214 -0.278959 106.207 0.573957 -0.748474 0.600377 0.799675 8.41295e-05 0.00823043 0
-0.348482 -0.341302 1.46055 0.998299 0.0538217 0.0223907 0.0361665 -0.270615 -0.962008 -0.0457177 0.961182 -0.272101 105.711 2.07264 2.62206 0.603238 0.797028 0.0282262 -0.00731684 0
-0.345622 -0.340462 1.46089 0.984201 0.176238 0.0170148 0.0629006 -0.258195 -0.964043 -0.165508 0.949882 -0.265201 104.993 3.60632 9.54582 0.604319 0.79177 0.0755077 -0.0468865 0
-0.343941 -0.340162 1.46128 0.973357 0.229274 0.00302975 0.0628829 -0.254209 -0.965103 -0.220502 0.93958 -0.261854 104.757 3.6053 12.7642 0.603592 0.788895 0.0925841 -0.0689169 0
-0.342143 -0.339575 1.46113 0.969765 0.243916 -0.00779439 0.0553375 -0.250894 -0.966432 -0.237684 0.93678 -0.256806 104.553 3.17222 13.7714 0.604579 0.786998 0.0950617 -0.0779793 0
-0.341344 -0.340399 1.46068 0.96755 0.25238 -0.0122776 0.0529352 -0.249971 -0.966805 -0.247071 0.934783 -0.255219 104.497 3.03438 14.3248 0.604641 0.786247 0.0970798 -0.0824641 0
-0.343089 -0.341134 1.46068 0.970622 0.240602 0.00183853 0.0668509 -0.26233 -0.96266 -0.231136 0.934502 -0.270707 105.243 3.83314 13.3945 0.599497 0.791148 0.0971542 -0.0724572 0
-0.343904 -0.34055 1.46107 0.971062 0.238778 0.00493966 0.0673392 -0.253894 -0.964885 -0.229139 0.937296 -0.262626 104.742 3.86117 13.2771 0.603022 0.788604 0.097044 -0.0710748 0
-0.343896 -0.340962 1.46015 0.974629 0.223257 0.0159492 0.0750858 -0.258995 -0.962956 -0.210856 0.939722 -0.269187 105.054 4.30615 12.2075 0.601342 0.791014 0.0942914 -0.0616004 0
-0.344919 -0.340981 1.45944 0.974711 0.222765 0.0177175 0.0803837 -0.275532 -0.957925 -0.208511 0.935125 -0.28647 106.047 4.61062 12.0747 0.594287 0.796353 0.0951679 -0.0598959 0
-0.343949 -0.340744 1.46192 0.979695 0.19927 0.0220982 0.0748489 -0.261267 -0.96236 -0.185996 0.944474 -0.270877 105.189 4.29254 10.7497 0.601571 0.792439 0.0864795 -0.0517068 0
-0.345114 -0.340185 1.46074 0.97989 0.19919 0.0117799 0.0645459 -0.260556 -0.963299 -0.188811 0.944687 -0.268173 105.135 3.70078 10.9064 0.602321 0.791931 0.0832573 -0.0558857 0
-0.345847 -0.339823 1.4599 0.98208 0.188276 0.00845342 0.0575478 -0.256863 -0.964733 -0.179465 0.947931 -0.263095 104.909 3.29907 10.356 0.604591 0.790892 0.0777048 -0.0540566 0
-0.344282 -0.340292 1.46017 0.972636 0.231453 0.0202153 0.0804631 -0.253946 -0.963866 -0.217956 0.939117 -0.26562 104.76 4.61519 12.6306 0.602717 0.789335 0.0987907 -0.0626289 0
-0.342899 -0.340571 1.45966 0.961243 0.275281 0.0152271 0.0898775 -0.26067 -0.961235 -0.26064 0.92535 -0.275308 105.173 5.15656 15.1709 0.596922 0.79013 0.115537 -0.0776497 0
-0.341176 -0.33992 1.45971 0.948848 0.315717 0.00324362 0.0876686 -0.25358 -0.963334 -0.303319 0.914341 -0.268287 104.747 5.0295 17.7276 0.597282 0.785925 0.128316 -0.0954528 0
-0.337832 -0.340098 1.46004 0.900772 0.434241 -0.00659934 0.109978 -0.242781 -0.963827 -0.420136 0.867463 -0.266448 104.138 6.31404 25.0051 0.589818 0.776209 0.175281 -0.137442 0
-0.335832 -0.342533 1.4592 0.855209 0.517936 -0.0189731 0.149172 -0.28104 -0.948032 -0.496352 0.807935 -0.317609 106.512 8.57897 30.1303 0.560482 0.78324 0.212932 -0.164485 0
-0.335887 -0.343732 1.45777 0.82824 0.559607 -0.0292858 0.164705 -0.293057 -0.941801 -0.535621 0.775214 -0.334892 107.284 9.4801 32.8907 0.547789 0.783612 0.231081 -0.180225 0
-0.33226 -0.343108 1.45752 0.797421 0.602203 -0.0383542 0.166446 -0.280608 -0.94528 -0.580013 0.747403 -0.323997 106.534 9.58122 36.0307 0.546081 0.774924 0.247976 -0.199493 0
-0.331963 -0.34215 1.45915 0.794438 0.606596 -0.0301604 0.158338 -0.2548 -0.953942 -0.586343 0.753072 -0.29847 104.955 9.11044 36.4295 0.557038 0.766112 0.249616 -0.201179 0
-0.330956 -0.341077 1.45968 0.80566 0.591696 -0.0284174 0.140171 -0.237029 -0.961337 -0.575556 0.770528 -0.273903 103.851 8.05775 35.5417 0.568931 0.761018 0.240424 -0.19841 0
-0.330844 -0.341023 1.45888 0.810725 0.584728 -0.028616 0.141669 -0.243383 -0.959528 -0.568027 0.773859 -0.280155 104.233 8.14446 35.0167 0.567271 0.763915 0.237722 -0.195259 0
-0.332491 -0.341583 1.45842 0.804997 0.591685 -0.043461 0.136699 -0.256268 -0.956891 -0.577316 0.764353 -0.287177 104.993 7.85689 35.6468 0.561594 0.766231 0.237652 -0.202542 0
-0.33193 -0.342669 1.45861 0.807336 0.589741 -0.0203517 0.17258 -0.268955 -0.947565 -0.564292 0.761491 -0.318915 105.846 9.93784 34.9519 0.552147 0.773823 0.246284 -0.188882 0
-0.334493 -0.342543 1.45568 0.793656 0.608238 -0.0125179 0.191794 -0.269682 -0.943656 -0.577343 0.746538 -0.330691 105.949 11.0575 36.0339 0.546187 0.773633 0.258531 -0.190614 0
-0.337965 -0.341211 1.45602 0.858185 0.513341 -0.000159357 0.148118 -0.247916 -0.957392 -0.491508 0.821595 -0.288793 104.518 8.51789 29.801 0.574777 0.773772 0.213712 -0.158854 0
-0.339435 -0.340999 1.45529 0.87428 0.48541 0.00342821 0.149277 -0.262131 -0.953417 -0.4619 0.834065 -0.301636 105.373 8.58501 27.8484 0.572388 0.780712 0.20324 -0.146812 0
-0.338714 -0.341747 1.4545 0.878881 0.477005 0.0058395 0.16013 -0.283465 -0.945519 -0.449362 0.831934 -0.325515 106.689 9.21445 27.0801 0.56345 0.788648 0.201971 -0.140596 0
-0.337829 -0.341989 1.45496 0.870395 0.492353 0.000522688 0.158727 -0.279597 -0.946906 -0.466066 0.824266 -0.321509 106.45 9.13302 28.1675 0.563314 0.786051 0.207073 -0.148064 0
-0.341035 -0.341925 1.45359 0.908539 0.417665 0.010639 0.14656 -0.294755 -0.944267 -0.391252 0.859462 -0.329009 107.336 8.42761 23.2986 0.566739 0.795661 0.177282 -0.11959 0
-0.338085 -0.34319 1.45422 0.898953 0.437915 -0.0106683 0.146349 -0.323203 -0.934945 -0.412875 0.83891 -0.354633 109.07 8.41542 24.6686 0.552521 0.802619 0.181987 -0.131925 0
-0.340589 -0.343039 1.45487 0.915854 0.401437 -0.00777286 0.133109 -0.32183 -0.937394 -0.378806 0.857481 -0.348184 108.949 7.64927 22.4705 0.558086 0.804032 0.166208 -0.1202 0
-0.34283 -0.341851 1.45486 0.931824 0.362898 -0.00314334 0.115404 -0.304515 -0.945491 -0.344073 0.880668 -0.325634 107.852 6.6269 20.2665 0.570455 0.800308 0.149412 -0.108463 0
-0.342898 -0.340759 1.45553 0.938053 0.34648 0.00281404 0.106869 -0.281591 -0.953565 -0.329598 0.894795 -0.301175 106.452 6.13487 19.3597 0.582084 0.793854 0.142768 -0.102911 0
-0.34378 -0.339683 1.45598 0.956228 0.292616 -0.00205042 0.079837 -0.267624 -0.96021 -0.281522 0.918016 -0.279271 105.574 4.5792 16.4049 0.593577 0.791063 0.117707 -0.0896174 0
-0.344242 -0.33952 1.45671 0.965491 0.260386 -0.00508812 0.0660399 -0.263676 -0.962348 -0.251923 0.928803 -0.271773 105.323 3.78656 14.624 0.597922 0.790718 0.103205 -0.0812589 0
-0.344402 -0.339613 1.45752 0.971749 0.236015 0.000191811 0.0625845 -0.256897 -0.96441 -0.227566 0.937177 -0.26441 104.916 3.58817 13.1801 0.602172 0.789471 0.0945568 -0.0720021 0
-0.345523 -0.339448 1.45717 0.981274 0.192584 0.00354956 0.0546353 -0.260617 -0.963895 -0.184706 0.946039 -0.266259 105.13 3.13193 10.6601 0.602992 0.791857 0.0780506 -0.0571935 0
-0.346255 -0.339701 1.45739 0.988276 0.152306 0.0106517 0.0505565 -0.260623 -0.964116 -0.144064 0.953351 -0.265267 105.127 2.89791 8.29378 0.604646 0.792806 0.0639697 -0.0420698 0
-0.346906 -0.340147 1.45738 0.993656 0.112224 0.00735275 0.037768 -0.271395 -0.961727 -0.105933 0.955903 -0.273912 105.759 2.16446 6.08531 0.601737 0.796706 0.0470663 -0.0309338 0
-0.348197 -0.339858 1.45728 0.996418 0.0841907 -0.00796497 0.015297 -0.27207 -0.962156 -0.0831716 0.958588 -0.272383 105.789 0.876486 4.77145 0.602488 0.797005 0.0312067 -0.0285872 0
-0.349532 -0.339869 1.45677 0.999996 0.00223089 0.0019939 0.00253167 -0.27569 -0.961243 -0.00159473 0.961244 -0.275694 106.003 0.145054 0.0913718 0.601791 0.798652 0.00149081 0.00012495 0
-0.349861 -0.339705 1.45641 0.999147 0.041111 0.00400679 0.015129 -0.273968 -0.96162 -0.0384354 0.96086 -0.274356 105.902 0.866862 2.20298 0.60225 0.79804 0.0176182 -0.0107854 0
-0.34819 -0.340471 1.45616 0.995177 0.0980799 -0.00167035 0.02683 -0.288533 -0.957094 -0.0943537 0.952433 -0.289773 106.776 1.53743 5.41608 0.595162 0.802104 0.038932 -0.0299288 0
-0.349106 -0.340861 1.45497 0.998836 0.0476871 -0.00723598 0.00770131 -0.305775 -0.952073 -0.0476142 0.950909 -0.305786 107.805 0.441257 2.7292 0.588913 0.807836 0.017141 -0.0169744 0
-0.353028 -0.340008 1.45548 0.993218 -0.11528 -0.0151052 -0.0479607 -0.287889 -0.956462 0.105912 0.9507 -0.291465 106.751 -2.749 -6.08676 0.59453 0.801962 -0.0508879 0.0283078 0
-0.357639 -0.340247 1.45514 0.931827 -0.362862 -0.00538454 -0.110626 -0.269894 -0.956514 0.345629 0.891902 -0.291637 105.757 -6.35143 -20.3506 0.585298 0.789519 -0.149929 0.107738 0
-0.359026 -0.34012 1.45452 0.910184 -0.414137 0.00741094 -0.111665 -0.262567 -0.958431 0.398868 0.871521 -0.285229 105.321 -6.41132 -23.6644 0.583607 0.783897 -0.167689 0.12957 0
-0.359062 -0.339545 1.45387 0.908471 -0.417602 0.0170363 -0.0992075 -0.255059 -0.961823 0.406004 0.872097 -0.273143 104.852 -5.69354 -24.0803 0.587424 0.780492 -0.165539 0.135504 0
-0.361755 -0.338595 1.45398 0.841323 -0.540444 0.0098205 -0.134228 -0.226487 -0.964721 0.523602 0.810324 -0.263091 103.212 -7.714 -31.8963 0.581323 0.763364 -0.220954 0.174695 0
-0.363424 -0.338906 1.45239 0.792963 -0.609122 0.0134103 -0.152999 -0.220385 -0.963339 0.589747 0.76184 -0.267952 102.886 -8.80077 -36.6391 0.571101 0.755199 -0.252292 0.199668 0
-0.36427 -0.338216 1.45217 0.748746 -0.662837 0.00516598 -0.173378 -0.203359 -0.963631 0.639781 0.72062 -0.267186 101.917 -9.98427 -40.5129 0.565288 0.744864 -0.28066 0.216464 0
-0.364062 -0.338686 1.45255 0.755504 -0.655107 0.00697228 -0.172175 -0.208807 -0.962682 0.632115 0.726109 -0.270547 102.238 -9.91428 -39.9186 0.564834 0.747472 -0.276693 0.21375 0
-0.364401 -0.338751 1.4519 0.731719 -0.681557 0.00816969 -0.181069 -0.205923 -0.96167 0.657115 0.702193 -0.274087 102.086 -10.432 -41.9252 0.559399 0.743594 -0.290019 0.223672 0
-0.364525 -0.338567 1.45201 0.744147 -0.667957 -0.00890587 -0.193866 -0.203183 -0.959756 0.639266 0.715926 -0.280692 101.953 -11.1785 -40.6645 0.561309 0.746328 -0.288688 0.211154 0
-0.364638 -0.338708 1.4516 0.737607 -0.675226 -0.00230976 -0.196787 -0.211692 -0.95732 0.645919 0.70658 -0.289021 102.469 -11.3491 -41.2085 0.556079 0.748051 -0.291428 0.215095 0
-0.364256 -0.339132 1.45173 0.735105 -0.677949 0.00240743 -0.190898 -0.210396 -0.958797 0.650522 0.704357 -0.284082 102.377 -11.0052 -41.5068 0.556917 0.74659 -0.290938 0.218637 0
-0.364265 -0.338681 1.45221 0.741032 -0.671365 0.0118266 -0.171392 -0.206148 -0.963394 0.649227 0.711879 -0.267828 102.078 -9.86874 -41.222 0.562818 0.744145 -0.283129 0.222085 0
-0.364699 -0.338595 1.45162 0.727351 -0.686152 0.012501 -0.173919 -0.201922 -0.963836 0.663862 0.698872 -0.266203 101.832 -10.0158 -42.3871 0.561076 0.740857 -0.290229 0.228237 0
-0.364483 -0.338034 1.45225 0.73399 -0.679027 0.0134318 -0.163633 -0.196003 -0.966854 0.659153 0.707464 -0.254975 101.46 -9.41781 -41.9251 0.566351 0.739082 -0.285036 0.227507 0
-0.367019 -0.338063 1.4492 0.605638 -0.795316 0.0259703 -0.196527 -0.181122 -0.963624 0.77109 0.578504 -0.265995 100.645 -11.3339 -51.8528 0.538173 0.716372 -0.346134 0.278159 0
-0.367558 -0.337011 1.44778 0.556898 -0.830544 0.00781155 -0.213073 -0.151948 -0.965149 0.802786 0.535824 -0.261586 98.9469 -12.3025 -55.2507 0.534641 0.70186 -0.371733 0.288732 0
-0.367726 -0.338524 1.44789 0.525563 -0.850358 0.0259903 -0.208883 -0.158594 -0.964995 0.824713 0.501737 -0.260976 99.333 -12.0569 -57.4919 0.525831 0.69734 -0.379743 0.304981 0
-0.367862 -0.337719 1.44804 0.549551 -0.835437 0.0062492 -0.222332 -0.153452 -0.962819 0.805334 0.527729 -0.270074 99.0555 -12.846 -55.6908 0.530572 0.702331 -0.376521 0.288889 0
-0.368518 -0.338099 1.44711 0.513504 -0.858036 0.00937494 -0.249741 -0.159895 -0.95502 0.820941 0.488065 -0.296393 99.5047 -14.4622 -57.9737 0.514105 0.701747 -0.39465 0.295803 0
-0.368487 -0.338626 1.44539 0.47358 -0.880684 0.0108233 -0.273287 -0.158618 -0.948765 0.837279 0.446358 -0.315798 99.4911 -15.86 -60.5067 0.499791 0.697853 -0.413401 0.303825 0
-0.368972 -0.338721 1.44514 0.450216 -0.892723 0.0187431 -0.26982 -0.156024 -0.950186 0.851177 0.422731 -0.311119 99.325 -15.6536 -62.1242 0.49575 0.692344 -0.419785 0.314122 0
-0.369076 -0.33886 1.44456 0.442378 -0.89665 0.0179312 -0.280107 -0.157134 -0.947021 0.851964 0.413918 -0.32067 99.421 -16.2666 -62.5596 0.491063 0.692853 -0.424605 0.313881 0
-0.368619 -0.338715 1.44513 0.446827 -0.894567 0.00976283 -0.278348 -0.149386 -0.948792 0.850217 0.421229 -0.31575 98.9477 -16.1616 -62.276 0.495401 0.691369 -0.424128 0.31097 0
-0.368966 -0.337785 1.44538 0.441726 -0.897099 0.00960919 -0.259016 -0.137778 -0.955996 0.858946 0.419799 -0.293223 98.201 -15.0117 -62.7848 0.502674 0.684238 -0.422409 0.317344 0
-0.369069 -0.337548 1.44608 0.446026 -0.89501 0.00423107 -0.26081 -0.134493 -0.955976 0.856177 0.425286 -0.293415 98.0082 -15.1181 -62.4827 0.504509 0.684458 -0.422166 0.314266 0
-0.36874 -0.337806 1.44576 0.453133 -0.891432 0.00427919 -0.261537 -0.137531 -0.955345 0.852214 0.43178 -0.295462 98.192 -15.1613 -61.9998 0.50501 0.686682 -0.419761 0.311823 0
-0.368697 -0.338633 1.44489 0.453792 -0.890636 0.0289938 -0.263214 -0.165054 -0.950513 0.851347 0.423703 -0.309328 99.851 -15.2609 -61.9411 0.494826 0.694294 -0.415476 0.316991 0
-0.368668 -0.338541 1.44541 0.44595 -0.89475 0.0234947 -0.256662 -0.152981 -0.954317 0.857469 0.419547 -0.29787 99.1073 -14.8721 -62.5221 0.498773 0.688622 -0.418013 0.319828 0
-0.368719 -0.338479 1.44572 0.442895 -0.89636 0.0195582 -0.261375 -0.149952 -0.953519 0.857629 0.417196 -0.300699 98.9372 -15.1517 -62.6874 0.498057 0.688031 -0.42067 0.318731 0
-0.367178 -0.33685 1.44343 0.442547 -0.896536 0.0193872 -0.242665 -0.140541 -0.959876 0.863288 0.420086 -0.279754 98.3298 -14.0439 -62.8589 0.505532 0.68243 -0.417332 0.323357 0
-0.367602 -0.337457 1.44332 0.456739 -0.889387 0.0195192 -0.237296 -0.14295 -0.960862 0.857368 0.434231 -0.276339 98.462 -13.727 -61.9548 0.509276 0.684841 -0.411294 0.320106 0
-0.367055 -0.337208 1.44339 0.462818 -0.886212 0.0206613 -0.238282 -0.146824 -0.960034 0.853827 0.439398 -0.279121 98.6952 -13.7852 -61.54 0.509135 0.687161 -0.409109 0.318152 0
-0.366932 -0.337915 1.4434 0.452881 -0.890814 0.036724 -0.241659 -0.162297 -0.956692 0.858196 0.424393 -0.288775 99.6282 -13.9845 -62.1788 0.500452 0.689919 -0.410365 0.324284 0
-0.367123 -0.337924 1.44287 0.451373 -0.891611 0.0359427 -0.246455 -0.163277 -0.955301 0.857626 0.422339 -0.293441 99.6991 -14.2678 -62.2419 0.498662 0.690668 -0.411944 0.323444 0
-0.367255 -0.337672 1.44269 0.443062 -0.89596 0.0308457 -0.244335 -0.153788 -0.957418 0.862552 0.416659 -0.287052 99.1253 -14.1426 -62.8121 0.500555 0.686277 -0.415392 0.325451 0
-0.367614 -0.337622 1.44359 0.437222 -0.898989 0.025623 -0.236755 -0.142537 -0.961057 0.867631 0.414128 -0.275161 98.4362 -13.6951 -63.2553 0.504857 0.680977 -0.416954 0.327931 0
-0.367576 -0.336568 1.44288 0.417528 -0.908342 0.0241671 -0.239671 -0.135743 -0.961318 0.876486 0.395585 -0.27438 98.0373 -13.8671 -64.5285 0.501848 0.675953 -0.42459 0.333105 0
-0.367101 -0.336543 1.4427 0.426247 -0.904357 0.0212481 -0.242059 -0.136658 -0.960589 0.87162 0.404305 -0.277158 98.0968 -14.0081 -63.94 0.503098 0.678245 -0.422567 0.32911 0
-0.367256 -0.337585 1.44281 0.447706 -0.8936 0.0322187 -0.235528 -0.152609 -0.959811 0.862604 0.422125 -0.278792 99.0343 -13.6227 -62.5699 0.50406 0.685403 -0.411849 0.326386 0
-0.367029 -0.338436 1.44258 0.461078 -0.886253 0.0442982 -0.23245 -0.16881 -0.957847 0.856373 0.431345 -0.283844 99.9951 -13.4414 -61.7016 0.502101 0.691689 -0.404338 0.325533 0
-0.367273 -0.338088 1.44291 0.454395 -0.889779 0.042644 -0.236552 -0.166679 -0.957215 0.858818 0.424866 -0.286217 99.8778 -13.6831 -62.117 0.500375 0.690524 -0.407781 0.326369 0
-0.367778 -0.336994 1.44291 0.42559 -0.904624 0.0229979 -0.245663 -0.13996 -0.959198 0.870932 0.402576 -0.281798 98.3016 -14.221 -63.9571 0.500957 0.679586 -0.423157 0.328851 0
-0.367678 -0.33593 1.44262 0.440776 -0.897417 0.0189727 -0.228917 -0.132823 -0.964342 0.867936 0.420715 -0.263979 97.8422 -13.2333 -63.0766 0.510875 0.677786 -0.415446 0.327134 0
-0.367971 -0.336117 1.44295 0.462683 -0.88648 0.00878354 -0.23623 -0.132834 -0.962575 0.85447 0.443292 -0.270873 97.8571 -13.6641 -61.5651 0.514533 0.683079 -0.4109 0.315942 0
-0.367378 -0.336533 1.44311 0.457232 -0.889216 0.0153118 -0.234317 -0.137058 -0.96245 0.857925 0.436475 -0.271026 98.1047 -13.5514 -61.9446 0.51214 0.682883 -0.41132 0.319687 0
-0.367732 -0.336311 1.44322 0.436506 -0.899545 0.0167586 -0.237786 -0.133311 -0.962126 0.86771 0.415989 -0.27209 97.8886 -13.7559 -63.2951 0.507717 0.678584 -0.419009 0.325851 0
-0.367669 -0.336401 1.44241 0.42146 -0.906669 0.0179741 -0.243465 -0.132222 -0.960855 0.873554 0.400585 -0.276468 97.8352 -14.0911 -64.2443 0.503182 0.676415 -0.425084 0.329505 0
-0.367878 -0.336006 1.44252 0.427579 -0.903928 0.00947393 -0.237661 -0.122518 -0.96359 0.872177 0.409759 -0.267215 97.2462 -13.7485 -63.8839 0.509374 0.674039 -0.423414 0.327003 0
-0.368115 -0.335908 1.44262 0.4289 -0.903298 0.00987457 -0.225012 -0.117413 -0.967256 0.87488 0.412634 -0.253612 96.9211 -13.0036 -63.8841 0.514265 0.670806 -0.420505 0.329735 0
-0.368071 -0.335991 1.44238 0.421958 -0.906574 0.00861564 -0.228484 -0.115533 -0.966668 0.877352 0.405925 -0.255887 96.8155 -13.2078 -64.315 0.512479 0.669585 -0.423791 0.33079 0
-0.367759 -0.335685 1.44177 0.405709 -0.91346 0.0314706 -0.205767 -0.12483 -0.970607 0.890539 0.387308 -0.238605 97.3286 -11.8744 -65.5071 0.510459 0.665046 -0.420733 0.346596 0
-0.367739 -0.33549 1.4417 0.411085 -0.910744 0.0394354 -0.183663 -0.125118 -0.974994 0.892904 0.393563 -0.218704 97.3126 -10.5832 -65.2791 0.516542 0.662365 -0.413068 0.351898 0
-0.367016 -0.336941 1.44229 0.417446 -0.907433 0.0480114 -0.216877 -0.150799 -0.964481 0.882442 0.392206 -0.259752 98.8864 -12.5257 -64.6832 0.501721 0.676017 -0.415784 0.344094 0
-0.367426 -0.338227 1.44216 0.420005 -0.906289 0.0472783 -0.237855 -0.160206 -0.957997 0.875797 0.391119 -0.282853 99.4937 -13.76 -64.379 0.494203 0.682471 -0.419119 0.338137 0
-0.366885 -0.337043 1.44236 0.426819 -0.903755 0.0324412 -0.245685 -0.150405 -0.95761 0.870324 0.400756 -0.286235 98.9261 -14.2223 -63.876 0.497539 0.682543 -0.421014 0.330663 0
-0.367485 -0.336753 1.44284 0.438115 -0.898663 0.0214361 -0.24165 -0.140711 -0.960107 0.865829 0.415457 -0.27881 98.3378 -13.984 -63.1603 0.504627 0.681475 -0.418325 0.325494 0
-0.366818 -0.336783 1.44311 0.42656 -0.904431 0.00710734 -0.253748 -0.127211 -0.958869 0.868135 0.407212 -0.283761 97.5572 -14.6994 -63.8327 0.503882 0.677778 -0.427197 0.322835 0
-0.367794 -0.336475 1.44286 0.437014 -0.899441 0.00493676 -0.233913 -0.118948 -0.964954 0.868507 0.420543 -0.262373 97.0273 -13.5275 -63.2894 0.513735 0.674228 -0.420241 0.323868 0
-0.367228 -0.336338 1.44324 0.435039 -0.900093 0.0239554 -0.210305 -0.127443 -0.969294 0.875507 0.416643 -0.244736 97.4903 -12.1402 -63.5773 0.515475 0.672164 -0.412993 0.33454 0
-0.36736 -0.336945 1.44314 0.444729 -0.895267 0.0266984 -0.228539 -0.142249 -0.963086 0.866018 0.42221 -0.267866 98.4019 -13.2111 -62.818 0.50858 0.680963 -0.41258 0.32774 1
-0.36724 -0.337776 1.44331 0.45733 -0.889135 0.0169552 -0.254241 -0.148993 -0.955595 0.85218 0.432712 -0.294194 98.862 -14.7286 -61.7793 0.503524 0.689296 -0.41469 0.315226 1
-0.367064 -0.338125 1.44281 0.455249 -0.890351 0.00487252 -0.282188 -0.149473 -0.947643 0.844463 0.430039 -0.319293 98.9635 -16.3908 -61.671 0.496609 0.693544 -0.422662 0.306158 1
-0.365042 -0.338006 1.4443 0.469005 -0.883192 -0.00242249 -0.280079 -0.146129 -0.94879 0.837609 0.445666 -0.315899 98.7557 -16.2649 -60.7541 0.501741 0.694808 -0.418558 0.30051 1
-0.365151 -0.336809 1.44562 0.506175 -0.862104 -0.0237324 -0.261876 -0.127422 -0.956653 0.82171 0.490449 -0.290262 97.5869 -15.1814 -58.3668 0.521654 0.693516 -0.405174 0.287656 1
-0.366594 -0.336271 1.44293 0.370597 -0.928794 0.000592521 -0.268171 -0.107613 -0.957342 0.889237 0.354629 -0.288957 96.4136 -15.5555 -67.3757 0.493464 0.664674 -0.450207 0.334686 1
-0.368613 -0.336507 1.4423 0.371561 -0.928297 0.0143519 -0.246892 -0.1137 -0.962349 0.894978 0.354029 -0.271436 96.7382 -14.2937 -67.4536 0.496595 0.662702 -0.443333 0.343039 1
-0.368231 -0.335376 1.44263 0.37491 -0.927054 0.003758 -0.235591 -0.0991946 -0.966777 0.896627 0.361569 -0.255595 95.8582 -13.6265 -67.3085 0.505005 0.65759 -0.44201 0.342305 1
-0.367725 -0.333801 1.44232 0.334284 -0.94221 -0.02223 -0.227606 -0.0578181 -0.972035 0.914576 0.329995 -0.233781 93.404 -13.1562 -69.9223 0.51056 0.63755 -0.458715 0.349912 1
-0.366169 -0.335872 1.44654 0.514798 -0.857311 -0.00129645 -0.21939 -0.130277 -0.9669 0.828765 0.498043 -0.255152 97.6736 -12.6732 -58.153 0.531359 0.689244 -0.390537 0.300136 1
-0.36639 -0.336082 1.44455 0.455051 -0.890462 0.00248787 -0.250315 -0.130598 -0.959316 0.854559 0.435915 -0.282324 97.7524 -14.4961 -61.9648 0.510423 0.683369 -0.417335 0.313537 1
-0.366458 -0.337875 1.44485 0.469716 -0.882795 0.00636845 -0.257073 -0.143677 -0.955652 0.844559 0.447248 -0.29443 98.5501 -14.8965 -60.9186 0.507841 0.69062 -0.412625 0.30803 1
-0.366525 -0.33892 1.44577 0.489484 -0.87187 0.015752 -0.264397 -0.165603 -0.950089 0.830963 0.460889 -0.31158 99.8875 -15.3311 -59.4995 0.503066 0.70119 -0.405121 0.301885 1
-0.366454 -0.337953 1.44787 0.51932 -0.854392 0.0179513 -0.228462 -0.159045 -0.960474 0.823476 0.494692 -0.277791 99.4023 -13.2065 -57.7627 0.520212 0.699313 -0.387113 0.300805 1
-0.365705 -0.337105 1.44847 0.57037 -0.821374 0.00482204 -0.202068 -0.146004 -0.968427 0.796145 0.551387 -0.24925 98.5735 -11.6579 -54.3817 0.542014 0.701003 -0.364992 0.28565 1
-0.3667 -0.338117 1.4481 0.579312 -0.815074 0.00722181 -0.224172 -0.167835 -0.959989 0.783674 0.554514 -0.279946 99.9168 -12.9542 -53.5272 0.531867 0.71188 -0.364965 0.277749 1
-0.366439 -0.33737 1.44765 0.583014 -0.812409 0.00928176 -0.229297 -0.175491 -0.957406 0.779434 0.556053 -0.288597 100.387 -13.2557 -53.2036 0.528897 0.715385 -0.364037 0.275626 1
-0.366118 -0.336516 1.44818 0.589728 -0.807602 -0.000422308 -0.213289 -0.155244 -0.964576 0.778928 0.568928 -0.263804 99.1431 -12.3152 -52.8705 0.54099 0.708657 -0.36015 0.274641 1
-0.365789 -0.337623 1.44861 0.592866 -0.805133 -0.0164653 -0.237461 -0.155246 -0.958911 0.769495 0.572416 -0.283228 99.1963 -13.7367 -52.3872 0.537213 0.712625 -0.365758 0.264174 1
-0.361817 -0.337819 1.44798 0.577633 -0.816156 -0.0151459 -0.253703 -0.16186 -0.953644 0.775871 0.554698 -0.300557 99.6329 -14.6967 -53.3325 0.528019 0.714152 -0.374521 0.266304 1
-0.358808 -0.337316 1.44392 0.568742 -0.822209 -0.0224944 -0.242724 -0.141642 -0.959699 0.785887 0.551281 -0.280128 98.3957 -14.0474 -54.107 0.535484 0.705427 -0.377407 0.270542 1
-0.354733 -0.342903 1.43962 0.570941 -0.820752 -0.0197935 -0.222032 -0.131152 -0.966179 0.790397 0.556026 -0.257113 97.7302 -12.8284 -54.1577 0.543755 0.699858 -0.372498 0.275271 1
-0.348415 -0.351264 1.4371 0.550563 -0.834535 -0.020791 -0.20679 -0.11221 -0.971929 0.808776 0.539407 -0.234353 96.5857 -11.9343 -55.7555 0.548635 0.688681 -0.378014 0.286049 1
-0.344641 -0.357582 1.43739 0.573741 -0.818731 0.0223552 -0.208296 -0.172256 -0.962778 0.792107 0.547729 -0.269369 100.144 -12.0225 -54.0833 0.532005 0.709818 -0.361722 0.286856 1
-0.338729 -0.363829 1.43576 0.581544 -0.812921 0.03108 -0.216151 -0.191235 -0.957449 0.784274 0.55008 -0.286925 101.295 -12.4831 -53.4429 0.52521 0.717583 -0.35852 0.284062 1
-0.331846 -0.36627 1.43415 0.582592 -0.810701 0.0578862 -0.22011 -0.225935 -0.94895 0.782393 0.540109 -0.310071 103.392 -12.7155 -53.3276 0.511514 0.72777 -0.354099 0.288648 1
-0.319961 -0.367725 1.43328 0.540538 -0.836816 0.086929 -0.180027 -0.215978 -0.959658 0.821833 0.503082 -0.267394 102.683 -10.3713 -56.6662 0.514093 0.711321 -0.357379 0.319392 1
-0.305012 -0.368313 1.42781 0.524387 -0.841186 0.132001 -0.16988 -0.255265 -0.95183 0.834362 0.476703 -0.276758 105.013 -9.78085 -57.8511 0.498087 0.717009 -0.352529 0.336942 1
-0.292394 -0.367476 1.42588 0.523777 -0.837385 0.156345 -0.157153 -0.275371 -0.948406 0.837234 0.472183 -0.275831 106.191 -9.04168 -57.9697 0.493096 0.720239 -0.345211 0.344878 1
-0.277564 -0.363159 1.42238 0.531539 -0.832907 0.154051 -0.144948 -0.268631 -0.952275 0.83454 0.483841 -0.263516 105.753 -8.33428 -57.5059 0.499848 0.718277 -0.340348 0.344084 1
-0.261021 -0.353993 1.41818 0.540793 -0.828191 0.147114 -0.138888 -0.260411 -0.955456 0.82961 0.496272 -0.255854 105.246 -7.98349 -56.9011 0.506095 0.717123 -0.337139 0.340501 1
-0.251308 -0.347584 1.41582 0.552558 -0.827751 0.0975065 -0.137108 -0.205667 -0.96897 0.82212 0.522043 -0.227135 101.983 -7.88056 -56.0944 0.529093 0.704514 -0.342385 0.326333 1
-0.241781 -0.338668 1.41893 0.58555 -0.808271 0.0618727 -0.124936 -0.165397 -0.978282 0.80095 0.565103 -0.197831 99.5962 -7.17708 -53.8306 0.552794 0.697993 -0.334247 0.309037 1
-0.23495 -0.329427 1.41743 0.63221 -0.774195 0.0305394 -0.134388 -0.148389 -0.979755 0.763053 0.615307 -0.197855 98.6123 -7.72321 -50.3573 0.567002 0.703288 -0.322977 0.282101 1
-0.223766 -0.314454 1.41885 0.683848 -0.727651 0.0536371 -0.0563991 -0.126011 -0.990424 0.727442 0.674274 -0.127211 97.2507 -3.23314 -46.7693 0.598044 0.695893 -0.28167 0.280603 1
-0.213527 -0.297481 1.42011 0.744371 -0.661222 0.0932566 -0.00118602 -0.140964 -0.990014 0.667765 0.736828 -0.105713 98.1036 -0.0679538 -41.8948 0.611902 0.705523 -0.234722 0.269666 1
-0.209174 -0.281477 1.42363 0.798346 -0.595005 0.0928092 0.00163635 -0.151973 -0.988383 0.602197 0.789223 -0.120353 98.7413 0.0937562 -37.0275 0.617661 0.719491 -0.206176 0.241492 1
-0.203538 -0.260655 1.42656 0.837083 -0.541188 0.0800559 -0.00456349 -0.153236 -0.988179 0.547058 0.826822 -0.130741 98.8146 -0.261469 -33.1658 0.623118 0.728193 -0.187365 0.215298 1
-0.19644 -0.23278 1.43005 0.87246 -0.487281 0.0370298 -0.0298493 -0.12877 -0.991225 0.487773 0.863699 -0.126892 97.4018 -1.71049 -29.2086 0.635767 0.729404 -0.177244 0.179874 1
-0.188706 -0.212508 1.43268 0.901905 -0.43099 0.0285441 -0.0204988 -0.108719 -0.993861 0.431448 0.895783 -0.106889 96.2428 -1.17458 -25.5652 0.649288 0.727584 -0.155133 0.158055 1
-0.185871 -0.191087 1.43396 0.910774 -0.412553 0.0170258 -0.0235418 -0.0930509 -0.995383 0.412233 0.906169 -0.0944606 95.3406 -1.34897 -24.3524 0.656366 0.724273 -0.150529 0.148169 1
-0.185651 -0.170742 1.43489 0.904383 -0.42421 0.0462347 -0.0071088 -0.123311 -0.992343 0.426663 0.897129 -0.114536 97.0834 -0.407308 -25.2567 0.645472 0.731818 -0.147345 0.161549 1
-0.182671 -0.148057 1.43796 0.914204 -0.395128 0.0900253 0.0196671 -0.178626 -0.983721 0.404777 0.901092 -0.155529 100.292 1.12691 -23.882 0.6285 0.749726 -0.125199 0.164994 1
-0.181183 -0.123421 1.4417 0.919352 -0.375763 0.116592 0.0241879 -0.241802 -0.970024 0.392691 0.894614 -0.213212 103.997 1.386 -23.1292 0.605049 0.770449 -0.114081 0.165255 1
-0.182259 -0.106041 1.44542 0.921697 -0.357686 0.150117 0.0559848 -0.26028 -0.963909 0.383849 0.896836 -0.219874 105.111 3.20937 -22.6097 0.600321 0.774895 -0.0973361 0.172271 1
-0.185096 -0.0851829 1.44842 0.923869 -0.331698 0.190899 0.100229 -0.271694 -0.95715 0.369351 0.903415 -0.217764 105.847 5.75236 -21.7909 0.598835 0.776744 -0.0744997 0.18032 1
-0.186346 -0.0604354 1.45074 0.92154 -0.329783 0.204955 0.10847 -0.288182 -0.951412 0.372824 0.898996 -0.229799 106.851 6.22713 -22.0266 0.59236 0.780948 -0.0708474 0.184961 1
-0.188611 -0.0377238 1.45676 0.939682 -0.299224 0.165721 0.0660745 -0.316573 -0.946264 0.335608 0.900137 -0.277707 108.498 3.78855 -19.6542 0.579957 0.795921 -0.0732327 0.157468 1
-0.185617 -0.0129015 1.46201 0.958066 -0.268758 0.0993882 0.000995462 -0.343725 -0.93907 0.286544 0.89979 -0.329044 110.104 0.0570358 -16.6512 0.566855 0.810993 -0.0825415 0.118969 1
-0.186902 0.0135127 1.46725 0.970973 -0.233457 0.0520576 -0.0361475 -0.358361 -0.932883 0.236444 0.903922 -0.356397 111.014 -2.07155 -13.6859 0.560405 0.81941 -0.0822557 0.088021 1
-0.185755 0.037422 1.47596 0.977598 -0.208074 0.0317443 -0.0529806 -0.389219 -0.91962 0.203705 0.897337 -0.391523 112.94 -3.03698 -11.7704 0.547004 0.830413 -0.0785919 0.0708831 1
-0.187066 0.0622904 1.48457 0.981485 -0.189492 0.0279252 -0.0542023 -0.414611 -0.908383 0.18371 0.890051 -0.417205 114.533 -3.10709 -10.6017 0.536113 0.838645 -0.0726454 0.0630884 1
-0.191239 0.0863156 1.48951 0.984443 -0.161643 0.0688727 -0.00363985 -0.410659 -0.911782 0.175666 0.897347 -0.404858 114.246 -0.208549 -10.1175 0.540584 0.836654 -0.049388 0.0730705 1
-0.198321 0.107762 1.49865 0.993489 -0.0983822 0.057443 0.0117898 -0.412725 -0.910779 0.113313 0.905527 -0.408878 114.378 0.675521 -6.50677 0.541268 0.838912 -0.025805 0.050886 1
-0.207166 0.127685 1.51018 0.997275 -0.0556646 0.0484067 0.0224773 -0.395699 -0.918105 0.0702604 0.916692 -0.393369 113.316 1.28796 -4.02996 0.549592 0.834617 -0.00994086 0.0355454 1
-0.212675 0.143075 1.51914 0.99855 -0.0489758 -0.0223344 -0.0378954 -0.344945 -0.937857 0.0382281 0.937344 -0.346301 110.194 -2.17177 -2.19242 0.571687 0.82003 -0.0264841 0.00484547 1
-0.217906 0.162456 1.52526 0.997299 -0.0175933 -0.0713147 -0.0732249 -0.314544 -0.946414 -0.00578105 0.94908 -0.314983 108.384 -4.19924 0.332123 0.584759 0.810374 -0.0280174 -0.023784 1
-0.224943 0.178617 1.53358 0.992385 0.0157483 -0.122167 -0.112616 -0.285828 -0.951641 -0.0499056 0.958152 -0.281878 106.718 -6.46612 2.8789 0.5968 0.800014 -0.0302705 -0.0537718 1
-0.228555 0.184988 1.53788 0.989203 0.00340625 -0.146512 -0.13908 -0.29332 -0.945844 -0.0461966 0.956008 -0.289679 107.229 -7.9946 2.67382 0.592917 0.801904 -0.0422973 -0.0600784 1
-0.236464 0.187047 1.54129 0.99117 -0.036506 -0.127471 -0.132539 -0.300714 -0.94446 -0.00385379 0.953015 -0.302897 107.661 -7.61634 0.222772 0.588973 0.805416 -0.0524713 -0.0407629 1
-0.240968 0.192134 1.54322 0.995783 -0.0512594 -0.0760859 -0.087755 -0.290366 -0.952883 0.0267515 0.955542 -0.29364 106.947 -5.03447 -1.53887 0.594091 0.803086 -0.0432751 -0.0153577 1
-0.244553 0.1949 1.54517 0.998473 -0.0530782 -0.0153148 -0.0296544 -0.28107 -0.959229 0.0466096 0.958218 -0.282215 106.331 -1.69932 -2.67268 0.598997 0.800275 -0.0258451 0.00977628 1
-0.25018 0.194933 1.54775 0.993318 -0.0532121 -0.102409 -0.112789 -0.259607 -0.959105 0.0244499 0.964247 -0.263874 105.146 -6.4761 -1.41002 0.606184 0.793221 -0.0523186 -0.0245704 1
-0.25472 0.197384 1.54647 0.989819 -0.0644377 -0.12691 -0.139763 -0.271385 -0.952269 0.0269206 0.960311 -0.277628 105.907 -8.03411 -1.55792 0.600168 0.796686 -0.0640781 -0.0313766 1
-0.259324 0.196415 1.54678 0.987897 -0.0786257 -0.133703 -0.149944 -0.263521 -0.952929 0.039691 0.961444 -0.272122 105.458 -8.62368 -2.30075 0.602548 0.794283 -0.0719422 -0.0295903 1
-0.263442 0.196475 1.54425 0.987376 -0.0938312 -0.12761 -0.149505 -0.285989 -0.946498 0.0523161 0.953628 -0.296407 106.812 -8.59822 -3.03298 0.592659 0.801525 -0.0758978 -0.0234846 1
-0.269001 0.193229 1.54186 0.985508 -0.145064 -0.0879244 -0.128417 -0.299367 -0.945457 0.11083 0.943046 -0.313658 107.57 -7.37814 -6.41651 0.585765 0.805998 -0.0848269 0.00710472 1
-0.270329 0.19222 1.53913 0.989793 -0.0908981 -0.109762 -0.132999 -0.312473 -0.94057 0.0511985 0.945568 -0.321373 108.377 -7.64294 -2.96107 0.582226 0.809883 -0.0691141 -0.0180776 1
-0.27164 0.192696 1.53883 0.991437 -0.0964102 -0.0880762 -0.115075 -0.326223 -0.938262 0.0617256 0.940364 -0.334524 109.172 -6.60796 -3.56256 0.576778 0.814276 -0.0649305 -0.0080902 1
-0.272655 0.194623 1.53731 0.989811 -0.114987 -0.0839747 -0.116775 -0.318115 -0.940833 0.0814697 0.941053 -0.328301 108.681 -6.70601 -4.70531 0.579525 0.811823 -0.0713708 -0.00077142 1
-0.27315 0.194767 1.53704 0.991553 -0.120413 -0.048199 -0.0829218 -0.302785 -0.949445 0.0997311 0.945422 -0.310212 107.688 -4.75653 -5.74353 0.58706 0.806931 -0.0629962 0.0159655 1
-0.27425 0.195295 1.53617 0.993715 -0.110829 -0.015741 -0.0495338 -0.309245 -0.949691 0.100386 0.944502 -0.312792 108.037 -2.83924 -5.76848 0.585593 0.808664 -0.0495765 0.026168 1
-0.275188 0.195612 1.53716 0.992359 -0.122254 -0.0166683 -0.0544737 -0.31289 -0.948226 0.110709 0.941888 -0.317159 108.262 -3.12266 -6.36569 0.58359 0.809692 -0.0545664 0.029036 1
-0.275387 0.195372 1.53822 0.991878 -0.126582 -0.0124336 -0.0532505 -0.324499 -0.944386 0.115508 0.937378 -0.328604 108.963 -3.05247 -6.64239 0.578527 0.81317 -0.0552876 0.031689 1
-0.278926 0.194299 1.53817 0.994186 -0.105857 -0.0197187 -0.0517905 -0.309538 -0.949476 0.0944054 0.944977 -0.31322 108.056 -2.9687 -5.4244 0.58554 0.808848 -0.048726 0.0230843 1
-0.28043 0.192677 1.53716 0.995214 -0.0907344 -0.0362919 -0.0606785 -0.282647 -0.957303 0.0766025 0.954923 -0.2868 106.449 -3.47876 -4.40143 0.597027 0.800728 -0.0472735 0.0125856 1
-0.281771 0.189658 1.53621 0.994203 -0.086511 -0.0638439 -0.0864355 -0.289935 -0.953135 0.0639461 0.953128 -0.295732 106.919 -4.95858 -3.68014 0.593409 0.803099 -0.0538373 3.18317e-05 1
-0.28069 0.187634 1.53345 0.997819 -0.0466135 -0.046733 -0.0590056 -0.312611 -0.948047 0.0295825 0.948737 -0.31468 108.25 -3.38274 -1.69816 0.585348 0.810109 -0.0325941 -0.00529263 1
-0.281302 0.187618 1.53317 0.998565 -0.0313338 -0.0434255 -0.0511482 -0.317961 -0.946723 0.0158568 0.947586 -0.319108 108.565 -2.93186 -0.909758 0.583416 0.811732 -0.0254031 -0.00849069 1
-0.281468 0.18776 1.5347 0.999022 -0.015868 -0.041278 -0.0442022 -0.329759 -0.94303 0.00135219 0.943932 -0.330137 109.274 -2.53343 -0.0775506 0.578603 0.815309 -0.0184194 -0.0122425 1
-0.28113 0.187026 1.53518 0.998297 -0.0221397 -0.0539703 -0.0582595 -0.331382 -0.941696 0.00296409 0.943237 -0.332108 109.387 -3.33992 -0.170119 0.577669 0.815749 -0.0246397 -0.0156317 1
-0.27853 0.18897 1.53426 0.991888 -0.0627243 -0.110566 -0.123878 -0.281823 -0.951436 0.0285181 0.957414 -0.287307 106.5 -7.11599 -1.64688 0.596397 0.800159 -0.0583018 -0.0256348 1
-0.279261 0.189757 1.53351 0.989604 -0.0828894 -0.11753 -0.135456 -0.262575 -0.955357 0.0483285 0.961345 -0.271073 105.368 -7.78497 -2.79589 0.603315 0.794237 -0.0687279 -0.0217823 1
-0.278325 0.18958 1.53399 0.990968 -0.0698892 -0.11445 -0.129275 -0.270965 -0.953869 0.0356533 0.960049 -0.277552 105.858 -7.42771 -2.06051 0.60051 0.796788 -0.0624898 -0.0247232 1
-0.275659 0.187343 1.53237 0.991285 -0.0770295 -0.106868 -0.124875 -0.291053 -0.948522 0.04196 0.953601 -0.298135 107.059 -7.17352 -2.42382 0.592051 0.803193 -0.0628443 -0.0202032 1
-0.275266 0.184468 1.53325 0.99394 -0.0720964 -0.0829837 -0.102169 -0.327278 -0.939389 0.0405679 0.942174 -0.33266 109.208 -5.86407 -2.33724 0.577495 0.814536 -0.053486 -0.0130184 1
-0.271507 0.186021 1.53288 0.989898 -0.0615846 -0.127707 -0.140094 -0.286349 -0.947828 0.0218029 0.956144 -0.292084 106.81 -8.05328 -1.26176 0.594026 0.801301 -0.0629223 -0.0330412 1
-0.268747 0.187428 1.53425 0.987367 -0.0535793 -0.149113 -0.15809 -0.269938 -0.949811 0.0106388 0.961386 -0.274999 105.865 -9.09604 -0.617333 0.600506 0.795661 -0.0665073 -0.0435093 1
-0.265995 0.186141 1.53034 0.984491 -0.104157 -0.141168 -0.165222 -0.279949 -0.94569 0.0589803 0.954348 -0.292816 106.49 -9.51013 -3.42846 0.59408 0.799571 -0.084226 -0.0256974 1
-0.262148 0.186992 1.52831 0.985396 -0.134216 -0.104792 -0.137643 -0.265523 -0.954228 0.100248 0.954716 -0.280119 105.55 -7.91149 -5.80895 0.599949 0.795462 -0.0854408 -0.001428 1
-0.258731 0.188485 1.52727 0.985389 -0.156822 -0.0664445 -0.104573 -0.249151 -0.962802 0.134434 0.955683 -0.261911 104.509 -6.00259 -7.76876 0.607109 0.790008 -0.0827193 0.0215155 1
-0.251763 0.194937 1.52632 0.982048 -0.186221 -0.0300427 -0.0738622 -0.233085 -0.969647 0.173566 0.95446 -0.242656 103.516 -4.23585 -10.0229 0.613659 0.783867 -0.0829489 0.0457743 1
-0.249778 0.194334 1.52287 0.968167 -0.237554 -0.078867 -0.133414 -0.223158 -0.965609 0.211785 0.945393 -0.247747 103.013 -7.6669 -12.339 0.611813 0.780876 -0.118766 0.042554 1
-0.244787 0.19136 1.51898 0.965824 -0.235578 -0.108103 -0.153807 -0.185191 -0.970591 0.20863 0.954048 -0.215095 100.802 -8.84762 -12.1893 0.625607 0.769108 -0.12657 0.0326767 1
-0.238815 0.188668 1.51276 0.966209 -0.239658 -0.0948879 -0.140418 -0.180688 -0.973465 0.216154 0.953895 -0.208235 100.515 -8.07205 -12.6102 0.62795 0.767322 -0.123832 0.0395095 1
-0.235995 0.180757 1.50517 0.961903 -0.250307 -0.109949 -0.183416 -0.292617 -0.938474 0.202734 0.922888 -0.327379 107.317 -10.5688 -11.9017 0.579204 0.803414 -0.134963 0.0288722 1
-0.230444 0.177478 1.49609 0.955726 -0.270395 -0.116077 -0.200376 -0.309147 -0.929665 0.215492 0.911765 -0.349641 108.394 -11.559 -12.7063 0.569416 0.808473 -0.145574 0.0307415 1
-0.228627 0.169841 1.48953 0.950239 -0.294642 -0.101155 -0.198159 -0.321141 -0.926068 0.240374 0.90003 -0.363546 109.125 -11.4293 -14.1958 0.562484 0.811623 -0.151795 0.0428827 1
-0.226348 0.156514 1.4771 0.949602 -0.297501 -0.0987379 -0.198109 -0.325498 -0.924556 0.242917 0.897521 -0.368031 109.395 -11.4264 -14.3491 0.560373 0.812885 -0.152423 0.0443419 1
-0.219386 0.148035 1.47126 0.946545 -0.321071 -0.031087 -0.135076 -0.307002 -0.942074 0.292929 0.895915 -0.33396 108.05 -7.76302 -17.1958 0.57131 0.804287 -0.141786 0.0813894 1
-0.211255 0.131086 1.46204 0.924848 -0.376463 0.0541413 -0.0483201 -0.257499 -0.96507 0.377255 0.889927 -0.256338 104.94 -2.76962 -22.191 0.59393 0.780815 -0.136006 0.138124 1
-0.210093 0.115023 1.45694 0.899184 -0.427861 0.0916696 -0.00746973 -0.224475 -0.974451 0.437507 0.875526 -0.205041 102.972 -0.427988 -25.9457 0.606149 0.763004 -0.142637 0.173386 1
-0.20987 0.0983561 1.44906 0.883917 -0.456749 0.100349 0.0188276 -0.179653 -0.98355 0.467264 0.871266 -0.150199 100.351 1.07881 -27.8622 0.623311 0.743937 -0.147164 0.190746 1
-0.2064 0.0822174 1.43786 0.864772 -0.491936 0.100836 0.0398967 -0.132861 -0.990331 0.500577 0.860434 -0.0952683 97.6411 2.28652 -30.0646 0.639657 0.723343 -0.156233 0.207859 1
-0.199255 0.0662911 1.42521 0.853253 -0.512353 0.0972348 0.0707098 -0.0710675 -0.994962 0.516682 0.855829 -0.0244102 94.0855 4.05476 -31.1967 0.662906 0.697985 -0.158185 0.219889 1
-0.188775 0.0478865 1.41235 0.850426 -0.52043 0.0769927 0.0897355 -0.000708436 -0.995965 0.518385 0.853904 0.0460986 90.0408 5.14839 -31.3648 0.688443 0.671758 -0.160286 0.221574 1
-0.185176 0.0270926 1.40112 0.866604 -0.492455 0.0805332 0.110557 0.0321078 -0.993351 0.486595 0.869745 0.0822693 88.1487 6.34744 -29.3141 0.703737 0.661859 -0.144252 0.214218 1
-0.179072 0.00543498 1.39324 0.885298 -0.457743 0.0819641 0.113735 0.0422305 -0.992613 0.450901 0.888081 0.089448 87.5638 6.53067 -26.9907 0.710102 0.662122 -0.129889 0.201196 1
-0.173964 -0.0170969 1.38346 0.901191 -0.431173 0.044107 0.0584017 0.0199645 -0.998094 0.42947 0.902049 0.043173 88.8541 3.34807 -25.4805 0.700772 0.677874 -0.137478 0.174655 1
-0.162878 -0.0362632 1.37427 0.909933 -0.414747 -0.00248696 0.00294199 0.0124504 -0.999918 0.414744 0.909852 0.0125492 89.2866 0.168564 -24.5033 0.695509 0.686464 -0.149973 0.150138 1
-0.15584 -0.0578852 1.36423 0.909438 -0.414491 -0.0334648 -0.0374204 -0.00142403 -0.999299 0.414153 0.910052 -0.0168055 90.0816 -2.14453 -24.4842 0.687606 0.694202 -0.162745 0.137095 1
-0.143934 -0.0807725 1.35629 0.943581 -0.330467 -0.0211423 -0.0429509 -0.0588305 -0.997344 0.328345 0.941982 -0.0697052 93.3758 -2.46166 -19.1868 0.673618 0.719742 -0.129705 0.106706 0
-0.137723 -0.092797 1.35312 0.960187 -0.27931 0.00520489 -0.0344661 -0.136933 -0.989981 0.277224 0.950387 -0.141108 97.8751 -1.97515 -16.1044 0.648488 0.748035 -0.104867 0.0943901 1
-0.126151 -0.119724 1.34443 0.980196 -0.197963 0.00511866 -0.0231162 -0.140053 -0.989874 0.196675 0.970153 -0.141856 98.0531 -1.32458 -11.3457 0.651592 0.752015 -0.0734955 0.0670843 0
-0.119773 -0.133762 1.3404 0.984489 -0.155527 0.0811953 0.0558625 -0.160832 -0.9854 0.166315 0.974651 -0.14965 99.2698 3.20235 -9.58876 0.646917 0.757458 -0.0328944 0.0816911 1
-0.112265 -0.143407 1.33683 0.979544 -0.121717 0.160246 0.137015 -0.179809 -0.974113 0.14738 0.976142 -0.159454 100.458 7.87513 -8.55641 0.640367 0.761382 0.00502293 0.101009 1
-0.101383 -0.160914 1.32921 0.954186 -0.192219 0.229305 0.177626 -0.252817 -0.951069 0.240785 0.948228 -0.207092 104.886 10.2315 -14.1627 0.611203 0.776868 -0.00469596 0.151277 1
-0.0927243 -0.171179 1.32548 0.942655 -0.184476 0.278155 0.227993 -0.252752 -0.940285 0.243764 0.949781 -0.196199 105.046 13.1789 -14.4987 0.611086 0.773241 0.0140696 0.168744 1
-0.086271 -0.181889 1.32171 0.935977 -0.131106 0.32674 0.286858 -0.254053 -0.923672 0.204108 0.958263 -0.200179 105.379 16.6699 -12.3019 0.608635 0.773015 0.0503717 0.171681 1
-0.0808027 -0.185382 1.31942 0.913332 -0.141333 0.381903 0.340982 -0.247252 -0.906972 0.222612 0.958588 -0.177631 105.249 19.9367 -13.6979 0.61001 0.764561 0.0652823 0.197667 1
-0.0766926 -0.188025 1.31679 0.907352 -0.150429 0.392534 0.357823 -0.213693 -0.909009 0.220623 0.965249 -0.140068 103.229 20.9666 -13.6663 0.623216 0.75185 0.0689613 0.203883 1
-0.0706352 -0.195058 1.31311 0.883136 -0.116691 0.454373 0.417283 -0.247158 -0.874521 0.214351 0.961923 -0.169581 105.781 24.6632 -13.6427 0.605474 0.758267 0.0991051 0.220478 1
-0.0658881 -0.19951 1.31101 0.875324 -0.099009 0.473292 0.432127 -0.279023 -0.857562 0.216966 0.955167 -0.201451 108.023 25.6026 -13.9213 0.590519 0.767431 0.108517 0.22486 1
-0.0628996 -0.204151 1.30879 0.857247 -0.0895314 0.507062 0.459902 -0.309721 -0.832204 0.231556 0.946603 -0.224332 110.414 27.3808 -15.1158 0.575151 0.773191 0.119754 0.238821 1
-0.0572074 -0.211424 1.30597 0.832871 -0.109239 0.54258 0.484695 -0.32932 -0.81032 0.267201 0.937878 -0.221334 112.117 28.9925 -17.7872 0.566175 0.771933 0.121596 0.262257 1
-0.0553655 -0.212119 1.305 0.813241 -0.101224 0.573056 0.513289 -0.339198 -0.78834 0.274178 0.935253 -0.223893 113.281 30.8831 -18.6311 0.559051 0.770768 0.133654 0.274802 1
-0.0570562 -0.21379 1.30402 0.812725 -0.114109 0.571365 0.496961 -0.376145 -0.782013 0.304151 0.919507 -0.248995 115.687 29.7992 -20.5176 0.544882 0.780683 0.122602 0.280368 1
-0.0560571 -0.214941 1.30376 0.79229 -0.0988931 0.602077 0.536465 -0.357169 -0.764615 0.290659 0.92879 -0.229929 115.038 32.4433 -20.146 0.548906 0.771263 0.141836 0.289375 1
-0.0563922 -0.21638 1.30296 0.767982 -0.115042 0.630055 0.562107 -0.350449 -0.749147 0.306986 0.929489 -0.204473 115.07 34.2016 -21.7881 0.550695 0.762054 0.146664 0.307406 1
-0.0492343 -0.220727 1.30236 0.722665 -0.0192785 0.69093 0.668724 -0.233332 -0.70595 0.174825 0.972206 -0.155729 108.29 41.9686 -13.5996 0.577409 0.726589 0.223457 0.297883 1
-0.0493846 -0.223058 1.30106 0.699535 0.0326857 0.71385 0.701407 -0.222466 -0.677154 0.136674 0.974392 -0.178548 108.187 44.54 -11.0551 0.569763 0.724664 0.253253 0.29342 1
-0.0455982 -0.226625 1.29757 0.672111 0.0706736 0.73707 0.723393 -0.275106 -0.633261 0.158017 0.958813 -0.236026 113.481 46.3353 -13.2303 0.538744 0.73879 0.268705 0.30289 1
-0.0518973 -0.224858 1.29943 0.702427 0.0341248 0.710937 0.700116 -0.213029 -0.68151 0.128194 0.97645 -0.173529 107.358 44.4363 -10.3427 0.573557 0.722666 0.254004 0.29029 1
-0.0542515 -0.226494 1.30041 0.690303 0.039784 0.722426 0.714395 -0.195561 -0.67186 0.114549 0.979884 -0.163418 106.229 45.5936 -9.4218 0.576915 0.715766 0.263417 0.292335 1
-0.0529326 -0.226051 1.29866 0.674839 0.057722 0.735704 0.730997 -0.188961 -0.655696 0.101171 0.980287 -0.169713 106.076 46.9701 -8.52621 0.573621 0.713006 0.276547 0.293432 1
-0.0510461 -0.229281 1.29791 0.639761 0.0617945 0.766086 0.759341 -0.204858 -0.617604 0.118774 0.976839 -0.177983 108.351 49.4061 -10.5174 0.560562 0.711091 0.288688 0.311092 1
-0.0505584 -0.234861 1.29467 0.59356 0.0655786 0.802114 0.790906 -0.231866 -0.566309 0.148845 0.970535 -0.189493 112.266 52.2702 -14.0776 0.541341 0.709739 0.30169 0.334968 1
-0.0493673 -0.237735 1.29516 0.51974 0.0756143 0.850972 0.836529 -0.247287 -0.488945 0.173463 0.965987 -0.191779 116.828 56.7754 -18.4565 0.519777 0.699787 0.325865 0.365981 1
-0.0483366 -0.237411 1.29451 0.481503 0.0882724 0.871988 0.856647 -0.257669 -0.446948 0.185231 0.962193 -0.199686 119.964 58.9422 -21.0414 0.506001 0.696214 0.339306 0.379631 1
-0.0475825 -0.242003 1.29124 0.394664 0.0823638 0.915127 0.891293 -0.276304 -0.359517 0.223242 0.957534 -0.182457 127.544 63.0362 -29.4947 0.48371 0.680703 0.357593 0.418086 1
-0.0470382 -0.243178 1.292 0.366355 0.0882933 0.926277 0.900899 -0.282655 -0.329375 0.232735 0.95515 -0.183095 130.635 64.2765 -32.4266 0.474501 0.676776 0.365406 0.428137 1
-0.0477035 -0.245711 1.29086 0.344527 0.083144 0.935087 0.91498 -0.252591 -0.314659 0.210033 0.963994 -0.163099 128.756 66.2028 -31.3676 0.481881 0.663366 0.376159 0.431557 1
-0.0470815 -0.247212 1.29183 0.356798 0.0903741 0.9298 0.914968 -0.234634 -0.328301 0.188492 0.967874 -0.166406 125.553 66.2011 -27.847 0.488814 0.662917 0.379135 0.421731 1
-0.0442121 -0.248735 1.29139 0.318215 0.105825 0.942094 0.940273 -0.162002 -0.299403 0.120937 0.9811 -0.151056 118.417 70.0974 -20.8092 0.501288 0.638607 0.409524 0.416152 1
-0.0424619 -0.247465 1.29191 0.277859 0.128093 0.952043 0.957729 -0.113801 -0.264206 0.0745009 0.985211 -0.154299 113.303 73.2813 -15.0094 0.502434 0.621683 0.436646 0.412809 1
-0.0415277 -0.250964 1.28889 0.248895 0.13418 0.959191 0.966459 -0.0991413 -0.236913 0.0633065 0.985985 -0.154355 112.708 75.1185 -14.2706 0.498848 0.612861 0.448976 0.4171 1
-0.0403379 -0.252212 1.2887 0.174702 0.135303 0.975281 0.983326 -0.0747584 -0.165772 0.050481 0.98798 -0.146107 114.274 79.5225 -16.1169 0.488323 0.590671 0.473457 0.434151 1
-0.0395118 -0.253342 1.28781 0.112762 0.132872 0.984698 0.992903 -0.0527691 -0.106581 0.0378 0.989727 -0.137879 116.34 83.1697 -18.5322 0.480134 0.570835 0.493039 0.447808 1
-0.0371067 -0.254689 1.28712 0.0548582 0.069266 0.996089 0.997904 -0.0380835 -0.0523099 0.0343112 0.996871 -0.07121 126.056 86.2901 -32.024 0.486201 0.539479 0.494537 0.477497 1
-0.0317215 -0.253761 1.28805 -0.0227496 0.0310226 0.99926 0.99971 0.00859433 0.0224931 -0.00789018 0.999482 -0.0312091 0 90 91.7889 0.488527 0.499966 0.515401 0.495718 1
-0.0361516 -0.254906 1.28697 -0.0368837 0.0395871 0.998535 0.999291 0.00895135 0.0365568 -0.00749107 0.999176 -0.0398892 0 90 92.2876 0.482747 0.498511 0.52099 0.497002 1
-0.0381269 -0.257565 1.28727 -0.0423298 0.0469516 0.998 0.996217 0.077863 0.0385911 -0.0758954 0.995858 -0.0500699 -26.3643 85.0146 119.15 0.496352 0.482151 0.540893 0.478121 1
-0.0370295 -0.259342 1.28843 -0.0227992 0.058008 0.998056 0.993273 0.11468 0.0160246 -0.113527 0.991707 -0.0602324 -7.95466 83.3506 101.355 0.50785 0.4803 0.5472 0.460404 1
-0.0373775 -0.25936 1.28757 -0.0284661 0.070459 0.997108 0.985865 0.166738 0.0163629 -0.165103 0.983481 -0.0742095 -5.6048 80.3552 99.7824 0.515767 0.468776 0.563341 0.443711 1
-0.0373169 -0.258565 1.28756 -0.0309998 0.0746509 0.996728 0.982845 0.183668 0.016812 -0.181812 0.98015 -0.0790639 -5.22998 79.3717 99.6761 0.518074 0.464864 0.568712 0.438254 1
-0.0367401 -0.259394 1.28755 -0.0297097 0.0820117 0.996188 0.983553 0.180038 0.0145111 -0.178162 0.980235 -0.0860117 -4.60806 79.594 99.4673 0.515829 0.468045 0.569157 0.436938 1
-0.0369856 -0.258277 1.28645 -0.0520956 0.0766226 0.995698 0.979067 0.200365 0.0358066 -0.19676 0.97672 -0.0854568 -10.1322 78.256 104.83 0.515464 0.456343 0.578342 0.437685 1
-0.0378698 -0.259091 1.28713 -0.0365809 0.055116 0.99781 0.977583 0.209145 0.0242868 -0.207349 0.97633 -0.0615312 -6.62375 77.8454 100.005 0.527028 0.45161 0.571677 0.43758 1
-0.0380548 -0.258707 1.28775 -0.0244345 0.055303 0.998171 0.977619 0.210025 0.0122951 -0.208961 0.976131 -0.0591971 -3.35033 77.8551 96.6695 0.530658 0.454075 0.568695 0.434515 1
-0.0370721 -0.256178 1.28718 -0.0397232 0.0766745 0.996265 0.946809 0.321534 0.0130055 -0.319335 0.943789 -0.0853685 -2.31625 71.2284 97.0908 0.54691 0.425474 0.601379 0.39775 1
-0.0369921 -0.256432 1.28552 -0.0581314 0.070836 0.995793 0.935707 0.351532 0.0296175 -0.347955 0.933492 -0.0867168 -4.81594 69.3427 99.4846 0.549246 0.411416 0.611633 0.393663 1
-0.0377657 -0.255933 1.28587 -0.059716 0.0517072 0.996875 0.932019 0.360502 0.037132 -0.357455 0.931324 -0.0697198 -5.88078 68.7518 99.4842 0.554767 0.402959 0.610315 0.396704 1
-0.03759 -0.255989 1.28613 -0.0458119 0.0497625 0.99771 0.930424 0.365665 0.0244842 -0.363609 0.929415 -0.0630521 -3.8307 68.5011 97.181 0.560536 0.403601 0.607151 0.392777 1
-0.0381186 -0.256589 1.2856 -0.0774638 0.0304747 0.996529 0.949648 0.30662 0.0644428 -0.303592 0.951344 -0.0526922 -11.8692 71.7406 104.314 0.542325 0.408842 0.599328 0.423719 1
-0.037104 -0.256696 1.28668 -0.0904533 0.0415506 0.995034 0.952989 0.293736 0.0743654 -0.289188 0.954983 -0.0661667 -14.2071 72.3619 107.369 0.533178 0.412909 0.602154 0.427361 1
-0.0363325 -0.256758 1.28567 -0.0591369 0.0771188 0.995267 0.95012 0.310196 0.0324186 -0.306228 0.947539 -0.0916162 -5.96633 71.8271 100.93 0.538387 0.424936 0.604349 0.405378 1
-0.0368015 -0.257508 1.2866 -0.0685692 0.0536315 0.996204 0.950047 0.308269 0.0487962 -0.304482 0.949786 -0.0720901 -8.99478 71.8137 102.691 0.54028 0.416909 0.601857 0.414792 1
-0.0369618 -0.257551 1.28701 -0.086971 0.0534571 0.994776 0.951306 0.300877 0.0670021 -0.295723 0.952164 -0.0770216 -12.5543 72.0464 106.388 0.533124 0.415082 0.605159 0.421032 1
-0.0357167 -0.257823 1.28731 -0.0978005 0.0783043 0.992121 0.953559 0.292744 0.070894 -0.284887 0.952979 -0.103298 -13.6132 72.4699 108.947 0.522409 0.422124 0.611114 0.418855 1
-0.0349227 -0.256937 1.28661 -0.0888623 0.0933312 0.991662 0.957416 0.282579 0.0591983 -0.274698 0.954693 -0.114467 -11.832 73.2191 107.926 0.519435 0.430995 0.609489 0.415877 1
-0.035489 -0.259415 1.28646 -0.091458 0.0834405 0.992307 0.962191 0.264139 0.0664715 -0.256561 0.960868 -0.104443 -14.1254 74.1944 109.62 0.516778 0.432679 0.604161 0.42511 1
-0.0355555 -0.259195 1.28798 -0.0887406 0.0813745 0.992725 0.958906 0.276631 0.0630418 -0.269489 0.957525 -0.102579 -12.838 73.5174 108.226 0.520891 0.429304 0.605795 0.421168 1
-0.0351721 -0.259133 1.28771 -0.0967524 0.085635 0.991618 0.959564 0.272625 0.0700814 -0.264339 0.958302 -0.108549 -14.4164 73.6509 110.103 0.516557 0.429875 0.60785 0.422959 1
-0.0354764 -0.259194 1.28752 -0.110954 0.0606611 0.991973 0.96062 0.262403 0.0914002 -0.254752 0.96305 -0.0873868 -19.2042 73.8671 113.535 0.515767 0.422502 0.604306 0.436223 1
-0.0365203 -0.259173 1.28801 -0.11239 0.0402015 0.992851 0.958629 0.267369 0.0976901 -0.26153 0.962755 -0.0685879 -20.0711 73.4617 113.255 0.52115 0.414979 0.601736 0.440577 1
-0.0347071 -0.259647 1.28848 -0.12649 0.0743364 0.989179 0.968611 0.224376 0.106998 -0.213994 0.971663 -0.100384 -25.4951 75.6064 120.587 0.499375 0.432874 0.602339 0.447697 1
-0.0337998 -0.260061 1.28819 -0.117231 0.0996949 0.988088 0.974929 0.201033 0.0953867 -0.189129 0.974498 -0.120763 -25.3835 77.1432 121.793 0.490673 0.447911 0.599797 0.445936 1
-0.034358 -0.259393 1.28707 -0.081502 0.112844 0.990264 0.974973 0.215231 0.0557173 -0.206848 0.970022 -0.127561 -14.5137 77.1543 111.505 0.501539 0.455749 0.596719 0.429741 1
-0.0351146 -0.258987 1.28934 -0.0624351 0.104343 0.99258 0.976047 0.214057 0.038893 -0.20841 0.971232 -0.115208 -10.298 77.4342 106.677 0.509022 0.457907 0.589852 0.428127 1
-0.0355802 -0.259768 1.29036 -0.0692815 0.0956061 0.993005 0.971657 0.231985 0.0454566 -0.226016 0.96801 -0.108969 -11.0864 76.326 107.042 0.513258 0.449361 0.593767 0.426711 1
-0.0359683 -0.257591 1.29028 -0.070197 0.0827581 0.994094 0.96209 0.268902 0.0455511 -0.263544 0.959606 -0.0984969 -9.61444 74.1731 104.915 0.524454 0.435717 0.599499 0.419165 1
-0.0359789 -0.254345 1.2924 -0.0699754 0.088573 0.993609 0.955905 0.290744 0.0414024 -0.285219 0.952692 -0.105012 -8.10451 72.9218 103.785 0.528147 0.431362 0.605337 0.410554 1
-0.0349143 -0.251847 1.29359 -0.0219755 0.110447 0.993639 0.942881 0.332738 -0.0161324 -0.332404 0.936529 -0.111451 2.77574 70.5412 93.7824 0.547566 0.434953 0.605426 0.380061 1
-0.0345615 -0.248726 1.29342 -0.021631 0.168273 0.985503 0.940303 0.338308 -0.0371267 -0.339651 0.925868 -0.165546 6.26271 70.1025 93.644 0.536454 0.448778 0.617553 0.359784 1
-0.039409 -0.251058 1.29514 0.0308991 0.200312 0.979245 0.941174 0.324006 -0.0959758 -0.336506 0.924605 -0.178517 16.5001 70.2497 84.7536 0.542307 0.470481 0.606553 0.341532 1
-0.0401199 -0.249629 1.29992 0.0943104 0.233679 0.967729 0.939374 0.301006 -0.164231 -0.32967 0.924548 -0.191124 28.6172 69.9467 74.0355 0.548679 0.496092 0.591147 0.321543 1
-0.0432011 -0.248878 1.30277 0.180306 0.26037 0.948524 0.934926 0.254262 -0.247516 -0.305619 0.931428 -0.197581 44.2299 69.2162 59.4606 0.556099 0.530006 0.563812 0.303253 1
-0.044125 -0.244986 1.30648 0.298705 0.302168 0.905246 0.889227 0.256258 -0.378956 -0.346485 0.918165 -0.19215 55.9327 62.7762 49.2354 0.583698 0.555562 0.536121 0.25144 1
-0.045722 -0.244004 1.30886 0.378725 0.295996 0.8769 0.85225 0.257915 -0.455137 -0.360884 0.91971 -0.154584 60.4609 58.4572 43.6182 0.608698 0.564667 0.508373 0.22846 1
-0.0444128 -0.244542 1.31553 0.491067 0.295772 0.819373 0.818501 0.165295 -0.550212 -0.298176 0.940849 -0.160919 73.2786 54.9351 31.2661 0.611442 0.60965 0.456932 0.213728 1
-0.0446953 -0.243963 1.31747 0.574208 0.279819 0.769407 0.776075 0.113283 -0.620383 -0.260755 0.953346 -0.152113 79.6517 50.9026 24.4234 0.619552 0.635027 0.415688 0.200248 1
-0.0457822 -0.241862 1.32283 0.671858 0.25095 0.696872 0.709836 0.0505271 -0.702552 -0.211517 0.96668 -0.144187 85.8864 45.2216 17.4752 0.628132 0.664364 0.361544 0.182639 1
-0.0460895 -0.240818 1.32644 0.7201 0.237566 0.651934 0.664962 0.0321006 -0.746187 -0.198196 0.970841 -0.134857 87.5367 41.6794 15.3887 0.635874 0.675066 0.334237 0.168034 1
-0.0443987 -0.241116 1.33171 0.803159 0.221611 0.553013 0.568171 -0.00569791 -0.822891 -0.179211 0.975118 -0.130489 90.3967 34.6228 12.5785 0.645556 0.696302 0.283563 0.13421 1
-0.043782 -0.239923 1.33375 0.852437 0.249002 0.459726 0.4814 -0.0307686 -0.875961 -0.203971 0.968014 -0.146098 92.0117 28.7769 13.4567 0.647219 0.712268 0.256365 0.0897681 1
-0.0445311 -0.236556 1.33755 0.895541 0.291069 0.336579 0.363025 -0.0404776 -0.9309 -0.257332 0.955846 -0.141914 92.4898 21.2861 16.0319 0.654437 0.720752 0.226879 0.0274877 1
-0.0467575 -0.232952 1.3399 0.919283 0.315922 0.234759 0.254736 -0.0228677 -0.96674 -0.300046 0.948509 -0.101499 91.355 14.758 18.0763 0.669873 0.714781 0.199592 -0.0228349 1
-0.0463092 -0.220636 1.33895 0.922733 0.373666 0.0945372 0.138196 -0.0917696 -0.986144 -0.359813 0.923012 -0.136318 95.3166 7.9435 21.3029 0.650893 0.733284 0.17451 -0.090441 1
-0.0447594 -0.21506 1.34199 0.91416 0.40534 0.00322204 0.0479437 -0.100227 -0.993809 -0.402507 0.908655 -0.111057 95.7589 2.74803 23.764 0.652471 0.728945 0.155459 -0.136939 1
-0.0438074 -0.210994 1.34303 0.896433 0.442376 -0.0266745 0.0154499 -0.0913465 -0.995699 -0.442911 0.892165 -0.0887207 95.2417 0.885248 26.2931 0.655051 0.720503 0.158856 -0.162936 1
-0.043578 -0.206565 1.34248 0.882077 0.470319 -0.027186 0.00043312 -0.0585165 -0.998286 -0.471104 0.880554 -0.0518197 93.3547 0.024816 28.106 0.665534 0.705764 0.166753 -0.176507 1
-0.0409875 -0.189223 1.34329 0.855543 0.516647 -0.0334993 0.00276703 -0.069266 -0.997594 -0.517724 0.853392 -0.0606896 93.9718 0.158539 31.1799 0.656808 0.704539 0.18431 -0.195597 1
-0.0347061 -0.182485 1.34404 0.836315 0.547555 -0.0275775 0.00387542 -0.0562039 -0.998412 -0.548235 0.83488 -0.0491262 93.222 0.222046 33.2463 0.657835 0.696715 0.197868 -0.206617 1
-0.0299852 -0.171783 1.3484 0.804455 0.593496 -0.0248004 0.0201156 -0.0689448 -0.997418 -0.593673 0.801879 -0.0674015 93.9542 1.15261 36.4266 0.645776 0.696563 0.220228 -0.221973 1
-0.0262407 -0.164162 1.34999 0.808855 0.585848 -0.0503569 0.00694306 -0.0951494 -0.995439 -0.587968 0.804816 -0.0810297 95.4601 0.397811 36.0139 0.638881 0.704456 0.210372 -0.226531 1
-0.0169597 -0.155833 1.35256 0.815054 0.578711 -0.0279379 0.0219206 -0.0789866 -0.996635 -0.57897 0.811699 -0.077064 94.5314 1.25606 35.3879 0.644012 0.70198 0.213906 -0.216142 1
-0.010682 -0.142341 1.35868 0.772084 0.633569 -0.0497699 0.049419 -0.13793 -0.989208 -0.633597 0.761292 -0.137804 97.9379 2.83265 39.3734 0.611627 0.71551 0.238637 -0.238769 1
0.000903971 -0.129124 1.35826 0.776458 0.630167 -0.00139313 0.107238 -0.134311 -0.98512 -0.620977 0.764755 -0.171865 97.7638 6.15614 38.6513 0.606276 0.721567 0.255488 -0.215632 1
0.0118705 -0.113508 1.35999 0.784861 0.61956 0.0117152 0.137275 -0.155402 -0.978267 -0.604275 0.769412 -0.207019 99.0263 7.89017 37.5931 0.596331 0.73268 0.258242 -0.202189 1
0.0253018 -0.0987691 1.36424 0.801879 0.597303 -0.014771 0.11695 -0.181153 -0.976476 -0.585929 0.781289 -0.215118 100.51 6.71612 36.1554 0.592792 0.741308 0.240876 -0.202581 1
0.0418004 -0.0839248 1.36915 0.810621 0.585426 -0.0130258 0.131962 -0.204305 -0.969972 -0.570508 0.784561 -0.242868 101.894 7.58298 35.1376 0.583834 0.751298 0.238716 -0.194175 1
0.0483636 -0.0634468 1.37466 0.831445 0.554542 -0.0343842 0.0679204 -0.162867 -0.984307 -0.55144 0.816062 -0.17308 99.3953 3.89455 33.5535 0.611453 0.736103 0.211404 -0.198961 1
0.0614301 -0.046651 1.38138 0.838623 0.543799 -0.0315302 0.080441 -0.180886 -0.980209 -0.53874 0.819489 -0.195439 100.456 4.61392 32.7171 0.604627 0.744135 0.20972 -0.191588 1
0.0734986 -0.0269107 1.38795 0.862603 0.504963 -0.0304709 0.0909888 -0.214119 -0.972561 -0.497632 0.836161 -0.230645 102.416 5.2205 29.9805 0.595365 0.759501 0.196166 -0.173832 1
0.0908132 -0.0105792 1.39787 0.863697 0.503908 0.0102168 0.135027 -0.211812 -0.967938 -0.485587 0.837385 -0.250982 102.343 7.7602 29.3455 0.591799 0.762642 0.209448 -0.15583 1
0.102146 0.000446215 1.4118 0.870956 0.488794 0.0501572 0.161887 -0.189074 -0.968526 -0.463926 0.851664 -0.243805 101.046 9.31646 28.0426 0.599599 0.758919 0.214345 -0.136302 1
0.115112 0.0142369 1.42562 0.854376 0.516513 0.0570604 0.162616 -0.161455 -0.97339 -0.493556 0.84092 -0.221937 99.4178 9.35879 30.0142 0.606421 0.747958 0.226994 -0.145896 1
0.125838 0.0334887 1.43972 0.826175 0.558813 0.0718517 0.172412 -0.129344 -0.976496 -0.536385 0.819145 -0.203207 97.5453 9.92806 32.9932 0.61107 0.73463 0.248841 -0.158084 1
0.13703 0.0518796 1.45735 0.806949 0.581471 0.103558 0.19488 -0.0966161 -0.976057 -0.557543 0.80781 -0.191281 95.6531 11.2377 34.6417 0.616249 0.723679 0.268196 -0.156832 1
0.148746 0.0701898 1.47751 0.773793 0.62159 0.121946 0.199961 -0.0570277 -0.978143 -0.60105 0.781264 -0.168422 93.3367 11.5347 37.8386 0.622162 0.706973 0.290517 -0.169421 1
0.159517 0.0892745 1.4973 0.759775 0.636751 0.131493 0.180975 -0.0128618 -0.983404 -0.624492 0.770962 -0.125008 90.7493 10.4265 39.4183 0.63677 0.688775 0.296804 -0.178941 1
0.170007 0.105849 1.52039 0.742172 0.659749 0.117953 0.135289 0.0248945 -0.990493 -0.656413 0.751074 -0.0707805 88.5603 7.77531 41.4911 0.651208 0.668591 0.297281 -0.201341 1
0.179114 0.120681 1.54539 0.707801 0.695311 0.124742 0.135677 0.0394905 -0.989966 -0.69326 0.717623 -0.0663863 87.7156 7.79777 44.4054 0.648249 0.658539 0.315466 -0.215825 1
0.190367 0.132293 1.56649 0.693383 0.71555 0.0848991 0.116968 0.00448826 -0.993126 -0.711012 0.698547 -0.0805846 89.7411 6.71717 45.7192 0.635863 0.665109 0.312926 -0.235342 1
0.201781 0.143482 1.58935 0.6229 0.77709 0.0901518 0.16122 -0.0147487 -0.986808 -0.765509 0.629217 -0.134469 90.8563 9.27769 50.8645 0.606977 0.665605 0.352428 -0.253663 1
0.216714 0.154514 1.60867 0.586534 0.807244 0.065839 0.163334 -0.0382723 -0.985828 -0.793284 0.588976 -0.154298 92.2232 9.40047 53.5217 0.590331 0.666915 0.363831 -0.27269 0
0.229854 0.161327 1.6304 0.568755 0.821766 0.0348955 0.150748 -0.06244 -0.986598 -0.808574 0.566394 -0.159393 93.6213 8.67029 54.8772 0.580285 0.669064 0.363386 -0.28909 0
0.238253 0.169342 1.65199 0.546347 0.837483 -0.0112848 0.152324 -0.112602 -0.981895 -0.823591 0.534736 -0.189088 96.542 8.76161 56.4408 0.557821 0.679713 0.364053 -0.30707 1
0.241053 0.180479 1.67128 0.527446 0.846565 -0.0716207 0.141793 -0.170833 -0.975044 -0.837673 0.504127 -0.210142 99.9377 8.15159 57.8032 0.535367 0.690728 0.357723 -0.329107 1
0.244531 0.194059 1.69143 0.479909 0.864837 -0.147457 0.109919 -0.226025 -0.9679 -0.870405 0.448295 -0.203534 103.144 6.31067 61.1293 0.512433 0.690917 0.352704 -0.368301 1
0.251389 0.210924 1.7094 0.438043 0.87732 -0.196032 0.140278 -0.282105 -0.949073 -0.887942 0.388236 -0.246642 106.554 8.06392 63.7418 0.476785 0.701211 0.3628 -0.386465 1
0.257915 0.224216 1.72564 0.413361 0.87914 -0.237163 0.155747 -0.324881 -0.932843 -0.897149 0.348663 -0.271216 109.202 8.9601 65.2621 0.452013 0.708777 0.365025 -0.400095 1
0.263651 0.239682 1.74526 0.400716 0.85473 -0.329943 0.136844 -0.411916 -0.900888 -0.905925 0.31585 -0.282026 114.571 7.86524 66.1388 0.420349 0.723647 0.342561 -0.426958 1
0.26736 0.260145 1.75625 0.35334 0.872082 -0.338563 0.156106 -0.411798 -0.897805 -0.922378 0.264378 -0.281642 114.64 8.98095 69.0394 0.406171 0.715329 0.359341 -0.440686 1
0.268286 0.273914 1.76489 0.34729 0.866034 -0.359687 0.138085 -0.426607 -0.893834 -0.927535 0.260752 -0.267743 115.514 7.93707 69.473 0.404024 0.71443 0.351371 -0.450437 1
0.26799 0.290287 1.77439 0.393398 0.842217 -0.368657 0.118712 -0.444166 -0.888045 -0.911672 0.305592 -0.274715 116.572 6.81776 66.6592 0.410645 0.726684 0.330587 -0.440469 1
0.272637 0.304026 1.7798 0.457509 0.849039 -0.264232 0.206033 -0.390287 -0.897344 -0.865006 0.356103 -0.35349 113.506 11.89 62.1253 0.422413 0.741837 0.355561 -0.380555 1
0.274242 0.316856 1.78769 0.487244 0.841829 -0.232199 0.224831 -0.377864 -0.898148 -0.843827 0.385412 -0.373382 112.817 12.993 59.9969 0.428952 0.748079 0.356466 -0.359596 1
0.272365 0.328213 1.79665 0.546278 0.811342 -0.208099 0.209181 -0.372722 -0.904058 -0.811063 0.450337 -0.373327 112.405 12.0744 56.0384 0.447278 0.757022 0.337019 -0.33657 1
0.272616 0.335841 1.80011 0.580473 0.793295 -0.18367 0.214838 -0.366773 -0.905164 -0.785427 0.485964 -0.383332 112.058 12.4061 53.5336 0.455623 0.763312 0.330184 -0.317399 1
0.272974 0.343579 1.80212 0.656014 0.73891 -0.153809 0.204544 -0.370218 -0.906146 -0.726503 0.562984 -0.394008 112.223 11.8028 47.9187 0.472173 0.777856 0.303223 -0.282929 1
0.272873 0.358311 1.80296 0.651225 0.749435 -0.119389 0.16232 -0.291239 -0.942779 -0.741322 0.594582 -0.311311 107.167 9.3416 48.7019 0.512024 0.750629 0.303664 -0.286664 1
0.27385 0.362032 1.80386 0.665365 0.734986 -0.130707 0.110462 -0.270094 -0.956477 -0.7383 0.621968 -0.260899 105.769 6.34193 47.9744 0.532535 0.741006 0.285237 -0.293185 1
0.275126 0.370296 1.80451 0.682884 0.714445 -0.152442 0.0926781 -0.291715 -0.952005 -0.724625 0.63598 -0.26542 107.036 5.3177 46.6987 0.530506 0.748335 0.26964 -0.293006 1
0.274276 0.371733 1.8033 0.660188 0.742376 -0.114148 0.138543 -0.269726 -0.952918 -0.738212 0.613291 -0.280921 105.804 7.96355 48.1935 0.526674 0.743444 0.296229 -0.286626 1
0.274966 0.372958 1.80495 0.650925 0.752855 -0.0975027 0.173572 -0.272632 -0.946332 -0.739033 0.599067 -0.308138 106.071 9.99559 48.6271 0.517241 0.746943 0.310073 -0.279986 1
0.277649 0.373296 1.80352 0.656887 0.75398 -0.00381555 0.259159 -0.230532 -0.937919 -0.708051 0.615117 -0.346834 103.809 15.0202 47.1467 0.5195 0.747371 0.338901 -0.238124 1
0.283202 0.370118 1.80397 0.609477 0.792575 0.0190441 0.322985 -0.22629 -0.918952 -0.724029 0.566231 -0.393909 103.834 18.8436 49.9098 0.497312 0.746605 0.373545 -0.236064 1
0.281436 0.371125 1.80618 0.577369 0.815231 0.0452118 0.35306 -0.199351 -0.914116 -0.736202 0.543744 -0.402925 102.303 20.6746 51.8946 0.493734 0.738181 0.395666 -0.234018 1
0.282157 0.371173 1.80508 0.569395 0.820252 0.0545486 0.352759 -0.183861 -0.917473 -0.74253 0.541647 -0.394041 101.332 20.6562 52.5179 0.497869 0.732683 0.400245 -0.234747 1
0.283903 0.369674 1.80099 0.566197 0.824225 0.00859158 0.342798 -0.225978 -0.911824 -0.749607 0.519217 -0.410491 103.919 20.0474 52.9353 0.482112 0.742069 0.393165 -0.249645 1
0.284622 0.369144 1.80062 0.555974 0.830047 -0.0437597 0.326092 -0.26624 -0.907073 -0.764564 0.490039 -0.418694 106.358 19.0317 53.9762 0.466648 0.748483 0.386161 -0.269987 1
0.282263 0.368578 1.80203 0.601142 0.799119 -0.00605488 0.346044 -0.267128 -0.899387 -0.720335 0.538564 -0.437112 106.542 20.2455 50.1539 0.473525 0.759174 0.377108 -0.239204 1
0.278994 0.368608 1.80328 0.621151 0.783249 -0.0262958 0.336204 -0.296634 -0.893854 -0.707911 0.546378 -0.447586 108.359 19.6458 48.7349 0.468223 0.768988 0.363937 -0.238692 1
0.279845 0.36701 1.80393 0.650098 0.757106 -0.064526 0.312334 -0.343669 -0.885629 -0.692691 0.555592 -0.459888 111.209 18.1999 46.8168 0.460038 0.783207 0.341365 -0.241704 1
0.2829 0.368008 1.80649 0.681063 0.728258 -0.0761108 0.27865 -0.3539 -0.892809 -0.677132 0.586851 -0.443958 111.623 16.1797 44.8341 0.469895 0.787229 0.319763 -0.239207 1
0.280829 0.369493 1.80847 0.695375 0.71532 -0.069068 0.260945 -0.340875 -0.903167 -0.669598 0.610017 -0.423696 110.678 15.1262 43.9181 0.482391 0.784211 0.311226 -0.235481 1
0.280934 0.370206 1.80737 0.704526 0.708133 -0.0468135 0.247251 -0.306752 -0.919114 -0.665215 0.635965 -0.391201 108.456 14.3149 43.3561 0.50164 0.774997 0.30819 -0.229688 1
0.280712 0.371647 1.80824 0.700635 0.711151 -0.058096 0.22969 -0.301881 -0.925263 -0.675539 0.634927 -0.374852 108.07 13.2788 43.9553 0.50594 0.770936 0.305097 -0.237904 1
0.279263 0.37029 1.80558 0.66431 0.746938 0.0278587 0.297857 -0.230355 -0.9264 -0.685546 0.623715 -0.375508 103.964 17.3289 45.9013 0.514404 0.753355 0.346714 -0.218253 0
0.281098 0.371109 1.80622 0.660108 0.751103 0.010035 0.287923 -0.240658 -0.926922 -0.693799 0.614758 -0.37512 104.554 16.7337 46.4255 0.510962 0.754302 0.344367 -0.226621 0
0.278948 0.373885 1.80882 0.691391 0.722383 -0.0119155 0.253008 -0.257535 -0.932557 -0.676732 0.641746 -0.360826 105.438 14.6556 44.3861 0.517936 0.759893 0.320897 -0.226561 0
0.27967 0.37226 1.80883 0.646036 0.763038 0.0202547 0.299969 -0.229393 -0.925958 -0.701895 0.604278 -0.377084 103.914 17.4557 47.373 0.509794 0.750419 0.354138 -0.227087 0
0.279687 0.373895 1.80585 0.643962 0.76452 -0.0286824 0.257053 -0.251525 -0.933091 -0.720581 0.593502 -0.358495 105.086 14.8953 48.2138 0.508415 0.750663 0.340224 -0.249534 0
0.281874 0.37321 1.80756 0.630051 0.775762 -0.035069 0.246405 -0.242541 -0.938328 -0.736424 0.582553 -0.343965 104.493 14.2649 49.4512 0.51077 0.744405 0.343283 -0.259097 0
0.282352 0.374084 1.80656 0.584021 0.811379 -0.0241545 0.269455 -0.221848 -0.937111 -0.765711 0.540784 -0.348194 103.319 15.6318 52.6666 0.503483 0.733836 0.368214 -0.269088 0
0.280715 0.374233 1.80597 0.609953 0.791122 -0.0456319 0.253363 -0.249256 -0.934708 -0.750842 0.558567 -0.352476 104.931 14.6766 50.911 0.502051 0.743587 0.351165 -0.267781 0
0.281694 0.375287 1.80864 0.618706 0.784748 -0.0370641 0.256624 -0.246466 -0.934558 -0.742527 0.568705 -0.353876 104.774 14.8699 50.1975 0.50457 0.744823 0.349537 -0.26167 0
0.282032 0.374416 1.80652 0.606622 0.794087 -0.037887 0.267842 -0.249018 -0.930726 -0.748512 0.554451 -0.36375 104.979 15.5359 50.9774 0.498461 0.744881 0.356409 -0.263934 0
0.280334 0.374282 1.80708 0.640252 0.767546 -0.0308348 0.259757 -0.254105 -0.931642 -0.722913 0.588476 -0.362067 105.256 15.0557 48.4701 0.505984 0.75107 0.341946 -0.250891 0
0.279223 0.374067 1.81064 0.672752 0.739363 -0.0273287 0.259251 -0.270168 -0.927253 -0.69296 0.616726 -0.373436 106.244 15.0256 45.8478 0.507235 0.760979 0.328069 -0.236632 0
0.279615 0.37478 1.80702 0.664893 0.746841 0.0120609 0.282403 -0.236402 -0.929711 -0.691495 0.621565 -0.368092 104.266 16.4037 46.1236 0.514879 0.753224 0.341613 -0.225509 0
0.2792 0.374717 1.80752 0.655842 0.75479 0.0127895 0.281577 -0.228874 -0.931843 -0.700419 0.614743 -0.362637 103.8 16.3543 46.8825 0.515832 0.749559 0.345659 -0.229345 0
0.277682 0.375487 1.81015 0.672127 0.740085 0.0227916 0.282144 -0.227534 -0.932 -0.684573 0.632852 -0.361742 103.72 16.3882 45.5256 0.520301 0.751898 0.339883 -0.220037 0
0.281424 0.376215 1.8108 0.682746 0.730066 -0.0293547 0.233388 -0.25598 -0.938086 -0.692379 0.633623 -0.345158 105.263 13.4966 45.4013 0.520002 0.755626 0.31876 -0.238787 0
0.28189 0.371839 1.80683 0.653438 0.755062 -0.0538458 0.265502 -0.295219 -0.917799 -0.708891 0.585429 -0.393378 107.831 15.3968 47.3309 0.491132 0.765185 0.333437 -0.2492 0
0.280508 0.372722 1.8075 0.636516 0.768812 -0.061446 0.260602 -0.289372 -0.921059 -0.725902 0.570256 -0.384544 107.441 15.1058 48.7537 0.490561 0.760005 0.33862 -0.258994 0
0.279427 0.374332 1.80877 0.643074 0.764829 -0.0386409 0.249109 -0.256633 -0.933855 -0.724156 0.590911 -0.355559 105.366 14.4248 48.3939 0.507662 0.750877 0.337584 -0.253968 0
0.279579 0.374131 1.80911 0.662506 0.748435 -0.0304936 0.242727 -0.253016 -0.936518 -0.708639 0.613048 -0.34929 105.118 14.0476 46.927 0.51483 0.752465 0.329305 -0.24557 0
0.278403 0.374014 1.80822 0.686418 0.726893 -0.0213739 0.242324 -0.256345 -0.935717 -0.685645 0.637114 -0.352104 105.321 14.0237 44.9677 0.519127 0.757441 0.319898 -0.233358 0
0.279315 0.37601 1.81048 0.696008 0.717933 -0.0120279 0.232626 -0.241307 -0.942155 -0.679307 0.65295 -0.334961 104.366 13.4517 44.3042 0.529089 0.753704 0.315296 -0.229312 0
0.279651 0.374466 1.80874 0.72425 0.686602 -0.0635574 0.192369 -0.289707 -0.937584 -0.66216 0.666819 -0.341901 107.171 11.091 42.4358 0.522648 0.76744 0.286332 -0.236409 0
0.280281 0.375485 1.80935 0.690839 0.722189 -0.0344209 0.209756 -0.245756 -0.946365 -0.691914 0.646566 -0.321261 104.557 12.108 45.0445 0.530052 0.751308 0.310107 -0.24169 0
0.27989 0.376005 1.80978 0.659467 0.751335 0.0244749 0.259597 -0.197059 -0.945398 -0.705488 0.629812 -0.324998 101.774 15.0462 46.9311 0.533247 0.738499 0.342225 -0.23054 0
0.279072 0.377284 1.8097 0.66459 0.747191 0.00510421 0.235414 -0.202897 -0.950481 -0.709155 0.632882 -0.310742 102.05 13.616 46.858 0.536412 0.737941 0.332887 -0.238518 0
0.280163 0.373826 1.80813 0.62147 0.783008 0.025943 0.293953 -0.202359 -0.934153 -0.7262 0.588174 -0.355928 102.223 17.0948 49.4436 0.515554 0.7382 0.364726 -0.23715 0
0.279194 0.374141 1.80593 0.636511 0.771137 0.014195 0.288133 -0.220677 -0.931816 -0.715426 0.597201 -0.362653 103.324 16.7462 48.3407 0.513123 0.744956 0.35548 -0.235326 0
0.280239 0.374757 1.80654 0.610221 0.79222 0.00429516 0.291824 -0.219735 -0.930889 -0.736525 0.569301 -0.365276 103.281 16.9672 50.3578 0.506263 0.740816 0.365828 -0.247103 0
0.279461 0.375998 1.80751 0.603167 0.797608 -0.00325993 0.273881 -0.21095 -0.938344 -0.749118 0.565086 -0.345688 102.67 15.8953 51.16 0.5115 0.734814 0.364544 -0.255976 0
0.281501 0.375113 1.80754 0.554683 0.831716 -0.0239861 0.278742 -0.212904 -0.936469 -0.783983 0.512758 -0.349929 102.808 16.1852 54.7198 0.497958 0.727584 0.381556 -0.27762 0
0.284175 0.372056 1.8062 0.537965 0.842692 -0.0215253 0.302284 -0.216686 -0.928263 -0.786904 0.492866 -0.371302 103.139 17.5948 55.6416 0.487334 0.729032 0.392636 -0.277227 0
0.283673 0.373535 1.80512 0.529682 0.846743 -0.049644 0.285445 -0.233064 -0.929625 -0.798723 0.478234 -0.365148 104.074 16.5855 56.4492 0.482563 0.729365 0.388073 -0.29079 0
0.282673 0.375013 1.80577 0.511434 0.857519 -0.0556426 0.282125 -0.228719 -0.931715 -0.81169 0.460812 -0.358902 103.792 16.387 57.7856 0.480576 0.724406 0.393303 -0.299326 0
0.282468 0.374964 1.80401 0.481404 0.875439 -0.0431032 0.291071 -0.206059 -0.934247 -0.826758 0.437204 -0.354012 102.438 16.9221 59.7886 0.47993 0.714401 0.408213 -0.304402 0
0.282178 0.37582 1.80235 0.44574 0.895162 0.000299223 0.330837 -0.164427 -0.929253 -0.831783