205,-0.00529087,0.974339,-0.225024,-0.512932,0.263416,-0.285005,1.017,-0.184557,-0.29482,1.014,0.0349142,0.511659,1.425,0,-0.272282,-0.223964,1.30314
207,-0.00529087,0.974339,-0.225024,-0.512932,0.263416,-0.285005,1.017,-0.184557,-0.29482,1.014,0.0349142,0.511659,1.425,0,-0.273466,-0.223081,1.30794
208,-0.00529087,0.974339,-0.225024,-0.512932,0.263416,-0.285005,1.017,-0.184557,-0.29482,1.014,0.0349142,0.511659,1.425,0,-0.271376,-0.224112,1.30273
210,-0.00529087,0.974339,-0.225024,-0.512932,0.263416,-0.285005,1.017,-0.184557,-0.29482,1.014,0.0349142,0.511659,1.425,0,-0.271951,-0.223204,1.3043
211,-0.00529087,0.974339,-0.225024,-0.512932,0.263416,-0.285005,1.017,-0.184557,-0.29482,1.014,0.0349142,0.511659,1.425,0,-0.271636,-0.225154,1.3011
213,-0.00529087,0.974339,-0.225024,-0.512932,0.263416,-0.285005,1.017,-0.184557,-0.29482,1.014,0.0349142,0.511659,1.425,0,-0.271632,-0.224338,1.30257
214,-0.00529087,0.974339,-0.225024,-0.512932,0.263416,-0.285005,1.017,-0.184557,-0.29482,1.014,0.0349142,0.511659,1.425,0,-0.274362,-0.222862,1.30759
216,-0.00529087,0.974339,-0.225024,-0.512932,0.263416,-0.285005,1.017,-0.184557,-0.29482,1.014,0.0349142,0.511659,1.425,0,-0.271628,-0.223943,1.30158
218,-0.00529087,0.974339,-0.225024,-0.512932,0.263416,-0.285005,1.017,-0.184557,-0.29482,1.014,0.0349142,0.511659,1.425,0,-0.275119,-0.223894,1.30578
219,-0.00529087,0.974339,-0.225024,-0.512932,0.263416,-0.285005,1.017,-0.184557,-0.29482,1.014,0.0349142,0.511659,1.425,0,-0.271717,-0.224964,1.30013
221,-0.00529087,0.974339,-0.225024,-0.512932,0.263416,-0.285005,1.017,-0.184557,-0.29482,1.014,0.0349142,0.511659,1.425,0,-0.272545,-0.224208,1.30331
223,-0.00529087,0.974339,-0.225024,-0.512932,0.263416,-0.285005,1.017,-0.184557,-0.29482,1.014,0.0349142,0.511659,1.425,0,-0.266328,-0.224503,1.29953
224,-0.00529087,0.974339,-0.225024,-0.512932,0.263416,-0.285005,1.017,-0.184557,-0.29482,1.014,0.0349142,0.511659,1.425,0,-0.272471,-0.223983,1.30304
226,-0.00529087,0.974339,-0.225024,-0.512932,0.263416,-0.285005,1.017,-0.184557,-0.29482,1.014,0.0349142,0.511659,1.425,0,-0.275559,-0.222743,1.30715
228,-0.00529087,0.974339,-0.225024,-0.512932,0.263416,-0.285005,1.017,-0.184557,-0.29482,1.014,0.0349142,0.511659,1.425,0,-0.271682,-0.224222,1.30349
229,-0.00529087,0.974339,-0.225024,-0.512932,0.263416,-0.285005,1.017,-0.184557,-0.29482,1.014,0.0349142,0.511659,1.425,0,-0.273484,-0.224213,1.30441
231,-0.00529087,0.974339,-0.225024,-0.512932,0.263416,-0.285005,1.017,-0.184557,-0.29482,1.014,0.0349142,0.511659,1.425,0,-0.275051,-0.223807,1.30605
232,-0.00529087,0.974339,-0.225024,-0.512932,0.263416,-0.285005,1.017,-0.184557,-0.29482,1.014,0.0349142,0.511659,1.425,0,-0.274397,-0.224001,1.30568
234,-0.00529087,0.974339,-0.225024,-0.512932,0.263416,-0.285005,1.017,-0.184557,-0.29482,1.014,0.0349142,0.511659,1.425,0,-0.275151,-0.223044,1.3075
235,-0.00529087,0.974339,-0.225024,-0.512932,0.263416,-0.285005,1.017,-0.184557,-0.29482,1.014,0.0349142,0.511659,1.425,0,-0.277528,-0.222577,1.31054
237,-0.00529087,0.974339,-0.225024,-0.512932,0.263416,-0.285005,1.017,-0.184557,-0.29482,1.014,0.0349142,0.511659,1.425,0,-0.275066,-0.223815,1.30589
238,-0.00529087,0.974339,-0.225024,-0.512932,0.263416,-0.285005,1.017,-0.184557,-0.29482,1.014,0.0349142,0.511659,1.425,0,-0.273525,-0.223954,1.30359
240,-0.00529087,0.974339,-0.225024,-0.512932,0.263416,-0.285005,1.017,-0.184557,-0.29482,1.014,0.0349142,0.511659,1.425,1,-0.274037,-0.224341,1.3037
242,-0.00529087,0.974339,-0.225024,-0.512932,0.263416,-0.285005,1.017,-0.184557,-0.29482,1.014,0.0349142,0.511659,1.425,1,-0.275033,-0.222563,1.30825
243,-0.00529087,0.974339,-0.225024,-0.512932,0.263416,-0.285005,1.017,-0.184557,-0.29482,1.014,0.0349142,0.511659,1.425,1,-0.279704,-0.221759,1.30911
245,-0.00529087,0.974339,-0.225024,-0.512932,0.263416,-0.285005,1.017,-0.184557,-0.29482,1.014,0.0349142,0.511659,1.425,1,-0.270095,-0.224524,1.29966
247,-0.00529087,0.974339,-0.225024,-0.512932,0.263416,-0.285005,1.017,-0.184557,-0.29482,1.014,0.0349142,0.511659,1.425,1,-0.271512,-0.223799,1.29956
249,-0.00529087,0.974339,-0.225024,-0.512932,0.263416,-0.285005,1.017,-0.184557,-0.29482,1.014,0.0349142,0.511659,1.425,1,-0.2776,-0.222122,1.30601
250,-0.00529087,0.974339,-0.225024,-0.512932,0.263416,-0.285005,1.017,-0.184557,-0.29482,1.014,0.0349142,0.511659,1.425,1,-0.27895,-0.222214,1.30815
252,-0.00529087,0.974339,-0.225024,-0.512932,0.263416,-0.285005,1.017,-0.184557,-0.29482,1.014,0.0349142,0.511659,1.425,1,-0.281238,-0.21949,1.30752
255,-0.00529087,0.974339,-0.225024,-0.512932,0.263416,-0.285005,1.017,-0.184557,-0.29482,1.014,0.0349142,0.511659,1.425,1,-0.282491,-0.218288,1.31166
256,-0.00529087,0.974339,-0.225024,-0.512932,0.263416,-0.285005,1.017,-0.184557,-0.29482,1.014,0.0349142,0.511659,1.425,1,-0.266378,-0.225066,1.29454
258,-0.00529087,0.974339,-0.225024,-0.512932,0.263416,-0.285005,1.017,-0.184557,-0.29482,1.014,0.0349142,0.511659,1.425,1,-0.271373,-0.224366,1.29743
260,-0.00529087,0.974339,-0.225024,-0.512932,0.263416,-0.285005,1.017,-0.184557,-0.29482,1.014,0.0349142,0.511659,1.425,1,-0.27487,-0.221848,1.30388
261,-0.00529087,0.974339,-0.225024,-0.512932,0.263416,-0.285005,1.017,-0.184557,-0.29482,1.014,0.0349142,0.511659,1.425,1,-0.279887,-0.221514,1.3041
263,-0.00529087,0.974339,-0.225024,-0.512932,0.263416,-0.285005,1.017,-0.184557,-0.29482,1.014,0.0349142,0.511659,1.425,1,-0.271517,-0.224609,1.29769
265,-0.00529087,0.974339,-0.225024,-0.512932,0.263416,-0.285005,1.017,-0.184557,-0.29482,1.014,0.0349142,0.511659,1.425,1,-0.272708,-0.223175,1.30163
266,-0.00529087,0.974339,-0.225024,-0.512932,0.263416,-0.285005,1.017,-0.184557,-0.29482,1.014,0.0349142,0.511659,1.425,1,-0.266862,-0.223884,1.29316
268,-0.00529087,0.974339,-0.225024,-0.512932,0.263416,-0.285005,1.017,-0.184557,-0.29482,1.014,0.0349142,0.511659,1.425,1,-0.268049,-0.219634,1.29275
270,-0.00529087,0.974339,-0.225024,-0.512932,0.263416,-0.285005,1.017,-0.184557,-0.29482,1.014,0.0349142,0.511659,1.425,1,-0.267662,-0.218109,1.28585
271,-0.00529087,0.974339,-0.225024,-0.512932,0.263416,-0.285005,1.017,-0.184557,-0.29482,1.014,0.0349142,0.511659,1.425,1,-0.253221,-0.210811,1.27076
273,-0.00529087,0.974339,-0.225024,-0.512932,0.263416,-0.285005,1.017,-0.184557,-0.29482,1.014,0.0349142,0.511659,1.425,1,-0.253397,-0.205653,1.26801
274,-0.00529087,0.974339,-0.225024,-0.512932,0.263416,-0.285005,1.017,-0.184557,-0.29482,1.014,0.0349142,0.511659,1.425,1,-0.25665,-0.197297,1.26272
276,-0.00529087,0.974339,-0.225024,-0.512932,0.263416,-0.285005,1.017,-0.184557,-0.29482,1.014,0.0349142,0.511659,1.425,1,-0.244353,-0.195055,1.23523
278,-0.00529087,0.974339,-0.225024,-0.512932,0.263416,-0.285005,1.017,-0.184557,-0.29482,1.014,0.0349142,0.511659,1.425,1,-0.247578,-0.188988,1.23609
279,-0.00529087,0.974339,-0.225024,-0.512932,0.263416,-0.285005,1.017,-0.184557,-0.29482,1.014,0.0349142,0.511659,1.425,1,-0.244564,-0.185775,1.2205
281,-0.00529087,0.974339,-0.225024,-0.512932,0.263416,-0.285005,1.017,-0.184557,-0.29482,1.014,0.0349142,0.511659,1.425,1,-0.239042,-0.185442,1.19972
283,-0.00529087,0.974339,-0.225024,-0.512932,0.263416,-0.285005,1.017,-0.184557,-0.29482,1.014,0.0349142,0.511659,1.425,1,-0.237083,-0.185171,1.19213
284,-0.00529087,0.974339,-0.225024,-0.512932,0.263416,-0.285005,1.017,-0.184557,-0.29482,1.014,0.0349142,0.511659,1.425,1,-0.228004,-0.184927,1.17079
286,-0.00529087,0.974339,-0.225024,-0.512932,0.263416,-0.285005,1.017,-0.184557,-0.29482,1.014,0.0349142,0.511659,1.425,1,-0.222885,-0.185012,1.15488
288,-0.00529087,0.974339,-0.225024,-0.512932,0.263416,-0.285005,1.017,-0.184557,-0.29482,1.014,0.0349142,0.511659,1.425,1,-0.218837,-0.186494,1.14035
289,-0.00529087,0.974339,-0.225024,-0.512932,0.263416,-0.285005,1.017,-0.184557,-0.29482,1.014,0.0349142,0.511659,1.425,1,-0.216618,-0.190782,1.12531
291,-0.00529087,0.974339,-0.225024,-0.512932,0.263416,-0.285005,1.017,-0.184557,-0.29482,1.014,0.0349142,0.511659,1.425,1,-0.218071,-0.189492,1.11204
293,-0.00529087,0.974339,-0.225024,-0.512932,0.263416,-0.285005,1.017,-0.184557,-0.29482,1.014,0.0349142,0.511659,1.425,1,-0.207574,-0.195144,1.09399
295,-0.00529087,0.974339,-0.225024,-0.512932,0.263416,-0.285005,1.017,-0.184557,-0.29482,1.014,0.0349142,0.511659,1.425,1,-0.202222,-0.199273,1.07472
296,-0.00529087,0.974339,-0.225024,-0.512932,0.263416,-0.285005,1.017,-0.184557,-0.29482,1.014,0.0349142,0.511659,1.425,1,-0.200856,-0.201608,1.05804
298,-0.00529087,0.974339,-0.225024,-0.512932,0.263416,-0.285005,1.017,-0.184557,-0.29482,1.014,0.0349142,0.511659,1.425,1,-0.200109,-0.203703,1.04804
300,-0.00529087,0.974339,-0.225024,-0.512932,0.263416,-0.285005,1.017,-0.184557,-0.29482,1.014,0.0349142,0.511659,1.425,1,-0.200111,-0.205061,1.04093
302,-0.00529087,0.974339,-0.225024,-0.512932,0.263416,-0.285005,1.017,-0.184557,-0.29482,1.014,0.0349142,0.511659,1.425,1,-0.204795,-0.198235,1.04005
305,-0.00529087,0.974339,-0.225024,-0.512932,0.263416,-0.285005,1.017,-0.184557,-0.29482,1.014,0.0349142,0.511659,1.425,1,-0.197433,-0.202569,1.03001
307,-0.00529087,0.974339,-0.225024,-0.512932,0.263416,-0.285005,1.017,-0.184557,-0.29482,1.014,0.0349142,0.511659,1.425,1,-0.189676,-0.20373,1.02227
309,-0.00529087,0.974339,-0.225024,-0.512932,0.263416,-0.285005,1.017,-0.184557,-0.29482,1.014,0.0349142,0.511659,1.425,1,-0.185593,-0.20091,1.02187
311,-0.00529087,0.974339,-0.225024,-0.512932,0.263416,-0.285005,1.017,-0.184557,-0.29482,1.014,0.0349142,0.511659,1.425,1,-0.183028,-0.194796,1.02481
313,-0.00529087,0.974339,-0.225024,-0.512932,0.263416,-0.285005,1.017,-0.184557,-0.29482,1.014,0.0349142,0.511659,1.425,1,-0.182958,-0.190382,1.02232
316,-0.00529087,0.974339,-0.225024,-0.512932,0.263416,-0.285005,1.017,-0.184557,-0.29482,1.014,0.0349142,0.511659,1.425,1,-0.182158,-0.186065,1.01584
318,-0.00529087,0.974339,-0.225024,-0.512932,0.263416,-0.285005,1.017,-0.184557,-0.29482,1.014,0.0349142,0.511659,1.425,1,-0.174437,-0.18887,1.00987
320,-0.00529087,0.974339,-0.225024,-0.512932,0.263416,-0.285005,1.017,-0.184557,-0.29482,1.014,0.0349142,0.511659,1.425,1,-0.172818,-0.184645,1.00909
322,-0.00529087,0.974339,-0.225024,-0.512932,0.263416,-0.285005,1.017,-0.184557,-0.29482,1.014,0.0349142,0.511659,1.425,1,-0.17078,-0.190299,1.00507
324,-0.00529087,0.974339,-0.225024,-0.512932,0.263416,-0.285005,1.017,-0.184557,-0.29482,1.014,0.0349142,0.511659,1.425,1,-0.168917,-0.215192,0.994635
326,-0.00529087,0.974339,-0.225024,-0.512932,0.263416,-0.285005,1.017,-0.184557,-0.29482,1.014,0.0349142,0.511659,1.425,1,-0.185289,-0.213979,1.00468
328,-0.00529087,0.974339,-0.225024,-0.512932,0.263416,-0.285005,1.017,-0.184557,-0.29482,1.014,0.0349142,0.511659,1.425,1,-0.210947,-0.224349,1.01564
329,-0.00529087,0.974339,-0.225024,-0.512932,0.263416,-0.285005,1.017,-0.184557,-0.29482,1.014,0.0349142,0.511659,1.425,1,-0.20109,-0.233193,0.984309
331,-0.00529087,0.974339,-0.225024,-0.512932,0.263416,-0.285005,1.017,-0.184557,-0.29482,1.014,0.0349142,0.511659,1.425,1,-0.201469,-0.247507,1.00308
333,-0.00529087,0.974339,-0.225024,-0.512932,0.263416,-0.285005,1.017,-0.184557,-0.29482,1.014,0.0349142,0.511659,1.425,1,-0.198388,-0.248229,1.00299
335,-0.00529087,0.974339,-0.225024,-0.512932,0.263416,-0.285005,1.017,-0.184557,-0.29482,1.014,0.0349142,0.511659,1.425,1,-0.201295,-0.246007,1.00191
337,-0.00529087,0.974339,-0.225024,-0.512932,0.263416,-0.285005,1.017,-0.184557,-0.29482,1.014,0.0349142,0.511659,1.425,1,-0.199606,-0.244695,1.00317
339,-0.00529087,0.974339,-0.225024,-0.512932,0.263416,-0.285005,1.017,-0.184557,-0.29482,1.014,0.0349142,0.511659,1.425,1,-0.19614,-0.238442,1.00556
341,-0.00529087,0.974339,-0.225024,-0.512932,0.263416,-0.285005,1.017,-0.184557,-0.29482,1.014,0.0349142,0.511659,1.425,1,-0.206736,-0.214418,1.01225
344,-0.00529087,0.974339,-0.225024,-0.512932,0.263416,-0.285005,1.017,-0.184557,-0.29482,1.014,0.0349142,0.511659,1.425,1,-0.207768,-0.190315,1.00735
347,-0.00529087,0.974339,-0.225024,-0.512932,0.263416,-0.285005,1.017,-0.184557,-0.29482,1.014,0.0349142,0.511659,1.425,1,-0.203855,-0.1737,1.00529
349,-0.00529087,0.974339,-0.225024,-0.512932,0.263416,-0.285005,1.017,-0.184557,-0.29482,1.014,0.0349142,0.511659,1.425,1,-0.189761,-0.172406,1.0017
352,-0.00529087,0.974339,-0.225024,-0.512932,0.263416,-0.285005,1.017,-0.184557,-0.29482,1.014,0.0349142,0.511659,1.425,1,-0.172502,-0.181871,0.993752
354,-0.00529087,0.974339,-0.225024,-0.512932,0.263416,-0.285005,1.017,-0.184557,-0.29482,1.014,0.0349142,0.511659,1.425,1,-0.175135,-0.172042,1.00031
357,-0.00529087,0.974339,-0.225024,-0.512932,0.263416,-0.285005,1.017,-0.184557,-0.29482,1.014,0.0349142,0.511659,1.425,1,-0.165636,-0.179586,0.996577
359,-0.00529087,0.974339,-0.225024,-0.512932,0.263416,-0.285005,1.017,-0.184557,-0.29482,1.014,0.0349142,0.511659,1.425,1,-0.162692,-0.18419,0.994257
362,-0.00529087,0.974339,-0.225024,-0.512932,0.263416,-0.285005,1.017,-0.184557,-0.29482,1.014,0.0349142,0.511659,1.425,1,-0.174029,-0.205914,1.00157
364,-0.00529087,0.974339,-0.225024,-0.512932,0.263416,-0.285005,1.017,-0.184557,-0.29482,1.014,0.0349142,0.511659,1.425,1,-0.181523,-0.234704,0.993572
366,-0.00529087,0.974339,-0.225024,-0.512932,0.263416,-0.285005,1.017,-0.184557,-0.29482,1.014,0.0349142,0.511659,1.425,1,-0.193973,-0.238584,0.995741
368,-0.00529087,0.974339,-0.225024,-0.512932,0.263416,-0.285005,1.017,-0.184557,-0.29482,1.014,0.0349142,0.511659,1.425,1,-0.194312,-0.236497,0.994938
370,-0.00529087,0.974339,-0.225024,-0.512932,0.263416,-0.285005,1.017,-0.184557,-0.29482,1.014,0.0349142,0.511659,1.425,1,-0.192155,-0.243021,1.00209
371,-0.00529087,0.974339,-0.225024,-0.512932,0.263416,-0.285005,1.017,-0.184557,-0.29482,1.014,0.0349142,0.511659,1.425,1,-0.191422,-0.243651,1.00566
374,-0.00529087,0.974339,-0.225024,-0.512932,0.263416,-0.285005,1.017,-0.184557,-0.29482,1.014,0.0349142,0.511659,1.425,1,-0.190729,-0.240481,1.00389
375,-0.00529087,0.974339,-0.225024,-0.512932,0.263416,-0.285005,1.017,-0.184557,-0.29482,1.014,0.0349142,0.511659,1.425,1,-0.186354,-0.242161,1.00138
377,-0.00529087,0.974339,-0.225024,-0.512932,0.263416,-0.285005,1.017,-0.184557,-0.29482,1.014,0.0349142,0.511659,1.425,1,-0.181193,-0.238616,0.997301
380,-0.00529087,0.974339,-0.225024,-0.512932,0.263416,-0.285005,1.017,-0.184557,-0.29482,1.014,0.0349142,0.511659,1.425,1,-0.170053,-0.231177,1.00482
382,-0.00529087,0.974339,-0.225024,-0.512932,0.263416,-0.285005,1.017,-0.184557,-0.29482,1.014,0.0349142,0.511659,1.425,1,-0.142881,-0.214832,1.00924
384,-0.00529087,0.974339,-0.225024,-0.512932,0.263416,-0.285005,1.017,-0.184557,-0.29482,1.014,0.0349142,0.511659,1.425,1,-0.110705,-0.205266,1.0165
386,-0.00529087,0.974339,-0.225024,-0.512932,0.263416,-0.285005,1.017,-0.184557,-0.29482,1.014,0.0349142,0.511659,1.425,1,-0.052207,-0.200341,1.02904
388,-0.00529087,0.974339,-0.225024,-0.512932,0.263416,-0.285005,1.017,-0.184557,-0.29482,1.014,0.0349142,0.511659,1.425,1,-0.00322598,-0.202746,1.03485
390,-0.00529087,0.974339,-0.225024,-0.512932,0.263416,-0.285005,1.017,-0.184557,-0.29482,1.014,0.0349142,0.511659,1.425,1,0.045725,-0.208084,1.03983
392,-0.00529087,0.974339,-0.225024,-0.512932,0.263416,-0.285005,1.017,-0.184557,-0.29482,1.014,0.0349142,0.511659,1.425,1,0.0885386,-0.219708,1.04202
394,-0.00529087,0.974339,-0.225024,-0.512932,0.263416,-0.285005,1.017,-0.184557,-0.29482,1.014,0.0349142,0.511659,1.425,1,0.123047,-0.227384,1.04803
396,-0.00529087,0.974339,-0.225024,-0.512932,0.263416,-0.285005,1.017,-0.184557,-0.29482,1.014,0.0349142,0.511659,1.425,1,0.145293,-0.229949,1.05299
398,-0.00529087,0.974339,-0.225024,-0.512932,0.263416,-0.285005,1.017,-0.184557,-0.29482,1.014,0.0349142,0.511659,1.425,1,0.16503,-0.235193,1.05618
400,-0.00529087,0.974339,-0.225024,-0.512932,0.263416,-0.285005,1.017,-0.184557,-0.29482,1.014,0.0349142,0.511659,1.425,1,0.183824,-0.244771,1.05885
402,-0.00529087,0.974339,-0.225024,-0.512932,0.263416,-0.285005,1.017,-0.184557,-0.29482,1.014,0.0349142,0.511659,1.425,1,0.184314,-0.252939,1.05845
404,-0.00529087,0.974339,-0.225024,-0.512932,0.263416,-0.285005,1.017,-0.184557,-0.29482,1.014,0.0349142,0.511659,1.425,1,0.19839,-0.260081,1.05899
406,-0.00529087,0.974339,-0.225024,-0.512932,0.263416,-0.285005,1.017,-0.184557,-0.29482,1.014,0.0349142,0.511659,1.425,1,0.202685,-0.264928,1.05906
408,-0.00529087,0.974339,-0.225024,-0.512932,0.263416,-0.285005,1.017,-0.184557,-0.29482,1.014,0.0349142,0.511659,1.425,1,0.1978,-0.267938,1.05796
410,-0.00529087,0.974339,-0.225024,-0.512932,0.263416,-0.285005,1.017,-0.184557,-0.29482,1.014,0.0349142,0.511659,1.425,1,0.190123,-0.265286,1.05765
412,-0.00529087,0.974339,-0.225024,-0.512932,0.263416,-0.285005,1.017,-0.184557,-0.29482,1.014,0.0349142,0.511659,1.425,1,0.190175,-0.265156,1.05733
414,-0.00529087,0.974339,-0.225024,-0.512932,0.263416,-0.285005,1.017,-0.184557,-0.29482,1.014,0.0349142,0.511659,1.425,1,0.190618,-0.264786,1.05689
416,-0.00529087,0.974339,-0.225024,-0.512932,0.263416,-0.285005,1.017,-0.184557,-0.29482,1.014,0.0349142,0.511659,1.425,1,0.183878,-0.264708,1.05532
418,-0.00529087,0.974339,-0.225024,-0.512932,0.263416,-0.285005,1.017,-0.184557,-0.29482,1.014,0.0349142,0.511659,1.425,1,0.186361,-0.266867,1.06375
420,-0.00529087,0.974339,-0.225024,-0.512932,0.263416,-0.285005,1.017,-0.184557,-0.29482,1.014,0.0349142,0.511659,1.425,1,0.193157,-0.270344,1.07018
421,-0.00529087,0.974339,-0.225024,-0.512932,0.263416,-0.285005,1.017,-0.184557,-0.29482,1.014,0.0349142,0.511659,1.425,0,0.193841,-0.27011,1.06836
421,-0.00529087,0.974339,-0.225024,-0.512932,0.263416,-0.285005,1.017,-0.184557,-0.29482,1.014,0.0349142,0.511659,1.425,0,0.193336,-0.270299,1.06873
422,-0.00529087,0.974339,-0.225024,-0.512932,0.263416,-0.285005,1.017,-0.184557,-0.29482,1.014,0.0349142,0.511659,1.425,0,0.19437,-0.27048,1.06856
424,-0.00529087,0.974339,-0.225024,-0.512932,0.263416,-0.285005,1.017,-0.184557,-0.29482,1.014,0.0349142,0.511659,1.425,0,0.192884,-0.270114,1.06966
425,-0.00529087,0.974339,-0.225024,-0.512932,0.263416,-0.285005,1.017,-0.184557,-0.29482,1.014,0.0349142,0.511659,1.425,0,0.192914,-0.270276,1.06908
427,-0.00529087,0.974339,-0.225024,-0.512932,0.263416,-0.285005,1.017,-0.184557,-0.29482,1.014,0.0349142,0.511659,1.425,0,0.193565,-0.27027,1.06857
428,-0.00529087,0.974339,-0.225024,-0.512932,0.263416,-0.285005,1.017,-0.184557,-0.29482,1.014,0.0349142,0.511659,1.425,0,0.193284,-0.270291,1.06898
429,-0.00529087,0.974339,-0.225024,-0.512932,0.263416,-0.285005,1.017,-0.184557,-0.29482,1.014,0.0349142,0.511659,1.425,0,0.19294,-0.270377,1.06874
430,-0.00529087,0.974339,-0.225024,-0.512932,0.263416,-0.285005,1.017,-0.184557,-0.29482,1.014,0.0349142,0.511659,1.425,0,0.192182,-0.270151,1.06966
431,-0.00529087,0.974339,-0.225024,-0.512932,0.263416,-0.285005,1.017,-0.184557,-0.29482,1.014,0.0349142,0.511659,1.425,0,0.192563,-0.270364,1.06926
432,-0.00529087,0.974339,-0.225024,-0.512932,0.263416,-0.285005,1.017,-0.184557,-0.29482,1.014,0.0349142,0.511659,1.425,0,0.19244,-0.270366,1.06848
434,-0.00529087,0.974339,-0.225024,-0.512932,0.263416,-0.285005,1.017,-0.184557,-0.29482,1.014,0.0349142,0.511659,1.425,0,0.191909,-0.270184,1.07007
435,-0.00529087,0.974339,-0.225024,-0.512932,0.263416,-0.285005,1.017,-0.184557,-0.29482,1.014,0.0349142,0.511659,1.425,0,0.19204,-0.270287,1.06998
436,-0.00529087,0.974339,-0.225024,-0.512932,0.263416,-0.285005,1.017,-0.184557,-0.29482,1.014,0.0349142,0.511659,1.425,0,0.195448,-0.270664,1.06586
437,-0.00529087,0.974339,-0.225024,-0.512932,0.263416,-0.285005,1.017,-0.184557,-0.29482,1.014,0.0349142,0.511659,1.425,0,0.192605,-0.270526,1.06941
438,-0.00529087,0.974339,-0.225024,-0.512932,0.263416,-0.285005,1.017,-0.184557,-0.29482,1.014,0.0349142,0.511659,1.425,0,0.193715,-0.270415,1.0692
440,-0.00529087,0.974339,-0.225024,-0.512932,0.263416,-0.285005,1.017,-0.184557,-0.29482,1.014,0.0349142,0.511659,1.425,0,0.192109,-0.270209,1.06997
441,-0.00529087,0.974339,-0.225024,-0.512932,0.263416,-0.285005,1.017,-0.184557,-0.29482,1.014,0.0349142,0.511659,1.425,0,0.192285,-0.270267,1.06875
442,-0.00529087,0.974339,-0.225024,-0.512932,0.263416,-0.285005,1.017,-0.184557,-0.29482,1.014,0.0349142,0.511659,1.425,0,0.193725,-0.269673,1.07046
443,-0.00529087,0.974339,-0.225024,-0.512932,0.263416,-0.285005,1.017,-0.184557,-0.29482,1.014,0.0349142,0.511659,1.425,0,0.194443,-0.270597,1.0671
444,-0.00529087,0.974339,-0.225024,-0.512932,0.263416,-0.285005,1.017,-0.184557,-0.29482,1.014,0.0349142,0.511659,1.425,0,0.193176,-0.270319,1.06995
445,-0.00529087,0.974339,-0.225024,-0.512932,0.263416,-0.285005,1.017,-0.184557,-0.29482,1.014,0.0349142,0.511659,1.425,0,0.192487,-0.27002,1.06865
447,-0.00529087,0.974339,-0.225024,-0.512932,0.263416,-0.285005,1.017,-0.184557,-0.29482,1.014,0.0349142,0.511659,1.425,0,0.192226,-0.270128,1.06964
448,-0.00529087,0.974339,-0.225024,-0.512932,0.263416,-0.285005,1.017,-0.184557,-0.29482,1.014,0.0349142,0.511659,1.425,0,0.193784,-0.270337,1.06776
449,-0.00529087,0.974339,-0.225024,-0.512932,0.263416,-0.285005,1.017,-0.184557,-0.29482,1.014,0.0349142,0.511659,1.425,0,0.192274,-0.26997,1.06973
450,-0.00529087,0.974339,-0.225024,-0.512932,0.263416,-0.285005,1.017,-0.184557,-0.29482,1.014,0.0349142,0.511659,1.425,0,0.192352,-0.270153,1.06948
451,-0.00529087,0.974339,-0.225024,-0.512932,0.263416,-0.285005,1.017,-0.184557,-0.29482,1.014,0.0349142,0.511659,1.425,0,0.192462,-0.270156,1.06903
452,-0.00529087,0.974339,-0.225024,-0.512932,0.263416,-0.285005,1.017,-0.184557,-0.29482,1.014,0.0349142,0.511659,1.425,0,0.19379,-0.269902,1.06936
454,-0.00529087,0.974339,-0.225024,-0.512932,0.263416,-0.285005,1.017,-0.184557,-0.29482,1.014,0.0349142,0.511659,1.425,0,0.194453,-0.269588,1.06906
455,-0.00529087,0.974339,-0.225024,-0.512932,0.263416,-0.285005,1.017,-0.184557,-0.29482,1.014,0.0349142,0.511659,1.425,0,0.197195,-0.271004,1.06422
456,-0.00529087,0.974339,-0.225024,-0.512932,0.263416,-0.285005,1.017,-0.184557,-0.29482,1.014,0.0349142,0.511659,1.425,0,0.194347,-0.2704,1.06777
457,-0.00529087,0.974339,-0.225024,-0.512932,0.263416,-0.285005,1.017,-0.184557,-0.29482,1.014,0.0349142,0.511659,1.425,0,0.194585,-0.27034,1.06792
458,-0.00529087,0.974339,-0.225024,-0.512932,0.263416,-0.285005,1.017,-0.184557,-0.29482,1.014,0.0349142,0.511659,1.425,0,0.193862,-0.269735,1.06969
459,-0.00529087,0.974339,-0.225024,-0.512932,0.263416,-0.285005,1.017,-0.184557,-0.29482,1.014,0.0349142,0.511659,1.425,0,0.193264,-0.270368,1.06875
461,-0.00529087,0.974339,-0.225024,-0.512932,0.263416,-0.285005,1.017,-0.184557,-0.29482,1.014,0.0349142,0.511659,1.425,0,0.194874,-0.270498,1.0671
462,-0.00529087,0.974339,-0.225024,-0.512932,0.263416,-0.285005,1.017,-0.184557,-0.29482,1.014,0.0349142,0.511659,1.425,0,0.195036,-0.270607,1.06767
463,-0.00529087,0.974339,-0.225024,-0.512932,0.263416,-0.285005,1.017,-0.184557,-0.29482,1.014,0.0349142,0.511659,1.425,0,0.195822,-0.270646,1.06596
464,-0.00529087,0.974339,-0.225024,-0.512932,0.263416,-0.285005,1.017,-0.184557,-0.29482,1.014,0.0349142,0.511659,1.425,0,0.196486,-0.27079,1.06648
465,-0.00529087,0.974339,-0.225024,-0.512932,0.263416,-0.285005,1.017,-0.184557,-0.29482,1.014,0.0349142,0.511659,1.425,0,0.195229,-0.268846,1.07139
466,-0.00529087,0.974339,-0.225024,-0.512932,0.263416,-0.285005,1.017,-0.184557,-0.29482,1.014,0.0349142,0.511659,1.425,0,0.195099,-0.270597,1.0677
468,-0.00529087,0.974339,-0.225024,-0.512932,0.263416,-0.285005,1.017,-0.184557,-0.29482,1.014,0.0349142,0.511659,1.425,0,0.193488,-0.270345,1.06891
469,-0.00529087,0.974339,-0.225024,-0.512932,0.263416,-0.285005,1.017,-0.184557,-0.29482,1.014,0.0349142,0.511659,1.425,0,0.19246,-0.270443,1.06887
470,-0.00529087,0.974339,-0.225024,-0.512932,0.263416,-0.285005,1.017,-0.184557,-0.29482,1.014,0.0349142,0.511659,1.425,0,0.194304,-0.27036,1.06807
471,-0.00529087,0.974339,-0.225024,-0.512932,0.263416,-0.285005,1.017,-0.184557,-0.29482,1.014,0.0349142,0.511659,1.425,0,0.192897,-0.270438,1.06877
472,-0.00529087,0.974339,-0.225024,-0.512932,0.263416,-0.285005,1.017,-0.184557,-0.29482,1.014,0.0349142,0.511659,1.425,0,0.193213,-0.270486,1.06878
475,-0.00529087,0.974339,-0.225024,-0.512932,0.263416,-0.285005,1.017,-0.184557,-0.29482,1.014,0.0349142,0.511659,1.425,0,0.192529,-0.270226,1.06987
475,-0.00529087,0.974339,-0.225024,-0.512932,0.263416,-0.285005,1.017,-0.184557,-0.29482,1.014,0.0349142,0.511659,1.425,0,0.192889,-0.270608,1.06911
476,-0.00529087,0.974339,-0.225024,-0.512932,0.263416,-0.285005,1.017,-0.184557,-0.29482,1.014,0.0349142,0.511659,1.425,0,0.193755,-0.27045,1.069
477,-0.00529087,0.974339,-0.225024,-0.512932,0.263416,-0.285005,1.017,-0.184557,-0.29482,1.014,0.0349142,0.511659,1.425,0,0.193961,-0.27059,1.06907
479,-0.00529087,0.974339,-0.225024,-0.512932,0.263416,-0.285005,1.017,-0.184557,-0.29482,1.014,0.0349142,0.511659,1.425,0,0.193225,-0.270709,1.06926
480,-0.00529087,0.974339,-0.225024,-0.512932,0.263416,-0.285005,1.017,-0.184557,-0.29482,1.014,0.0349142,0.511659,1.425,0,0.191853,-0.270515,1.07032
481,-0.00529087,0.974339,-0.225024,-0.512932,0.263416,-0.285005,1.017,-0.184557,-0.29482,1.014,0.0349142,0.511659,1.425,0,0.192571,-0.270443,1.07016
482,-0.00529087,0.974339,-0.225024,-0.512932,0.263416,-0.285005,1.017,-0.184557,-0.29482,1.014,0.0349142,0.511659,1.425,0,0.193514,-0.270619,1.06904
483,-0.00529087,0.974339,-0.225024,-0.512932,0.263416,-0.285005,1.017,-0.184557,-0.29482,1.014,0.0349142,0.511659,1.425,0,0.193028,-0.270609,1.06959
485,-0.00529087,0.974339,-0.225024,-0.512932,0.263416,-0.285005,1.017,-0.184557,-0.29482,1.014,0.0349142,0.511659,1.425,0,0.19311,-0.270535,1.07052
486,-0.00529087,0.974339,-0.225024,-0.512932,0.263416,-0.285005,1.017,-0.184557,-0.29482,1.014,0.0349142,0.511659,1.425,0,0.193455,-0.270687,1.06932
487,-0.00529087,0.974339,-0.225024,-0.512932,0.263416,-0.285005,1.017,-0.184557,-0.29482,1.014,0.0349142,0.511659,1.425,0,0.191927,-0.270529,1.07026
488,-0.00529087,0.974339,-0.225024,-0.512932,0.263416,-0.285005,1.017,-0.184557,-0.29482,1.014,0.0349142,0.511659,1.425,0,0.191484,-0.269857,1.07254
489,-0.00529087,0.974339,-0.225024,-0.512932,0.263416,-0.285005,1.017,-0.184557,-0.29482,1.014,0.0349142,0.511659,1.425,0,0.193314,-0.270584,1.06932
490,-0.00529087,0.974339,-0.225024,-0.512932,0.263416,-0.285005,1.017,-0.184557,-0.29482,1.014,0.0349142,0.511659,1.425,0,0.194245,-0.270619,1.0696
492,-0.00529087,0.974339,-0.225024,-0.512932,0.263416,-0.285005,1.017,-0.184557,-0.29482,1.014,0.0349142,0.511659,1.425,0,0.192015,-0.270425,1.07018
493,-0.00529087,0.974339,-0.225024,-0.512932,0.263416,-0.285005,1.017,-0.184557,-0.29482,1.014,0.0349142,0.511659,1.425,0,0.193904,-0.270076,1.07026
494,-0.00529087,0.974339,-0.225024,-0.512932,0.263416,-0.285005,1.017,-0.184557,-0.29482,1.014,0.0349142,0.511659,1.425,0,0.195312,-0.270943,1.06779
495,-0.00529087,0.974339,-0.225024,-0.512932,0.263416,-0.285005,1.017,-0.184557,-0.29482,1.014,0.0349142,0.511659,1.425,0,0.192217,-0.27044,1.07001
496,-0.00529087,0.974339,-0.225024,-0.512932,0.263416,-0.285005,1.017,-0.184557,-0.29482,1.014,0.0349142,0.511659,1.425,0,0.192568,-0.270614,1.07027
499,-0.00529087,0.974339,-0.225024,-0.512932,0.263416,-0.285005,1.017,-0.184557,-0.29482,1.014,0.0349142,0.511659,1.425,0,0.193342,-0.270564,1.07061
499,-0.00529087,0.974339,-0.225024,-0.512932,0.263416,-0.285005,1.017,-0.184557,-0.29482,1.014,0.0349142,0.511659,1.425,0,0.193547,-0.270637,1.06878
500,-0.00529087,0.974339,-0.225024,-0.512932,0.263416,-0.285005,1.017,-0.184557,-0.29482,1.014,0.0349142,0.511659,1.425,0,0.192123,-0.270533,1.07012
502,-0.00529087,0.974339,-0.225024,-0.512932,0.263416,-0.285005,1.017,-0.184557,-0.29482,1.014,0.0349142,0.511659,1.425,0,0.193327,-0.270695,1.06911
503,-0.00529087,0.974339,-0.225024,-0.512932,0.263416,-0.285005,1.017,-0.184557,-0.29482,1.014,0.0349142,0.511659,1.425,0,0.193051,-0.270714,1.06921
504,-0.00529087,0.974339,-0.225024,-0.512932,0.263416,-0.285005,1.017,-0.184557,-0.29482,1.014,0.0349142,0.511659,1.425,0,0.192865,-0.269926,1.07292
505,-0.00529087,0.974339,-0.225024,-0.512932,0.263416,-0.285005,1.017,-0.184557,-0.29482,1.014,0.0349142,0.511659,1.425,0,0.193488,-0.270712,1.06912
506,-0.00529087,0.974339,-0.225024,-0.512932,0.263416,-0.285005,1.017,-0.184557,-0.29482,1.014,0.0349142,0.511659,1.425,0,0.192105,-0.269947,1.07193
509,-0.00529087,0.974339,-0.225024,-0.512932,0.263416,-0.285005,1.017,-0.184557,-0.29482,1.014,0.0349142,0.511659,1.425,0,0.193877,-0.270131,1.0703
509,-0.00529087,0.974339,-0.225024,-0.512932,0.263416,-0.285005,1.017,-0.184557,-0.29482,1.014,0.0349142,0.511659,1.425,0,0.192042,-0.270398,1.0712
510,-0.00529087,0.974339,-0.225024,-0.512932,0.263416,-0.285005,1.017,-0.184557,-0.29482,1.014,0.0349142,0.511659,1.425,0,0.192452,-0.270608,1.0705
511,-0.00529087,0.974339,-0.225024,-0.512932,0.263416,-0.285005,1.017,-0.184557,-0.29482,1.014,0.0349142,0.511659,1.425,0,0.192524,-0.270612,1.07034
513,-0.00529087,0.974339,-0.225024,-0.512932,0.263416,-0.285005,1.017,-0.184557,-0.29482,1.014,0.0349142,0.511659,1.425,0,0.192451,-0.270566,1.07031
514,-0.00529087,0.974339,-0.225024,-0.512932,0.263416,-0.285005,1.017,-0.184557,-0.29482,1.014,0.0349142,0.511659,1.425,0,0.192413,-0.269948,1.07164
515,-0.00529087,0.974339,-0.225024,-0.512932,0.263416,-0.285005,1.017,-0.184557,-0.29482,1.014,0.0349142,0.511659,1.425,0,0.192977,-0.27009,1.07081
517,-0.00529087,0.974339,-0.225024,-0.512932,0.263416,-0.285005,1.017,-0.184557,-0.29482,1.014,0.0349142,0.511659,1.425,0,0.19334,-0.270711,1.06915
518,-0.00529087,0.974339,-0.225024,-0.512932,0.263416,-0.285005,1.017,-0.184557,-0.29482,1.014,0.0349142,0.511659,1.425,0,0.19257,-0.270665,1.06996
519,-0.00529087,0.974339,-0.225024,-0.512932,0.263416,-0.285005,1.017,-0.184557,-0.29482,1.014,0.0349142,0.511659,1.425,0,0.192463,-0.270623,1.07038
520,-0.00529087,0.974339,-0.225024,-0.512932,0.263416,-0.285005,1.017,-0.184557,-0.29482,1.014,0.0349142,0.511659,1.425,0,0.192352,-0.270039,1.07166
521,-0.00529087,0.974339,-0.225024,-0.512932,0.263416,-0.285005,1.017,-0.184557,-0.29482,1.014,0.0349142,0.511659,1.425,0,0.192222,-0.270548,1.07032
523,-0.00529087,0.974339,-0.225024,-0.512932,0.263416,-0.285005,1.017,-0.184557,-0.29482,1.014,0.0349142,0.511659,1.425,0,0.193435,-0.270706,1.06904
524,-0.00529087,0.974339,-0.225024,-0.512932,0.263416,-0.285005,1.017,-0.184557,-0.29482,1.014,0.0349142,0.511659,1.425,0,0.193262,-0.270165,1.07046
525,-0.00529087,0.974339,-0.225024,-0.512932,0.263416,-0.285005,1.017,-0.184557,-0.29482,1.014,0.0349142,0.511659,1.425,0,0.193065,-0.269079,1.07381
526,-0.00529087,0.974339,-0.225024,-0.512932,0.263416,-0.285005,1.017,-0.184557,-0.29482,1.014,0.0349142,0.511659,1.425,0,0.192216,-0.269501,1.07354
528,-0.00529087,0.974339,-0.225024,-0.512932,0.263416,-0.285005,1.017,-0.184557,-0.29482,1.014,0.0349142,0.511659,1.425,0,0.192407,-0.270601,1.07018
529,-0.00529087,0.974339,-0.225024,-0.512932,0.263416,-0.285005,1.017,-0.184557,-0.29482,1.014,0.0349142,0.511659,1.425,0,0.192377,-0.270578,1.07031
531,-0.00529087,0.974339,-0.225024,-0.512932,0.263416,-0.285005,1.017,-0.184557,-0.29482,1.014,0.0349142,0.511659,1.425,0,0.192446,-0.26999,1.07167
531,-0.00529087,0.974339,-0.225024,-0.512932,0.263416,-0.285005,1.017,-0.184557,-0.29482,1.014,0.0349142,0.511659,1.425,0,0.192131,-0.269473,1.07342
533,-0.00529087,0.974339,-0.225024,-0.512932,0.263416,-0.285005,1.017,-0.184557,-0.29482,1.014,0.0349142,0.511659,1.425,0,0.192223,-0.269451,1.07296
534,-0.00529087,0.974339,-0.225024,-0.512932,0.263416,-0.285005,1.017,-0.184557,-0.29482,1.014,0.0349142,0.511659,1.425,0,0.192263,-0.270529,1.07052
535,-0.00529087,0.974339,-0.225024,-0.512932,0.263416,-0.285005,1.017,-0.184557,-0.29482,1.014,0.0349142,0.511659,1.425,0,0.192268,-0.269423,1.07265
536,-0.00529087,0.974339,-0.225024,-0.512932,0.263416,-0.285005,1.017,-0.184557,-0.29482,1.014,0.0349142,0.511659,1.425,0,0.192009,-0.270633,1.06993
538,-0.00529087,0.974339,-0.225024,-0.512932,0.263416,-0.285005,1.017,-0.184557,-0.29482,1.014,0.0349142,0.511659,1.425,0,0.1921,-0.270486,1.07073
539,-0.00529087,0.974339,-0.225024,-0.512932,0.263416,-0.285005,1.017,-0.184557,-0.29482,1.014,0.0349142,0.511659,1.425,0,0.192879,-0.269667,1.07202
540,-0.00529087,0.974339,-0.225024,-0.512932,0.263416,-0.285005,1.017,-0.184557,-0.29482,1.014,0.0349142,0.511659,1.425,0,0.192571,-0.270646,1.07027
542,-0.00529087,0.974339,-0.225024,-0.512932,0.263416,-0.285005,1.017,-0.184557,-0.29482,1.014,0.0349142,0.511659,1.425,0,0.192409,-0.270643,1.06993
543,-0.00529087,0.974339,-0.225024,-0.512932,0.263416,-0.285005,1.017,-0.184557,-0.29482,1.014,0.0349142,0.511659,1.425,0,0.192645,-0.270754,1.07036
545,-0.00529087,0.974339,-0.225024,-0.512932,0.263416,-0.285005,1.017,-0.184557,-0.29482,1.014,0.0349142,0.511659,1.425,0,0.192056,-0.270646,1.07143
547,-0.00529087,0.974339,-0.225024,-0.512932,0.263416,-0.285005,1.017,-0.184557,-0.29482,1.014,0.0349142,0.511659,1.425,0,0.192635,-0.270084,1.07183
548,-0.00529087,0.974339,-0.225024,-0.512932,0.263416,-0.285005,1.017,-0.184557,-0.29482,1.014,0.0349142,0.511659,1.425,0,0.191926,-0.270049,1.07308
549,-0.00529087,0.974339,-0.225024,-0.512932,0.263416,-0.285005,1.017,-0.184557,-0.29482,1.014,0.0349142,0.511659,1.425,0,0.192383,-0.270009,1.07145
550,-0.00529087,0.974339,-0.225024,-0.512932,0.263416,-0.285005,1.017,-0.184557,-0.29482,1.014,0.0349142,0.511659,1.425,0,0.192131,-0.270578,1.07141
552,-0.00529087,0.974339,-0.225024,-0.512932,0.263416,-0.285005,1.017,-0.184557,-0.29482,1.014,0.0349142,0.511659,1.425,0,0.191841,-0.269347,1.07421
553,-0.00529087,0.974339,-0.225024,-0.512932,0.263416,-0.285005,1.017,-0.184557,-0.29482,1.014,0.0349142,0.511659,1.425,0,0.192522,-0.270673,1.07027
554,-0.00529087,0.974339,-0.225024,-0.512932,0.263416,-0.285005,1.017,-0.184557,-0.29482,1.014,0.0349142,0.511659,1.425,0,0.192321,-0.270645,1.07173
555,-0.00529087,0.974339,-0.225024,-0.512932,0.263416,-0.285005,1.017,-0.184557,-0.29482,1.014,0.0349142,0.511659,1.425,0,0.192517,-0.270654,1.07042
557,-0.00529087,0.974339,-0.225024,-0.512932,0.263416,-0.285005,1.017,-0.184557,-0.29482,1.014,0.0349142,0.511659,1.425,0,0.192054,-0.270624,1.07146
558,-0.00529087,0.974339,-0.225024,-0.512932,0.263416,-0.285005,1.017,-0.184557,-0.29482,1.014,0.0349142,0.511659,1.425,0,0.192492,-0.270807,1.07098
559,-0.00529087,0.974339,-0.225024,-0.512932,0.263416,-0.285005,1.017,-0.184557,-0.29482,1.014,0.0349142,0.511659,1.425,0,0.192041,-0.27053,1.07139
561,-0.00529087,0.974339,-0.225024,-0.512932,0.263416,-0.285005,1.017,-0.184557,-0.29482,1.014,0.0349142,0.511659,1.425,0,0.192469,-0.270197,1.07208
562,-0.00529087,0.974339,-0.225024,-0.512932,0.263416,-0.285005,1.017,-0.184557,-0.29482,1.014,0.0349142,0.511659,1.425,0,0.191602,-0.269398,1.07407
563,-0.00529087,0.974339,-0.225024,-0.512932,0.263416,-0.285005,1.017,-0.184557,-0.29482,1.014,0.0349142,0.511659,1.425,0,0.192141,-0.270651,1.07143
564,-0.00529087,0.974339,-0.225024,-0.512932,0.263416,-0.285005,1.017,-0.184557,-0.29482,1.014,0.0349142,0.511659,1.425,0,0.19215,-0.270725,1.07156
566,-0.00529087,0.974339,-0.225024,-0.512932,0.263416,-0.285005,1.017,-0.184557,-0.29482,1.014,0.0349142,0.511659,1.425,0,0.192102,-0.270699,1.07137
567,-0.00529087,0.974339,-0.225024,-0.512932,0.263416,-0.285005,1.017,-0.184557,-0.29482,1.014,0.0349142,0.511659,1.425,0,0.192402,-0.270791,1.07074
568,-0.00529087,0.974339,-0.225024,-0.512932,0.263416,-0.285005,1.017,-0.184557,-0.29482,1.014,0.0349142,0.511659,1.425,0,0.192168,-0.270674,1.07144
569,-0.00529087,0.974339,-0.225024,-0.512932,0.263416,-0.285005,1.017,-0.184557,-0.29482,1.014,0.0349142,0.511659,1.425,0,0.192129,-0.270694,1.07083
572,-0.00529087,0.974339,-0.225024,-0.512932,0.263416,-0.285005,1.017,-0.184557,-0.29482,1.014,0.0349142,0.511659,1.425,0,0.192188,-0.270044,1.0719
572,-0.00529087,0.974339,-0.225024,-0.512932,0.263416,-0.285005,1.017,-0.184557,-0.29482,1.014,0.0349142,0.511659,1.425,0,0.191848,-0.270019,1.07199
573,-0.00529087,0.974339,-0.225024,-0.512932,0.263416,-0.285005,1.017,-0.184557,-0.29482,1.014,0.0349142,0.511659,1.425,0,0.191954,-0.269463,1.07443
574,-0.00529087,0.974339,-0.225024,-0.512932,0.263416,-0.285005,1.017,-0.184557,-0.29482,1.014,0.0349142,0.511659,1.425,0,0.190836,-0.269514,1.07359
577,-0.00529087,0.974339,-0.225024,-0.512932,0.263416,-0.285005,1.017,-0.184557,-0.29482,1.014,0.0349142,0.511659,1.425,0,0.192407,-0.270611,1.0705
577,-0.00529087,0.974339,-0.225024,-0.512932,0.263416,-0.285005,1.017,-0.184557,-0.29482,1.014,0.0349142,0.511659,1.425,0,0.192226,-0.270672,1.07066
579,-0.00529087,0.974339,-0.225024,-0.512932,0.263416,-0.285005,1.017,-0.184557,-0.29482,1.014,0.0349142,0.511659,1.425,0,0.192294,-0.270588,1.07058
580,-0.00529087,0.974339,-0.225024,-0.512932,0.263416,-0.285005,1.017,-0.184557,-0.29482,1.014,0.0349142,0.511659,1.425,0,0.192409,-0.270606,1.07104
582,-0.00529087,0.974339,-0.225024,-0.512932,0.263416,-0.285005,1.017,-0.184557,-0.29482,1.014,0.0349142,0.511659,1.425,0,0.192037,-0.269524,1.07336
583,-0.00529087,0.974339,-0.225024,-0.512932,0.263416,-0.285005,1.017,-0.184557,-0.29482,1.014,0.0349142,0.511659,1.425,0,0.19241,-0.270571,1.07064
