172,0,-0.2287,-0.149012,1.47967,0.00103098,0.979532,-0.201288,-0.521907
173,0,-0.228459,-0.148917,1.4798,0.00103098,0.979532,-0.201288,-0.521907
174,0,-0.229091,-0.149063,1.48134,0.00103098,0.979532,-0.201288,-0.521907
175,0,-0.228913,-0.148876,1.48142,0.00103098,0.979532,-0.201288,-0.521907
176,0,-0.229111,-0.148129,1.47942,0.00103098,0.979532,-0.201288,-0.521907
177,0,-0.228845,-0.148478,1.47987,0.00103098,0.979532,-0.201288,-0.521907
178,0,-0.228686,-0.149315,1.47978,0.00103098,0.979532,-0.201288,-0.521907
179,0,-0.228753,-0.149677,1.47981,0.00103098,0.979532,-0.201288,-0.521907
180,0,-0.228185,-0.149454,1.47983,0.00103098,0.979532,-0.201288,-0.521907
181,0,-0.228418,-0.149644,1.48025,0.00103098,0.979532,-0.201288,-0.521907
182,0,-0.2286,-0.148834,1.48014,0.00103098,0.979532,-0.201288,-0.521907
183,0,-0.228144,-0.148959,1.48071,0.00103098,0.979532,-0.201288,-0.521907
184,0,-0.228778,-0.148554,1.48069,0.00103098,0.979532,-0.201288,-0.521907
185,0,-0.228718,-0.148749,1.4794,0.00103098,0.979532,-0.201288,-0.521907
186,0,-0.228775,-0.148943,1.48114,0.00103098,0.979532,-0.201288,-0.521907
187,0,-0.228312,-0.149485,1.48016,0.00103098,0.979532,-0.201288,-0.521907
188,0,-0.228465,-0.149252,1.48113,0.00103098,0.979532,-0.201288,-0.521907
189,0,-0.228683,-0.148989,1.48112,0.00103098,0.979532,-0.201288,-0.521907
190,0,-0.22894,-0.148476,1.48024,0.00103098,0.979532,-0.201288,-0.521907
191,0,-0.228493,-0.14899,1.48081,0.00103098,0.979532,-0.201288,-0.521907
192,0,-0.228179,-0.149242,1.4804,0.00103098,0.979532,-0.201288,-0.521907
193,0,-0.228358,-0.148797,1.47987,0.00103098,0.979532,-0.201288,-0.521907
194,0,-0.229169,-0.149314,1.48014,0.00103098,0.979532,-0.201288,-0.521907
195,0,-0.228361,-0.148828,1.48031,0.00103098,0.979532,-0.201288,-0.521907
196,0,-0.22861,-0.149297,1.47944,0.00103098,0.979532,-0.201288,-0.521907
197,0,-0.228073,-0.1494,1.48002,0.00103098,0.979532,-0.201288,-0.521907
198,0,-0.228337,-0.149433,1.48041,0.00103098,0.979532,-0.201288,-0.521907
199,0,-0.228241,-0.149345,1.48103,0.00103098,0.979532,-0.201288,-0.521907
200,0,-0.2286,-0.149298,1.48041,0.00103098,0.979532,-0.201288,-0.521907
201,0,-0.22888,-0.149595,1.48002,0.00103098,0.979532,-0.201288,-0.521907
202,0,-0.228437,-0.148409,1.4807,0.00103098,0.979532,-0.201288,-0.521907
203,0,-0.228184,-0.14887,1.48083,0.00103098,0.979532,-0.201288,-0.521907
204,0,-0.228277,-0.148075,1.4794,0.00103098,0.979532,-0.201288,-0.521907
205,0,-0.228568,-0.148748,1.48054,0.00103098,0.979532,-0.201288,-0.521907
206,0,-0.229114,-0.149141,1.48036,0.00103098,0.979532,-0.201288,-0.521907
207,0,-0.228908,-0.14832,1.47936,0.00103098,0.979532,-0.201288,-0.521907
208,0,-0.228735,-0.148736,1.48073,0.00103098,0.979532,-0.201288,-0.521907
209,0,-0.228818,-0.147988,1.47873,0.00103098,0.979532,-0.201288,-0.521907
210,0,-0.228445,-0.148788,1.48115,0.00103098,0.979532,-0.201288,-0.521907
211,0,-0.22866,-0.148504,1.47937,0.00103098,0.979532,-0.201288,-0.521907
212,0,-0.228575,-0.147854,1.48004,0.00103098,0.979532,-0.201288,-0.521907
213,0,-0.227982,-0.148528,1.47952,0.00103098,0.979532,-0.201288,-0.521907
214,0,-0.228939,-0.148453,1.47922,0.00103098,0.979532,-0.201288,-0.521907
215,0,-0.228825,-0.147903,1.47985,0.00103098,0.979532,-0.201288,-0.521907
216,0,-0.228333,-0.14918,1.47935,0.00103098,0.979532,-0.201288,-0.521907
217,0,-0.228183,-0.148987,1.48025,0.00103098,0.979532,-0.201288,-0.521907
218,0,-0.228276,-0.148879,1.47953,0.00103098,0.979532,-0.201288,-0.521907
219,0,-0.228472,-0.148866,1.48,0.00103098,0.979532,-0.201288,-0.521907
220,0,-0.228629,-0.148953,1.47974,0.00103098,0.979532,-0.201288,-0.521907
221,0,-0.22843,-0.14901,1.47997,0.00103098,0.979532,-0.201288,-0.521907
222,0,-0.228184,-0.14931,1.47922,0.00103098,0.979532,-0.201288,-0.521907
223,0,-0.228907,-0.149166,1.47924,0.00103098,0.979532,-0.201288,-0.521907
224,0,-0.229161,-0.14885,1.47971,0.00103098,0.979532,-0.201288,-0.521907
225,0,-0.228291,-0.148807,1.47889,0.00103098,0.979532,-0.201288,-0.521907
226,0,-0.228621,-0.148937,1.4806,0.00103098,0.979532,-0.201288,-0.521907
227,0,-0.228323,-0.148943,1.47912,0.00103098,0.979532,-0.201288,-0.521907
228,0,-0.229317,-0.149228,1.48032,0.00103098,0.979532,-0.201288,-0.521907
229,0,-0.228366,-0.149047,1.48039,0.00103098,0.979532,-0.201288,-0.521907
230,0,-0.228775,-0.148849,1.47958,0.00103098,0.979532,-0.201288,-0.521907
231,0,-0.228687,-0.148874,1.4803,0.00103098,0.979532,-0.201288,-0.521907
232,0,-0.227942,-0.148862,1.48071,0.00103098,0.979532,-0.201288,-0.521907
233,0,-0.228565,-0.148867,1.48027,0.00103098,0.979532,-0.201288,-0.521907
234,0,-0.229303,-0.148973,1.47927,0.00103098,0.979532,-0.201288,-0.521907
235,0,-0.22845,-0.148669,1.48039,0.00103098,0.979532,-0.201288,-0.521907
236,0,-0.228656,-0.148916,1.48055,0.00103098,0.979532,-0.201288,-0.521907
237,0,-0.228292,-0.149249,1.48003,0.00103098,0.979532,-0.201288,-0.521907
238,0,-0.227904,-0.148526,1.48079,0.00103098,0.979532,-0.201288,-0.521907
239,0,-0.228542,-0.148869,1.4801,0.00103098,0.979532,-0.201288,-0.521907
240,0,-0.228361,-0.148056,1.47791,0.00103098,0.979532,-0.201288,-0.521907
241,0,-0.227876,-0.148027,1.47742,0.00103098,0.979532,-0.201288,-0.521907
242,0,-0.227582,-0.147793,1.47802,0.00103098,0.979532,-0.201288,-0.521907
243,0,-0.228005,-0.148754,1.47689,0.00103098,0.979532,-0.201288,-0.521907
244,0,-0.227765,-0.14803,1.47674,0.00103098,0.979532,-0.201288,-0.521907
245,0,-0.227759,-0.148624,1.47651,0.00103098,0.979532,-0.201288,-0.521907
246,0,-0.228008,-0.148418,1.47695,0.00103098,0.979532,-0.201288,-0.521907
247,0,-0.227795,-0.14817,1.47794,0.00103098,0.979532,-0.201288,-0.521907
248,0,-0.227566,-0.148624,1.47745,0.00103098,0.979532,-0.201288,-0.521907
249,0,-0.227454,-0.148658,1.47707,0.00103098,0.979532,-0.201288,-0.521907
250,0,-0.227715,-0.148399,1.47689,0.00103098,0.979532,-0.201288,-0.521907
251,0,-0.227805,-0.149147,1.47669,0.00103098,0.979532,-0.201288,-0.521907
252,0,-0.227681,-0.149086,1.47684,0.00103098,0.979532,-0.201288,-0.521907
253,0,-0.228152,-0.147891,1.47783,0.00103098,0.979532,-0.201288,-0.521907
254,0,-0.228154,-0.14874,1.47742,0.00103098,0.979532,-0.201288,-0.521907
255,0,-0.227703,-0.148493,1.4771,0.00103098,0.979532,-0.201288,-0.521907
256,0,-0.227441,-0.148592,1.47787,0.00103098,0.979532,-0.201288,-0.521907
257,0,-0.227439,-0.148524,1.47769,0.00103098,0.979532,-0.201288,-0.521907
258,0,-0.227161,-0.147952,1.47768,0.00103098,0.979532,-0.201288,-0.521907
259,0,-0.227412,-0.148859,1.47693,0.00103098,0.979532,-0.201288,-0.521907
260,0,-0.227598,-0.147892,1.47743,0.00103098,0.979532,-0.201288,-0.521907
261,0,-0.227913,-0.148923,1.47718,0.00103098,0.979532,-0.201288,-0.521907
262,0,-0.227255,-0.148392,1.47699,0.00103098,0.979532,-0.201288,-0.521907
263,0,-0.227903,-0.148221,1.47776,0.00103098,0.979532,-0.201288,-0.521907
264,0,-0.227702,-0.148887,1.47679,0.00103098,0.979532,-0.201288,-0.521907
265,0,-0.227859,-0.14894,1.47677,0.00103098,0.979532,-0.201288,-0.521907
266,0,-0.227526,-0.148903,1.47669,0.00103098,0.979532,-0.201288,-0.521907
267,0,-0.227973,-0.148564,1.47752,0.00103098,0.979532,-0.201288,-0.521907
268,0,-0.227628,-0.14868,1.47671,0.00103098,0.979532,-0.201288,-0.521907
269,0,-0.227605,-0.148757,1.47664,0.00103098,0.979532,-0.201288,-0.521907
270,0,-0.227696,-0.148946,1.47676,0.00103098,0.979532,-0.201288,-0.521907
271,0,-0.227382,-0.148708,1.47623,0.00103098,0.979532,-0.201288,-0.521907
272,0,-0.227312,-0.147759,1.47738,0.00103098,0.979532,-0.201288,-0.521907
273,0,-0.227488,-0.148377,1.47699,0.00103098,0.979532,-0.201288,-0.521907
274,0,-0.227827,-0.148124,1.47719,0.00103098,0.979532,-0.201288,-0.521907
275,0,-0.227387,-0.148887,1.47664,0.00103098,0.979532,-0.201288,-0.521907
276,0,-0.227533,-0.148592,1.47777,0.00103098,0.979532,-0.201288,-0.521907
277,0,-0.227555,-0.148957,1.47709,0.00103098,0.979532,-0.201288,-0.521907
278,0,-0.227621,-0.148442,1.47657,0.00103098,0.979532,-0.201288,-0.521907
279,0,-0.227876,-0.148569,1.47733,0.00103098,0.979532,-0.201288,-0.521907
280,0,-0.227839,-0.149227,1.47665,0.00103098,0.979532,-0.201288,-0.521907
281,0,-0.227656,-0.148796,1.47664,0.00103098,0.979532,-0.201288,-0.521907
282,0,-0.227361,-0.148753,1.47688,0.00103098,0.979532,-0.201288,-0.521907
283,0,-0.227563,-0.149025,1.47656,0.00103098,0.979532,-0.201288,-0.521907
284,0,-0.227041,-0.148237,1.47735,0.00103098,0.979532,-0.201288,-0.521907
285,0,-0.227363,-0.148491,1.47642,0.00103098,0.979532,-0.201288,-0.521907
286,0,-0.227196,-0.148882,1.47653,0.00103098,0.979532,-0.201288,-0.521907
287,0,-0.227687,-0.148972,1.4764,0.00103098,0.979532,-0.201288,-0.521907
288,0,-0.227006,-0.148733,1.47638,0.00103098,0.979532,-0.201288,-0.521907
289,0,-0.227618,-0.148607,1.47639,0.00103098,0.979532,-0.201288,-0.521907
290,0,-0.227133,-0.148095,1.47777,0.00103098,0.979532,-0.201288,-0.521907
291,0,-0.22749,-0.148759,1.47683,0.00103098,0.979532,-0.201288,-0.521907
292,0,-0.226746,-0.148069,1.47785,0.00103098,0.979532,-0.201288,-0.521907
293,0,-0.227224,-0.148527,1.47717,0.00103098,0.979532,-0.201288,-0.521907
294,0,-0.22752,-0.148677,1.47696,0.00103098,0.979532,-0.201288,-0.521907
295,0,-0.227523,-0.14838,1.47715,0.00103098,0.979532,-0.201288,-0.521907
296,0,-0.227363,-0.148898,1.47669,0.00103098,0.979532,-0.201288,-0.521907
297,0,-0.227394,-0.148943,1.47641,0.00103098,0.979532,-0.201288,-0.521907
298,0,-0.227338,-0.148912,1.4767,0.00103098,0.979532,-0.201288,-0.521907
299,0,-0.227204,-0.148073,1.47756,0.00103098,0.979532,-0.201288,-0.521907
300,0,-0.226992,-0.148473,1.47747,0.00103098,0.979532,-0.201288,-0.521907
301,0,-0.227279,-0.148379,1.477,0.00103098,0.979532,-0.201288,-0.521907
302,0,-0.227328,-0.148166,1.47744,0.00103098,0.979532,-0.201288,-0.521907
303,0,-0.227058,-0.148056,1.47732,0.00103098,0.979532,-0.201288,-0.521907
304,0,-0.227305,-0.149143,1.47634,0.00103098,0.979532,-0.201288,-0.521907
305,0,-0.227344,-0.148504,1.4766,0.00103098,0.979532,-0.201288,-0.521907
306,0,-0.227301,-0.14871,1.47699,0.00103098,0.979532,-0.201288,-0.521907
307,0,-0.227387,-0.148531,1.47617,0.00103098,0.979532,-0.201288,-0.521907
308,0,-0.227777,-0.149131,1.47648,0.00103098,0.979532,-0.201288,-0.521907
309,0,-0.227551,-0.148171,1.47716,0.00103098,0.979532,-0.201288,-0.521907
310,0,-0.227442,-0.148589,1.47638,0.00103098,0.979532,-0.201288,-0.521907
311,0,-0.227008,-0.147807,1.47715,0.00103098,0.979532,-0.201288,-0.521907
312,0,-0.227591,-0.148754,1.47652,0.00103098,0.979532,-0.201288,-0.521907
313,0,-0.227671,-0.149035,1.47649,0.00103098,0.979532,-0.201288,-0.521907
314,0,-0.227434,-0.149006,1.47657,0.00103098,0.979532,-0.201288,-0.521907
315,0,-0.227552,-0.148725,1.47756,0.00103098,0.979532,-0.201288,-0.521907
316,0,-0.227416,-0.148498,1.47652,0.00103098,0.979532,-0.201288,-0.521907
317,0,-0.227094,-0.148591,1.47748,0.00103098,0.979532,-0.201288,-0.521907
318,0,-0.227414,-0.148632,1.47666,0.00103098,0.979532,-0.201288,-0.521907
319,0,-0.22746,-0.148448,1.47738,0.00103098,0.979532,-0.201288,-0.521907
320,0,-0.227624,-0.148369,1.47697,0.00103098,0.979532,-0.201288,-0.521907
321,0,-0.227152,-0.147942,1.47701,0.00103098,0.979532,-0.201288,-0.521907
322,0,-0.227326,-0.148636,1.47692,0.00103098,0.979532,-0.201288,-0.521907
323,0,-0.227539,-0.148514,1.47733,0.00103098,0.979532,-0.201288,-0.521907
324,0,-0.227413,-0.148417,1.47686,0.00103098,0.979532,-0.201288,-0.521907
325,0,-0.227179,-0.148363,1.47626,0.00103098,0.979532,-0.201288,-0.521907
326,0,-0.22755,-0.148338,1.47667,0.00103098,0.979532,-0.201288,-0.521907
327,0,-0.227269,-0.14856,1.47614,0.00103098,0.979532,-0.201288,-0.521907
328,0,-0.226987,-0.148353,1.4764,0.00103098,0.979532,-0.201288,-0.521907
329,0,-0.226922,-0.14865,1.47602,0.00103098,0.979532,-0.201288,-0.521907
330,0,-0.227006,-0.148324,1.47632,0.00103098,0.979532,-0.201288,-0.521907
331,0,-0.227297,-0.147982,1.47696,0.00103098,0.979532,-0.201288,-0.521907
332,0,-0.22735,-0.148914,1.47611,0.00103098,0.979532,-0.201288,-0.521907
333,0,-0.227431,-0.147929,1.47693,0.00103098,0.979532,-0.201288,-0.521907
334,0,-0.227373,-0.148261,1.47694,0.00103098,0.979532,-0.201288,-0.521907
335,0,-0.227314,-0.148527,1.47632,0.00103098,0.979532,-0.201288,-0.521907
336,0,-0.227775,-0.148245,1.47738,0.00103098,0.979532,-0.201288,-0.521907
337,0,-0.227583,-0.148716,1.47678,0.00103098,0.979532,-0.201288,-0.521907
338,0,-0.227527,-0.148671,1.47679,0.00103098,0.979532,-0.201288,-0.521907
339,0,-0.227675,-0.148152,1.47789,0.00103098,0.979532,-0.201288,-0.521907
340,0,-0.226708,-0.148662,1.47605,0.00103098,0.979532,-0.201288,-0.521907
341,0,-0.227062,-0.147961,1.47686,0.00103098,0.979532,-0.201288,-0.521907
342,0,-0.227123,-0.148068,1.47716,0.00103098,0.979532,-0.201288,-0.521907
343,0,-0.227054,-0.148257,1.47615,0.00103098,0.979532,-0.201288,-0.521907
344,0,-0.227472,-0.148031,1.47739,0.00103098,0.979532,-0.201288,-0.521907
345,0,-0.226917,-0.147804,1.47671,0.00103098,0.979532,-0.201288,-0.521907
346,0,-0.227133,-0.14844,1.47591,0.00103098,0.979532,-0.201288,-0.521907
347,0,-0.227148,-0.148081,1.47685,0.00103098,0.979532,-0.201288,-0.521907
348,0,-0.226916,-0.148198,1.47623,0.00103098,0.979532,-0.201288,-0.521907
349,0,-0.227207,-0.148205,1.47701,0.00103098,0.979532,-0.201288,-0.521907
350,0,-0.22731,-0.148507,1.47697,0.00103098,0.979532,-0.201288,-0.521907
351,0,-0.227362,-0.148114,1.47758,0.00103098,0.979532,-0.201288,-0.521907
352,0,-0.227207,-0.148134,1.47747,0.00103098,0.979532,-0.201288,-0.521907
353,1,-0.227229,-0.147562,1.47769,0.00103098,0.979532,-0.201288,-0.521907
354,0,-0.226771,-0.148106,1.47665,0.00103098,0.979532,-0.201288,-0.521907
355,0,-0.227119,-0.148278,1.47718,0.00103098,0.979532,-0.201288,-0.521907
356,1,-0.227423,-0.148376,1.47735,0.00103098,0.979532,-0.201288,-0.521907
357,0,-0.226919,-0.147818,1.4772,0.00103098,0.979532,-0.201288,-0.521907
358,1,-0.227516,-0.148578,1.47625,0.00103098,0.979532,-0.201288,-0.521907
359,1,-0.226751,-0.148192,1.47655,0.00103098,0.979532,-0.201288,-0.521907
360,0,-0.227246,-0.148385,1.47703,0.00103098,0.979532,-0.201288,-0.521907
361,0,-0.227499,-0.148251,1.47698,0.00103098,0.979532,-0.201288,-0.521907
362,0,-0.227741,-0.148639,1.47699,0.00103098,0.979532,-0.201288,-0.521907
363,0,-0.227099,-0.148806,1.47783,0.00103098,0.979532,-0.201288,-0.521907
364,0,-0.227209,-0.148531,1.47901,0.00103098,0.979532,-0.201288,-0.521907
365,0,-0.227161,-0.148424,1.47883,0.00103098,0.979532,-0.201288,-0.521907
366,1,-0.226868,-0.148815,1.47729,0.00103098,0.979532,-0.201288,-0.521907
367,0,-0.227219,-0.148613,1.4766,0.00103098,0.979532,-0.201288,-0.521907
368,0,-0.226932,-0.148527,1.47718,0.00103098,0.979532,-0.201288,-0.521907
369,0,-0.226991,-0.148863,1.47719,0.00103098,0.979532,-0.201288,-0.521907
370,0,-0.227448,-0.148888,1.47775,0.00103098,0.979532,-0.201288,-0.521907
371,0,-0.226978,-0.148396,1.47613,0.00103098,0.979532,-0.201288,-0.521907
372,1,-0.226952,-0.148679,1.4766,0.00103098,0.979532,-0.201288,-0.521907
373,0,-0.227365,-0.148815,1.47672,0.00103098,0.979532,-0.201288,-0.521907
374,0,-0.227191,-0.148739,1.47622,0.00103098,0.979532,-0.201288,-0.521907
375,0,-0.22639,-0.149042,1.47575,0.00103098,0.979532,-0.201288,-0.521907
376,0,-0.224746,-0.146626,1.47486,0.00103098,0.979532,-0.201288,-0.521907
377,0,-0.222373,-0.144207,1.4727,0.00103098,0.979532,-0.201288,-0.521907
378,0,-0.216538,-0.137885,1.46701,0.00103098,0.979532,-0.201288,-0.521907
379,0,-0.208533,-0.129811,1.45802,0.00103098,0.979532,-0.201288,-0.521907
380,0,-0.199258,-0.124374,1.45138,0.00103098,0.979532,-0.201288,-0.521907
381,0,-0.186192,-0.113812,1.44067,0.00103098,0.979532,-0.201288,-0.521907
382,0,-0.170905,-0.104488,1.42773,0.00103098,0.979532,-0.201288,-0.521907
383,0,-0.151894,-0.0950548,1.41509,0.00103098,0.979532,-0.201288,-0.521907
384,0,-0.132454,-0.0831309,1.40174,0.00103098,0.979532,-0.201288,-0.521907
385,0,-0.111597,-0.0702643,1.39234,0.00103098,0.979532,-0.201288,-0.521907
386,1,-0.0876367,-0.055587,1.37824,0.00103098,0.979532,-0.201288,-0.521907
387,1,-0.0638512,-0.0415783,1.36436,0.00103098,0.979532,-0.201288,-0.521907
388,1,-0.0384721,-0.0291964,1.35274,0.00103098,0.979532,-0.201288,-0.521907
389,1,-0.0180491,-0.0160389,1.34308,0.00103098,0.979532,-0.201288,-0.521907
390,1,0.00745203,-0.00420402,1.33426,0.00103098,0.979532,-0.201288,-0.521907
391,1,0.0286504,0.00785482,1.32535,0.00103098,0.979532,-0.201288,-0.521907
392,1,0.0512338,0.0194107,1.31704,0.00103098,0.979532,-0.201288,-0.521907
393,1,0.0716265,0.0306473,1.31228,0.00103098,0.979532,-0.201288,-0.521907
394,1,0.0892634,0.0411438,1.31004,0.00103098,0.979532,-0.201288,-0.521907
395,1,0.111235,0.0514659,1.30492,0.00103098,0.979532,-0.201288,-0.521907
396,1,0.124436,0.0594403,1.30742,0.00103098,0.979532,-0.201288,-0.521907
397,1,0.141416,0.0680729,1.30603,0.00103098,0.979532,-0.201288,-0.521907
398,1,0.159901,0.0743467,1.30016,0.00103098,0.979532,-0.201288,-0.521907
399,1,0.172619,0.079929,1.29951,0.00103098,0.979532,-0.201288,-0.521907
400,1,0.184035,0.0840723,1.3014,0.00103098,0.979532,-0.201288,-0.521907
401,1,0.195209,0.0882565,1.3002,0.00103098,0.979532,-0.201288,-0.521907
402,1,0.204057,0.090601,1.30065,0.00103098,0.979532,-0.201288,-0.521907
403,1,0.222135,0.100286,1.29063,0.00103098,0.979532,-0.201288,-0.521907
404,1,0.233385,0.1051,1.28683,0.00103098,0.979532,-0.201288,-0.521907
405,1,0.240649,0.0988114,1.29125,0.00103098,0.979532,-0.201288,-0.521907
406,1,0.242428,0.0951732,1.29962,0.00103098,0.979532,-0.201288,-0.521907
407,1,0.251718,0.0952223,1.29855,0.00103098,0.979532,-0.201288,-0.521907
408,1,0.257347,0.0947052,1.30025,0.00103098,0.979532,-0.201288,-0.521907
409,1,0.263782,0.094929,1.29959,0.00103098,0.979532,-0.201288,-0.521907
410,1,0.275641,0.0943688,1.29548,0.00103098,0.979532,-0.201288,-0.521907
411,1,0.277394,0.0915701,1.29942,0.00103098,0.979532,-0.201288,-0.521907
412,1,0.27988,0.0884035,1.30357,0.00103098,0.979532,-0.201288,-0.521907
413,1,0.285196,0.0886469,1.30216,0.00103098,0.979532,-0.201288,-0.521907
414,1,0.290281,0.0887375,1.30246,0.00103098,0.979532,-0.201288,-0.521907
415,1,0.294083,0.0884839,1.30243,0.00103098,0.979532,-0.201288,-0.521907
416,1,0.297648,0.0892312,1.30219,0.00103098,0.979532,-0.201288,-0.521907
417,1,0.30098,0.0882661,1.30135,0.00103098,0.979532,-0.201288,-0.521907
418,1,0.303351,0.0888671,1.30127,0.00103098,0.979532,-0.201288,-0.521907
419,1,0.305803,0.0888178,1.30118,0.00103098,0.979532,-0.201288,-0.521907
420,1,0.307459,0.0882729,1.30031,0.00103098,0.979532,-0.201288,-0.521907
421,1,0.310075,0.088922,1.30009,0.00103098,0.979532,-0.201288,-0.521907
422,1,0.313448,0.090222,1.29714,0.00103098,0.979532,-0.201288,-0.521907
423,1,0.313088,0.0872418,1.30058,0.00103098,0.979532,-0.201288,-0.521907
424,1,0.31421,0.0842221,1.30193,0.00103098,0.979532,-0.201288,-0.521907
425,1,0.314326,0.0821828,1.30212,0.00103098,0.979532,-0.201288,-0.521907
426,1,0.314541,0.0812468,1.30248,0.00103098,0.979532,-0.201288,-0.521907
427,1,0.314813,0.079889,1.30244,0.00103098,0.979532,-0.201288,-0.521907
428,1,0.315438,0.0794145,1.30289,0.00103098,0.979532,-0.201288,-0.521907
429,1,0.31578,0.0786819,1.30321,0.00103098,0.979532,-0.201288,-0.521907
430,1,0.315094,0.0775074,1.30247,0.00103098,0.979532,-0.201288,-0.521907
431,1,0.31558,0.0763736,1.30204,0.00103098,0.979532,-0.201288,-0.521907
432,1,0.315113,0.0761068,1.30276,0.00103098,0.979532,-0.201288,-0.521907
433,1,0.31532,0.0749626,1.30209,0.00103098,0.979532,-0.201288,-0.521907
434,1,0.31554,0.075725,1.30161,0.00103098,0.979532,-0.201288,-0.521907
435,1,0.31587,0.0747709,1.30142,0.00103098,0.979532,-0.201288,-0.521907
436,1,0.316803,0.0743994,1.30068,0.00103098,0.979532,-0.201288,-0.521907
437,1,0.31678,0.0755517,1.30071,0.00103098,0.979532,-0.201288,-0.521907
438,1,0.317093,0.0732697,1.30053,0.00103098,0.979532,-0.201288,-0.521907
439,1,0.317117,0.0730179,1.3012,0.00103098,0.979532,-0.201288,-0.521907
440,1,0.31756,0.0722606,1.30165,0.00103098,0.979532,-0.201288,-0.521907
441,1,0.318017,0.0732695,1.30119,0.00103098,0.979532,-0.201288,-0.521907
442,1,0.318045,0.0721076,1.30155,0.00103098,0.979532,-0.201288,-0.521907
443,1,0.317915,0.0722071,1.30159,0.00103098,0.979532,-0.201288,-0.521907
444,1,0.318233,0.0719509,1.30161,0.00103098,0.979532,-0.201288,-0.521907
445,1,0.318515,0.0714427,1.30151,0.00103098,0.979532,-0.201288,-0.521907
446,1,0.318711,0.0719451,1.30179,0.00103098,0.979532,-0.201288,-0.521907
447,1,0.318726,0.0706893,1.30179,0.00103098,0.979532,-0.201288,-0.521907
448,1,0.318711,0.0711774,1.30157,0.00103098,0.979532,-0.201288,-0.521907
449,1,0.319297,0.0705185,1.30128,0.00103098,0.979532,-0.201288,-0.521907
450,1,0.319236,0.0714651,1.30081,0.00103098,0.979532,-0.201288,-0.521907
451,1,0.319418,0.0709526,1.30127,0.00103098,0.979532,-0.201288,-0.521907
452,1,0.319331,0.0708852,1.30157,0.00103098,0.979532,-0.201288,-0.521907
453,1,0.319248,0.0702925,1.30194,0.00103098,0.979532,-0.201288,-0.521907
454,1,0.319244,0.0702028,1.30192,0.00103098,0.979532,-0.201288,-0.521907
455,1,0.319144,0.069695,1.30166,0.00103098,0.979532,-0.201288,-0.521907
456,1,0.319298,0.0700632,1.30144,0.00103098,0.979532,-0.201288,-0.521907
457,1,0.319272,0.0696433,1.30116,0.00103098,0.979532,-0.201288,-0.521907
458,1,0.319295,0.0699849,1.30133,0.00103098,0.979532,-0.201288,-0.521907
459,1,0.318792,0.0705584,1.30133,0.00103098,0.979532,-0.201288,-0.521907
460,1,0.319591,0.0709103,1.30131,0.00103098,0.979532,-0.201288,-0.521907
461,1,0.319674,0.0709077,1.30058,0.00103098,0.979532,-0.201288,-0.521907
462,1,0.330314,0.0842163,1.28263,0.00103098,0.979532,-0.201288,-0.521907
463,1,0.318601,0.0703296,1.30085,0.00103098,0.979532,-0.201288,-0.521907
464,1,0.318197,0.0706201,1.30103,0.00103098,0.979532,-0.201288,-0.521907
465,1,0.331189,0.0851826,1.28318,0.00103098,0.979532,-0.201288,-0.521907
466,1,0.31765,0.0707898,1.30093,0.00103098,0.979532,-0.201288,-0.521907
467,1,0.317773,0.0714308,1.30085,0.00103098,0.979532,-0.201288,-0.521907
468,1,0.317737,0.0720419,1.30054,0.00103098,0.979532,-0.201288,-0.521907
469,1,0.317731,0.0723995,1.29998,0.00103098,0.979532,-0.201288,-0.521907
470,1,0.317798,0.0720626,1.30039,0.00103098,0.979532,-0.201288,-0.521907
471,1,0.317979,0.0718743,1.3004,0.00103098,0.979532,-0.201288,-0.521907
472,1,0.330508,0.0877702,1.28207,0.00103098,0.979532,-0.201288,-0.521907
473,1,0.318001,0.0722035,1.30028,0.00103098,0.979532,-0.201288,-0.521907
474,1,0.317971,0.0722283,1.30044,0.00103098,0.979532,-0.201288,-0.521907
475,1,0.329127,0.0829023,1.28465,0.00103098,0.979532,-0.201288,-0.521907
476,1,0.318445,0.0723064,1.30045,0.00103098,0.979532,-0.201288,-0.521907
477,1,0.318932,0.0731189,1.29937,0.00103098,0.979532,-0.201288,-0.521907
478,1,0.31839,0.0721066,1.30047,0.00103098,0.979532,-0.201288,-0.521907
479,1,0.318475,0.0720528,1.3008,0.00103098,0.979532,-0.201288,-0.521907
480,1,0.318167,0.0724159,1.30057,0.00103098,0.979532,-0.201288,-0.521907
481,1,0.31845,0.0726845,1.30091,0.00103098,0.979532,-0.201288,-0.521907
482,1,0.318386,0.0716157,1.30085,0.00103098,0.979532,-0.201288,-0.521907
483,1,0.318168,0.0727402,1.30077,0.00103098,0.979532,-0.201288,-0.521907
484,1,0.331101,0.0872538,1.28264,0.00103098,0.979532,-0.201288,-0.521907
485,1,0.317566,0.0716948,1.30062,0.00103098,0.979532,-0.201288,-0.521907
486,1,0.317128,0.07201,1.30003,0.00103098,0.979532,-0.201288,-0.521907
487,1,0.316982,0.0712089,1.30066,0.00103098,0.979532,-0.201288,-0.521907
488,1,0.317123,0.0703511,1.29961,0.00103098,0.979532,-0.201288,-0.521907
489,1,0.31748,0.0702363,1.29984,0.00103098,0.979532,-0.201288,-0.521907
490,1,0.317254,0.0704078,1.29918,0.00103098,0.979532,-0.201288,-0.521907
491,1,0.316825,0.0704669,1.29937,0.00103098,0.979532,-0.201288,-0.521907
492,1,0.317337,0.0693962,1.29922,0.00103098,0.979532,-0.201288,-0.521907
493,1,0.316971,0.0687256,1.29913,0.00103098,0.979532,-0.201288,-0.521907
494,1,0.317239,0.0697571,1.30017,0.00103098,0.979532,-0.201288,-0.521907
495,1,0.316888,0.0693735,1.29918,0.00103098,0.979532,-0.201288,-0.521907
496,1,0.317245,0.0694104,1.29974,0.00103098,0.979532,-0.201288,-0.521907
497,1,0.316953,0.0694978,1.29908,0.00103098,0.979532,-0.201288,-0.521907
498,1,0.31664,0.06946,1.29931,0.00103098,0.979532,-0.201288,-0.521907
499,1,0.316979,0.0695006,1.29965,0.00103098,0.979532,-0.201288,-0.521907
500,1,0.317199,0.0682729,1.29999,0.00103098,0.979532,-0.201288,-0.521907
501,1,0.316946,0.0691288,1.2999,0.00103098,0.979532,-0.201288,-0.521907
502,1,0.317291,0.0680337,1.30026,0.00103098,0.979532,-0.201288,-0.521907
503,1,0.317478,0.0683702,1.2998,0.00103098,0.979532,-0.201288,-0.521907
504,1,0.317522,0.0695561,1.29967,0.00103098,0.979532,-0.201288,-0.521907
505,1,0.317787,0.0699428,1.30067,0.00103098,0.979532,-0.201288,-0.521907
506,1,0.319337,0.0692953,1.29731,0.00103098,0.979532,-0.201288,-0.521907
507,1,0.317257,0.0691644,1.3008,0.00103098,0.979532,-0.201288,-0.521907
508,1,0.317306,0.0700522,1.30063,0.00103098,0.979532,-0.201288,-0.521907
509,1,0.317268,0.0692845,1.30016,0.00103098,0.979532,-0.201288,-0.521907
510,1,0.317362,0.0705024,1.30021,0.00103098,0.979532,-0.201288,-0.521907
511,1,0.316993,0.0702204,1.30035,0.00103098,0.979532,-0.201288,-0.521907
512,1,0.316844,0.0702697,1.30052,0.00103098,0.979532,-0.201288,-0.521907
513,1,0.316672,0.071742,1.29997,0.00103098,0.979532,-0.201288,-0.521907
514,1,0.316889,0.070556,1.30044,0.00103098,0.979532,-0.201288,-0.521907
515,1,0.316594,0.0713584,1.30001,0.00103098,0.979532,-0.201288,-0.521907
516,1,0.316989,0.0723278,1.30029,0.00103098,0.979532,-0.201288,-0.521907
517,1,0.317016,0.0714507,1.29972,0.00103098,0.979532,-0.201288,-0.521907
518,1,0.316719,0.0716262,1.30018,0.00103098,0.979532,-0.201288,-0.521907
519,1,0.316741,0.0716143,1.29999,0.00103098,0.979532,-0.201288,-0.521907
520,1,0.316562,0.0716781,1.29984,0.00103098,0.979532,-0.201288,-0.521907
521,1,0.316548,0.071807,1.30043,0.00103098,0.979532,-0.201288,-0.521907
522,1,0.316457,0.0718081,1.30016,0.00103098,0.979532,-0.201288,-0.521907
523,1,0.316737,0.0716178,1.29988,0.00103098,0.979532,-0.201288,-0.521907
524,1,0.316353,0.0726871,1.2998,0.00103098,0.979532,-0.201288,-0.521907
525,1,0.316747,0.0718976,1.30023,0.00103098,0.979532,-0.201288,-0.521907
526,1,0.316701,0.0721537,1.30081,0.00103098,0.979532,-0.201288,-0.521907
527,1,0.317182,0.0719109,1.30063,0.00103098,0.979532,-0.201288,-0.521907
528,1,0.316736,0.0719698,1.30019,0.00103098,0.979532,-0.201288,-0.521907
529,1,0.316748,0.0720251,1.30004,0.00103098,0.979532,-0.201288,-0.521907
530,1,0.315706,0.0722874,1.30083,0.00103098,0.979532,-0.201288,-0.521907
531,1,0.314901,0.0728016,1.30021,0.00103098,0.979532,-0.201288,-0.521907
532,1,0.312991,0.073671,1.30142,0.00103098,0.979532,-0.201288,-0.521907
533,1,0.309356,0.0766887,1.30376,0.00103098,0.979532,-0.201288,-0.521907
534,1,0.302914,0.0832389,1.30587,0.00103098,0.979532,-0.201288,-0.521907
535,1,0.294099,0.0905632,1.3104,0.00103098,0.979532,-0.201288,-0.521907
536,1,0.283184,0.101222,1.31659,0.00103098,0.979532,-0.201288,-0.521907
537,1,0.269914,0.114677,1.3235,0.00103098,0.979532,-0.201288,-0.521907
538,1,0.255518,0.129191,1.33214,0.00103098,0.979532,-0.201288,-0.521907
539,1,0.240286,0.146738,1.3399,0.00103098,0.979532,-0.201288,-0.521907
540,1,0.225096,0.164466,1.35167,0.00103098,0.979532,-0.201288,-0.521907
541,1,0.20975,0.184558,1.36446,0.00103098,0.979532,-0.201288,-0.521907
542,1,0.193409,0.203943,1.37596,0.00103098,0.979532,-0.201288,-0.521907
543,1,0.175788,0.222906,1.38892,0.00103098,0.979532,-0.201288,-0.521907
544,1,0.160129,0.242973,1.40119,0.00103098,0.979532,-0.201288,-0.521907
545,1,0.144759,0.264288,1.41432,0.00103098,0.979532,-0.201288,-0.521907
546,1,0.132092,0.287193,1.42893,0.00103098,0.979532,-0.201288,-0.521907
547,1,0.120362,0.304746,1.44459,0.00103098,0.979532,-0.201288,-0.521907
548,1,0.109295,0.320215,1.45711,0.00103098,0.979532,-0.201288,-0.521907
549,1,0.0974632,0.335055,1.46941,0.00103098,0.979532,-0.201288,-0.521907
550,1,0.0927961,0.341392,1.47815,0.00103098,0.979532,-0.201288,-0.521907
551,1,0.0863701,0.352634,1.49126,0.00103098,0.979532,-0.201288,-0.521907
552,1,0.0800596,0.362349,1.50067,0.00103098,0.979532,-0.201288,-0.521907
553,1,0.0764893,0.376671,1.50877,0.00103098,0.979532,-0.201288,-0.521907
554,1,0.0754724,0.384246,1.51724,0.00103098,0.979532,-0.201288,-0.521907
555,1,0.070346,0.385822,1.52514,0.00103098,0.979532,-0.201288,-0.521907
556,1,0.0688502,0.389195,1.52974,0.00103098,0.979532,-0.201288,-0.521907
557,1,0.0674935,0.392445,1.53316,0.00103098,0.979532,-0.201288,-0.521907
558,1,0.0665495,0.396955,1.53582,0.00103098,0.979532,-0.201288,-0.521907
559,1,0.0659949,0.39667,1.53733,0.00103098,0.979532,-0.201288,-0.521907
560,1,0.0665868,0.396473,1.53615,0.00103098,0.979532,-0.201288,-0.521907
561,1,0.0643251,0.401224,1.53928,0.00103098,0.979532,-0.201288,-0.521907
562,1,0.0647129,0.400013,1.53702,0.00103098,0.979532,-0.201288,-0.521907
563,1,0.0646242,0.401061,1.53896,0.00103098,0.979532,-0.201288,-0.521907
564,1,0.0623536,0.403675,1.54247,0.00103098,0.979532,-0.201288,-0.521907
565,1,0.0626871,0.404234,1.54294,0.00103098,0.979532,-0.201288,-0.521907
566,1,0.0635227,0.416657,1.54743,0.00103098,0.979532,-0.201288,-0.521907
567,1,0.0637897,0.416817,1.5469,0.00103098,0.979532,-0.201288,-0.521907
568,1,0.0642248,0.406016,1.5457,0.00103098,0.979532,-0.201288,-0.521907
569,1,0.0647904,0.405109,1.54536,0.00103098,0.979532,-0.201288,-0.521907
570,1,0.064589,0.405053,1.54512,0.00103098,0.979532,-0.201288,-0.521907
571,1,0.0636207,0.404852,1.54507,0.00103098,0.979532,-0.201288,-0.521907
572,1,0.0638504,0.404268,1.54401,0.00103098,0.979532,-0.201288,-0.521907
573,1,0.0634099,0.404855,1.54434,0.00103098,0.979532,-0.201288,-0.521907
574,1,0.0625333,0.40529,1.54343,0.00103098,0.979532,-0.201288,-0.521907
575,1,0.0625759,0.405677,1.54169,0.00103098,0.979532,-0.201288,-0.521907
576,1,0.0619475,0.406669,1.54165,0.00103098,0.979532,-0.201288,-0.521907
577,1,0.0603634,0.416843,1.54195,0.00103098,0.979532,-0.201288,-0.521907
578,1,0.0622309,0.405697,1.53769,0.00103098,0.979532,-0.201288,-0.521907
579,1,0.0618649,0.40536,1.53604,0.00103098,0.979532,-0.201288,-0.521907
580,1,0.0593014,0.41474,1.53607,0.00103098,0.979532,-0.201288,-0.521907
581,1,0.060654,0.403169,1.53237,0.00103098,0.979532,-0.201288,-0.521907
582,1,0.0595585,0.412267,1.53232,0.00103098,0.979532,-0.201288,-0.521907
583,1,0.0587972,0.398675,1.52627,0.00103098,0.979532,-0.201288,-0.521907
584,1,0.0569164,0.391838,1.51936,0.00103098,0.979532,-0.201288,-0.521907
585,1,0.0528905,0.394363,1.51218,0.00103098,0.979532,-0.201288,-0.521907
586,1,0.0500329,0.379371,1.50063,0.00103098,0.979532,-0.201288,-0.521907
587,1,0.0466899,0.376253,1.48683,0.00103098,0.979532,-0.201288,-0.521907
588,1,0.0415164,0.364557,1.47159,0.00103098,0.979532,-0.201288,-0.521907
589,1,0.0363213,0.346658,1.454,0.00103098,0.979532,-0.201288,-0.521907
590,1,0.0279327,0.33149,1.4352,0.00103098,0.979532,-0.201288,-0.521907
591,1,0.0172753,0.316299,1.41278,0.00103098,0.979532,-0.201288,-0.521907
592,1,-0.000298199,0.302768,1.38919,0.00103098,0.979532,-0.201288,-0.521907
593,1,-0.00994262,0.265126,1.36273,0.00103098,0.979532,-0.201288,-0.521907
594,1,-0.027403,0.231324,1.33699,0.00103098,0.979532,-0.201288,-0.521907
595,1,-0.0470659,0.196578,1.31253,0.00103098,0.979532,-0.201288,-0.521907
596,1,-0.0670733,0.161854,1.29333,0.00103098,0.979532,-0.201288,-0.521907
597,1,-0.0883285,0.125418,1.27623,0.00103098,0.979532,-0.201288,-0.521907
598,1,-0.109237,0.0898755,1.2626,0.00103098,0.979532,-0.201288,-0.521907
599,1,-0.132322,0.0515088,1.25157,0.00103098,0.979532,-0.201288,-0.521907
600,1,-0.153028,0.0130302,1.24768,0.00103098,0.979532,-0.201288,-0.521907
601,1,-0.173405,-0.0208082,1.24417,0.00103098,0.979532,-0.201288,-0.521907
602,1,-0.185998,-0.0496171,1.24345,0.00103098,0.979532,-0.201288,-0.521907
603,0,-0.197518,-0.073733,1.24337,0.00103098,0.979532,-0.201288,-0.521907
604,0,-0.207741,-0.0936057,1.24338,0.00103098,0.979532,-0.201288,-0.521907
605,0,-0.218708,-0.110691,1.24104,0.00103098,0.979532,-0.201288,-0.521907
606,0,-0.227619,-0.125718,1.23954,0.00103098,0.979532,-0.201288,-0.521907
607,0,-0.236528,-0.137788,1.23747,0.00103098,0.979532,-0.201288,-0.521907
608,0,-0.243297,-0.148277,1.23581,0.00103098,0.979532,-0.201288,-0.521907
609,0,-0.250681,-0.157729,1.23424,0.00103098,0.979532,-0.201288,-0.521907
610,0,-0.254346,-0.167121,1.23326,0.00103098,0.979532,-0.201288,-0.521907
611,0,-0.258414,-0.17588,1.23294,0.00103098,0.979532,-0.201288,-0.521907
612,0,-0.261031,-0.18297,1.23232,0.00103098,0.979532,-0.201288,-0.521907
613,0,-0.264185,-0.190364,1.23384,0.00103098,0.979532,-0.201288,-0.521907
614,0,-0.26523,-0.195392,1.23526,0.00103098,0.979532,-0.201288,-0.521907
615,0,-0.265899,-0.195321,1.23472,0.00103098,0.979532,-0.201288,-0.521907
616,0,-0.266146,-0.194653,1.23464,0.00103098,0.979532,-0.201288,-0.521907
617,0,-0.265179,-0.194689,1.23453,0.00103098,0.979532,-0.201288,-0.521907
618,0,-0.2645,-0.195459,1.23404,0.00103098,0.979532,-0.201288,-0.521907
619,0,-0.263882,-0.196471,1.23408,0.00103098,0.979532,-0.201288,-0.521907
620,0,-0.263752,-0.196784,1.23401,0.00103098,0.979532,-0.201288,-0.521907
621,0,-0.263687,-0.196991,1.2339,0.00103098,0.979532,-0.201288,-0.521907
622,0,-0.263668,-0.197205,1.23439,0.00103098,0.979532,-0.201288,-0.521907
623,0,-0.264301,-0.197736,1.23384,0.00103098,0.979532,-0.201288,-0.521907
624,0,-0.263965,-0.192507,1.22925,0.00103098,0.979532,-0.201288,-0.521907
625,0,-0.264504,-0.197421,1.23288,0.00103098,0.979532,-0.201288,-0.521907
626,0,-0.264083,-0.198839,1.23228,0.00103098,0.979532,-0.201288,-0.521907
627,0,-0.26449,-0.198512,1.23288,0.00103098,0.979532,-0.201288,-0.521907
628,0,-0.264033,-0.199161,1.23232,0.00103098,0.979532,-0.201288,-0.521907
629,0,-0.264553,-0.199197,1.23228,0.00103098,0.979532,-0.201288,-0.521907
630,0,-0.263885,-0.199239,1.23228,0.00103098,0.979532,-0.201288,-0.521907
631,0,-0.264317,-0.198918,1.23265,0.00103098,0.979532,-0.201288,-0.521907
632,0,-0.263639,-0.198924,1.23234,0.00103098,0.979532,-0.201288,-0.521907
633,0,-0.263918,-0.198734,1.23261,0.00103098,0.979532,-0.201288,-0.521907
634,0,-0.264015,-0.199238,1.23218,0.00103098,0.979532,-0.201288,-0.521907
635,0,-0.263819,-0.199113,1.23229,0.00103098,0.979532,-0.201288,-0.521907
636,0,-0.264247,-0.199385,1.23212,0.00103098,0.979532,-0.201288,-0.521907
637,0,-0.264411,-0.198584,1.23278,0.00103098,0.979532,-0.201288,-0.521907
638,0,-0.264378,-0.198577,1.23293,0.00103098,0.979532,-0.201288,-0.521907
639,0,-0.263873,-0.19901,1.23211,0.00103098,0.979532,-0.201288,-0.521907
640,0,-0.264212,-0.198698,1.2326,0.00103098,0.979532,-0.201288,-0.521907
641,0,-0.264411,-0.198328,1.23266,0.00103098,0.979532,-0.201288,-0.521907
642,0,-0.263875,-0.198506,1.23277,0.00103098,0.979532,-0.201288,-0.521907
643,0,-0.264109,-0.198684,1.2326,0.00103098,0.979532,-0.201288,-0.521907
644,0,-0.263874,-0.198259,1.23263,0.00103098,0.979532,-0.201288,-0.521907
645,0,-0.264257,-0.198174,1.23257,0.00103098,0.979532,-0.201288,-0.521907
646,0,-0.264399,-0.197998,1.23303,0.00103098,0.979532,-0.201288,-0.521907
647,0,-0.264209,-0.198414,1.23217,0.00103098,0.979532,-0.201288,-0.521907
648,0,-0.264182,-0.198554,1.23212,0.00103098,0.979532,-0.201288,-0.521907
649,0,-0.264096,-0.198425,1.23234,0.00103098,0.979532,-0.201288,-0.521907
650,0,-0.264415,-0.198735,1.2322,0.00103098,0.979532,-0.201288,-0.521907
652,0,-0.264445,-0.198105,1.23259,0.00103098,0.979532,-0.201288,-0.521907
653,0,-0.264019,-0.198731,1.23278,0.00103098,0.979532,-0.201288,-0.521907
654,0,-0.264342,-0.198464,1.23225,0.00103098,0.979532,-0.201288,-0.521907
655,0,-0.264114,-0.198518,1.23235,0.00103098,0.979532,-0.201288,-0.521907
656,0,-0.264517,-0.19841,1.23248,0.00103098,0.979532,-0.201288,-0.521907
658,0,-0.264138,-0.198377,1.2327,0.00103098,0.979532,-0.201288,-0.521907
659,0,-0.264101,-0.199027,1.23254,0.00103098,0.979532,-0.201288,-0.521907
660,0,-0.263901,-0.198726,1.23257,0.00103098,0.979532,-0.201288,-0.521907
661,0,-0.264297,-0.198586,1.23237,0.00103098,0.979532,-0.201288,-0.521907
662,0,-0.264976,-0.198194,1.23278,0.00103098,0.979532,-0.201288,-0.521907
663,0,-0.264377,-0.198308,1.23259,0.00103098,0.979532,-0.201288,-0.521907
664,0,-0.264017,-0.198397,1.23222,0.00103098,0.979532,-0.201288,-0.521907
665,0,-0.264015,-0.198513,1.23253,0.00103098,0.979532,-0.201288,-0.521907
666,0,-0.264181,-0.198824,1.23207,0.00103098,0.979532,-0.201288,-0.521907
668,0,-0.264596,-0.198077,1.23272,0.00103098,0.979532,-0.201288,-0.521907
669,0,-0.264361,-0.198726,1.23234,0.00103098,0.979532,-0.201288,-0.521907
670,0,-0.264215,-0.198085,1.2328,0.00103098,0.979532,-0.201288,-0.521907
671,0,-0.264452,-0.198551,1.23258,0.00103098,0.979532,-0.201288,-0.521907
672,0,-0.264369,-0.198552,1.2328,0.00103098,0.979532,-0.201288,-0.521907
673,0,-0.264503,-0.198193,1.23257,0.00103098,0.979532,-0.201288,-0.521907
674,0,-0.264126,-0.198638,1.23291,0.00103098,0.979532,-0.201288,-0.521907
675,0,-0.264619,-0.198241,1.23256,0.00103098,0.979532,-0.201288,-0.521907
676,0,-0.264306,-0.198332,1.2324,0.00103098,0.979532,-0.201288,-0.521907
677,0,-0.264223,-0.19822,1.23271,0.00103098,0.979532,-0.201288,-0.521907
679,0,-0.264037,-0.198854,1.23239,0.00103098,0.979532,-0.201288,-0.521907
680,0,-0.264166,-0.198552,1.23256,0.00103098,0.979532,-0.201288,-0.521907
681,0,-0.263966,-0.198606,1.23234,0.00103098,0.979532,-0.201288,-0.521907
682,0,-0.264589,-0.198272,1.23252,0.00103098,0.979532,-0.201288,-0.521907
683,0,-0.26429,-0.198621,1.23238,0.00103098,0.979532,-0.201288,-0.521907
684,0,-0.264809,-0.198352,1.23269,0.00103098,0.979532,-0.201288,-0.521907
685,0,-0.264715,-0.197775,1.23258,0.00103098,0.979532,-0.201288,-0.521907
686,0,-0.264608,-0.197914,1.23293,0.00103098,0.979532,-0.201288,-0.521907
687,0,-0.264257,-0.198747,1.23276,0.00103098,0.979532,-0.201288,-0.521907
688,0,-0.264487,-0.198788,1.23281,0.00103098,0.979532,-0.201288,-0.521907
689,0,-0.264113,-0.19845,1.23208,0.00103098,0.979532,-0.201288,-0.521907
690,0,-0.263938,-0.198475,1.23166,0.00103098,0.979532,-0.201288,-0.521907
691,0,-0.264091,-0.198271,1.23194,0.00103098,0.979532,-0.201288,-0.521907
692,0,-0.264575,-0.198519,1.23194,0.00103098,0.979532,-0.201288,-0.521907
693,0,-0.264329,-0.198457,1.23244,0.00103098,0.979532,-0.201288,-0.521907
694,0,-0.264236,-0.198625,1.23236,0.00103098,0.979532,-0.201288,-0.521907
695,0,-0.264651,-0.198296,1.23226,0.00103098,0.979532,-0.201288,-0.521907
696,0,-0.264318,-0.198061,1.23222,0.00103098,0.979532,-0.201288,-0.521907
697,0,-0.264446,-0.198487,1.23203,0.00103098,0.979532,-0.201288,-0.521907
698,0,-0.264245,-0.198088,1.23193,0.00103098,0.979532,-0.201288,-0.521907
699,0,-0.264414,-0.19769,1.23246,0.00103098,0.979532,-0.201288,-0.521907
700,0,-0.264244,-0.1983,1.23174,0.00103098,0.979532,-0.201288,-0.521907
701,0,-0.264308,-0.198302,1.23232,0.00103098,0.979532,-0.201288,-0.521907
702,0,-0.263833,-0.19854,1.23223,0.00103098,0.979532,-0.201288,-0.521907
703,0,-0.26374,-0.198296,1.23213,0.00103098,0.979532,-0.201288,-0.521907
704,0,-0.264215,-0.197779,1.23218,0.00103098,0.979532,-0.201288,-0.521907
705,0,-0.264359,-0.198211,1.23236,0.00103098,0.979532,-0.201288,-0.521907
706,0,-0.263581,-0.198764,1.23203,0.00103098,0.979532,-0.201288,-0.521907
707,0,-0.264719,-0.19867,1.23219,0.00103098,0.979532,-0.201288,-0.521907
708,0,-0.263986,-0.198289,1.23165,0.00103098,0.979532,-0.201288,-0.521907
709,0,-0.264356,-0.197925,1.23188,0.00103098,0.979532,-0.201288,-0.521907
710,0,-0.264732,-0.198083,1.23222,0.00103098,0.979532,-0.201288,-0.521907
711,0,-0.264568,-0.197643,1.23229,0.00103098,0.979532,-0.201288,-0.521907
712,0,-0.264604,-0.198053,1.23217,0.00103098,0.979532,-0.201288,-0.521907
713,0,-0.264455,-0.197886,1.23232,0.00103098,0.979532,-0.201288,-0.521907
714,0,-0.264765,-0.19836,1.23201,0.00103098,0.979532,-0.201288,-0.521907
715,0,-0.264275,-0.198156,1.2322,0.00103098,0.979532,-0.201288,-0.521907
716,0,-0.264542,-0.198022,1.23235,0.00103098,0.979532,-0.201288,-0.521907
717,0,-0.264273,-0.198163,1.23235,0.00103098,0.979532,-0.201288,-0.521907
718,0,-0.264283,-0.198039,1.23216,0.00103098,0.979532,-0.201288,-0.521907
719,0,-0.264924,-0.197741,1.23232,0.00103098,0.979532,-0.201288,-0.521907
720,0,-0.26459,-0.197921,1.23201,0.00103098,0.979532,-0.201288,-0.521907
721,0,-0.264859,-0.197786,1.23234,0.00103098,0.979532,-0.201288,-0.521907
722,0,-0.263999,-0.198472,1.23124,0.00103098,0.979532,-0.201288,-0.521907
723,0,-0.264558,-0.197704,1.23184,0.00103098,0.979532,-0.201288,-0.521907
724,0,-0.26419,-0.19789,1.23195,0.00103098,0.979532,-0.201288,-0.521907
725,0,-0.265161,-0.19768,1.23211,0.00103098,0.979532,-0.201288,-0.521907
726,0,-0.264406,-0.198266,1.23174,0.00103098,0.979532,-0.201288,-0.521907
728,0,-0.264575,-0.198203,1.23171,0.00103098,0.979532,-0.201288,-0.521907
729,0,-0.264003,-0.198335,1.23166,0.00103098,0.979532,-0.201288,-0.521907
730,0,-0.263975,-0.198735,1.2319,0.00103098,0.979532,-0.201288,-0.521907
731,0,-0.264227,-0.198301,1.23183,0.00103098,0.979532,-0.201288,-0.521907
732,0,-0.264365,-0.198282,1.23214,0.00103098,0.979532,-0.201288,-0.521907
733,0,-0.264253,-0.198104,1.23201,0.00103098,0.979532,-0.201288,-0.521907
734,0,-0.264457,-0.197625,1.23176,0.00103098,0.979532,-0.201288,-0.521907
735,0,-0.26444,-0.197948,1.2321,0.00103098,0.979532,-0.201288,-0.521907
736,0,-0.264738,-0.197846,1.23241,0.00103098,0.979532,-0.201288,-0.521907
737,0,-0.264558,-0.197655,1.23166,0.00103098,0.979532,-0.201288,-0.521907
739,0,-0.264651,-0.197916,1.232,0.00103098,0.979532,-0.201288,-0.521907
740,0,-0.264404,-0.198102,1.23163,0.00103098,0.979532,-0.201288,-0.521907
741,0,-0.264747,-0.197693,1.23214,0.00103098,0.979532,-0.201288,-0.521907
742,0,-0.264917,-0.197638,1.23195,0.00103098,0.979532,-0.201288,-0.521907
743,0,-0.265321,-0.197272,1.23251,0.00103098,0.979532,-0.201288,-0.521907
