0.000000,0.000000,-1.000000,-1.000000,0.000000,-1.000000,0.049830,-0.442929,0.279579,1.076610
1.000000,0.000000,-1.000000,-1.000000,0.000000,-1.000000,0.049931,-0.440049,0.277903,1.083845
2.000000,0.000000,-1.000000,-1.000000,0.000000,-1.000000,0.047978,-0.437513,0.278552,1.090070
3.000000,0.000000,-1.000000,-1.000000,0.000000,-1.000000,0.045859,-0.435563,0.279840,1.094155
4.000000,0.000000,-1.000000,-1.000000,0.000000,-1.000000,0.043850,-0.434666,0.281442,1.096260
5.000000,0.000000,-1.000000,-1.000000,0.000000,-1.000000,0.041909,-0.434623,0.283141,1.097563
6.000000,0.000000,-1.000000,-1.000000,0.000000,-1.000000,0.039428,-0.434470,0.285498,1.098401
7.000000,0.000000,-1.000000,-1.000000,0.000000,-1.000000,0.037101,-0.434359,0.287734,1.099074
8.000000,0.000000,-1.000000,-1.000000,0.000000,-1.000000,0.034978,-0.434271,0.289762,1.099742
9.000000,0.000000,-1.000000,-1.000000,0.000000,-1.000000,0.031382,-0.433379,0.292695,1.103167
10.000000,0.000000,-1.000000,-1.000000,0.000000,-1.000000,0.027845,-0.433150,0.295932,1.104920
11.000000,0.000000,-1.000000,-1.000000,0.000000,-1.000000,0.024890,-0.433529,0.298831,1.105471
12.000000,0.000000,-1.000000,-1.000000,0.000000,-1.000000,0.022453,-0.434256,0.301306,1.105523
13.000000,0.000000,-1.000000,-1.000000,0.000000,-1.000000,0.020298,-0.434847,0.303469,1.105694
14.000000,0.000000,-1.000000,-1.000000,0.000000,-1.000000,0.018408,-0.435137,0.305334,1.105992
15.000000,0.000000,-1.000000,-1.000000,0.000000,-1.000000,0.017473,-0.435479,0.306195,1.106407
16.000000,0.000000,-1.000000,-1.000000,0.000000,-1.000000,0.017068,-0.435708,0.306533,1.106739
17.000000,0.000000,-1.000000,-1.000000,0.000000,-1.000000,0.017019,-0.435991,0.306573,1.106768
18.000000,0.000000,-1.000000,-1.000000,0.000000,-1.000000,0.016980,-0.436088,0.306641,1.106634
19.000000,0.000000,-1.000000,-1.000000,0.000000,-1.000000,0.016823,-0.436594,0.306633,1.107362
20.000000,0.000000,-1.000000,-1.000000,0.000000,-1.000000,0.016268,-0.437326,0.306799,1.109121
21.000000,0.000000,-1.000000,-1.000000,0.000000,-1.000000,0.015417,-0.437973,0.307182,1.111270
22.000000,0.000000,-1.000000,-1.000000,0.000000,-1.000000,0.014906,-0.438810,0.307176,1.113593
23.000000,0.000000,-1.000000,-1.000000,0.000000,-1.000000,0.014482,-0.439612,0.307101,1.115830
24.000000,0.000000,-1.000000,-1.000000,0.000000,-1.000000,0.013976,-0.440449,0.307096,1.118121
25.000000,0.000000,-1.000000,-1.000000,0.000000,-1.000000,0.013267,-0.441405,0.307280,1.120497
26.000000,0.000000,-1.000000,-1.000000,0.000000,-1.000000,0.012384,-0.442416,0.307602,1.123049
27.000000,0.000000,-1.000000,-1.000000,0.000000,-1.000000,0.011505,-0.443632,0.307951,1.125442
28.000000,0.000000,-1.000000,-1.000000,0.000000,-1.000000,0.010517,-0.444478,0.308607,1.126988
29.000000,0.000000,-1.000000,-1.000000,0.000000,-1.000000,0.010307,-0.445030,0.308686,1.127562
30.000000,0.000000,-1.000000,-1.000000,0.000000,-1.000000,0.010202,-0.445729,0.308752,1.127708
31.000000,0.000000,-1.000000,-1.000000,0.000000,-1.000000,0.009774,-0.446337,0.309152,1.127838
32.000000,0.000000,-1.000000,-1.000000,0.000000,-1.000000,0.009300,-0.446803,0.309616,1.127909
33.000000,0.000000,-1.000000,-1.000000,0.000000,-1.000000,0.008818,-0.447412,0.310151,1.127686
34.000000,0.000000,-1.000000,-1.000000,0.000000,-1.000000,0.008359,-0.448138,0.310616,1.127663
35.000000,0.000000,-1.000000,-1.000000,0.000000,-1.000000,0.008096,-0.448650,0.310897,1.127577
36.000000,0.000000,-1.000000,-1.000000,0.000000,-1.000000,0.007724,-0.449007,0.311294,1.127489
37.000000,0.000000,-1.000000,-1.000000,0.000000,-1.000000,0.007561,-0.449350,0.311456,1.127487
38.000000,0.000000,-1.000000,-1.000000,0.000000,-1.000000,0.007078,-0.449603,0.311972,1.127376
39.000000,0.000000,-1.000000,-1.000000,0.000000,-1.000000,0.006747,-0.449693,0.312307,1.127389
40.000000,0.000000,-1.000000,-1.000000,0.000000,-1.000000,0.006625,-0.449544,0.312463,1.127258
41.000000,0.000000,-1.000000,-1.000000,0.000000,-1.000000,0.006649,-0.449441,0.312451,1.127210
42.000000,0.000000,-1.000000,-1.000000,0.000000,-1.000000,0.006788,-0.449151,0.312277,1.127369
43.000000,0.000000,-1.000000,-1.000000,0.000000,-1.000000,0.006967,-0.448667,0.312124,1.127261
44.000000,0.000000,-1.000000,-1.000000,0.000000,-1.000000,0.007214,-0.448295,0.311904,1.127140
45.000000,0.000000,-1.000000,-1.000000,0.000000,-1.000000,0.007126,-0.447895,0.311965,1.127294
46.000000,0.000000,-1.000000,-1.000000,0.000000,-1.000000,0.007015,-0.447529,0.312073,1.127342
47.000000,0.000000,-1.000000,-1.000000,0.000000,-1.000000,0.007052,-0.447241,0.312066,1.127223
48.000000,0.000000,-1.000000,-1.000000,0.000000,-1.000000,0.007172,-0.446865,0.311938,1.127269
49.000000,0.000000,-1.000000,-1.000000,0.000000,-1.000000,0.007110,-0.446651,0.311982,1.127373
50.000000,0.000000,-1.000000,-1.000000,0.000000,-1.000000,0.007043,-0.446442,0.312064,1.127327
51.000000,0.000000,-1.000000,-1.000000,0.000000,-1.000000,0.006926,-0.446240,0.312203,1.127250
52.000000,0.000000,-1.000000,-1.000000,0.000000,-1.000000,0.006797,-0.446379,0.312320,1.127311
53.000000,0.000000,-1.000000,-1.000000,0.000000,-1.000000,0.006595,-0.446516,0.312494,1.127450
54.000000,0.000000,-1.000000,-1.000000,0.000000,-1.000000,0.006735,-0.446718,0.312361,1.127391
55.000000,0.000000,-1.000000,-1.000000,0.000000,-1.000000,0.006797,-0.446855,0.312298,1.127380
56.000000,0.000000,-1.000000,-1.000000,0.000000,-1.000000,0.006701,-0.446995,0.312387,1.127413
57.000000,0.000000,-1.000000,-1.000000,0.000000,-1.000000,0.006511,-0.447317,0.312600,1.127311
58.000000,0.000000,-1.000000,-1.000000,0.000000,-1.000000,0.006526,-0.447611,0.312600,1.127222
59.000000,0.000000,-1.000000,-1.000000,0.000000,-1.000000,0.006447,-0.448007,0.312650,1.127336
60.000000,0.000000,-1.000000,-1.000000,0.000000,-1.000000,0.006213,-0.448504,0.312842,1.127522
61.000000,0.000000,-1.000000,-1.000000,0.000000,-1.000000,0.006323,-0.448592,0.312829,1.127063
62.000000,0.000000,-1.000000,-1.000000,0.000000,-1.000000,0.006404,-0.448868,0.312850,1.126580
63.000000,0.000000,-1.000000,-1.000000,0.000000,-1.000000,0.006614,-0.449105,0.312743,1.126082
64.000000,0.000000,-1.000000,-1.000000,0.000000,-1.000000,0.006848,-0.449318,0.312589,1.125684
65.000000,0.000000,-1.000000,-1.000000,0.000000,-1.000000,0.007184,-0.449563,0.312331,1.125281
66.000000,0.000000,-1.000000,-1.000000,0.000000,-1.000000,0.007408,-0.449846,0.312204,1.124802
67.000000,0.000000,-1.000000,-1.000000,0.000000,-1.000000,0.007519,-0.450201,0.312186,1.124353
68.000000,0.000000,-1.000000,-1.000000,0.000000,-1.000000,0.007832,-0.450595,0.311989,1.123772
69.000000,0.000000,-1.000000,-1.000000,0.000000,-1.000000,0.008243,-0.450899,0.311719,1.123074
70.000000,0.000000,-1.000000,-1.000000,0.000000,-1.000000,0.008145,-0.451395,0.311835,1.122972
71.000000,0.000000,-1.000000,-1.000000,0.000000,-1.000000,0.007981,-0.451808,0.312009,1.122918
72.000000,0.000000,-1.000000,-1.000000,0.000000,-1.000000,0.008057,-0.452248,0.311942,1.122843
73.000000,0.000000,-1.000000,-1.000000,0.000000,-1.000000,0.008053,-0.452717,0.311983,1.122650
74.000000,0.000000,-1.000000,-1.000000,0.000000,-1.000000,0.007974,-0.453231,0.312080,1.122542
75.000000,0.000000,-1.000000,-1.000000,0.000000,-1.000000,0.007987,-0.453711,0.312058,1.122549
76.000000,0.000000,-1.000000,-1.000000,0.000000,-1.000000,0.008056,-0.454209,0.312012,1.122410
77.000000,0.000000,-1.000000,-1.000000,0.000000,-1.000000,0.008026,-0.454674,0.312079,1.122216
78.000000,0.000000,-1.000000,-1.000000,0.000000,-1.000000,0.007887,-0.455411,0.312281,1.121900
79.000000,0.000000,-1.000000,-1.000000,0.000000,-1.000000,0.007951,-0.455999,0.312267,1.121637
80.000000,0.000000,-1.000000,-1.000000,0.000000,-1.000000,0.008005,-0.456407,0.312248,1.121443
81.000000,0.000000,-1.000000,-1.000000,0.000000,-1.000000,0.008114,-0.456797,0.312178,1.121236
82.000000,0.000000,-1.000000,-1.000000,0.000000,-1.000000,0.008975,-0.457432,0.311304,1.121157
83.000000,0.000000,-1.000000,-1.000000,0.000000,-1.000000,0.010274,-0.457484,0.309991,1.121076
84.000000,0.000000,-1.000000,-1.000000,0.000000,-1.000000,0.011563,-0.457573,0.308709,1.120896
85.000000,3.000000,143.000000,143.000000,0.004611,0.000000,0.013224,-0.457296,0.307033,1.120796
86.000000,1.000000,143.000000,143.000000,0.005547,0.000000,0.014833,-0.456711,0.305377,1.120864
87.000000,1.000000,143.000000,143.000000,0.006528,0.000000,0.016305,-0.455453,0.303767,1.121399
88.000000,1.000000,143.000000,143.000000,0.007342,0.000000,0.017546,-0.454142,0.302401,1.121904
89.000000,1.000000,143.000000,143.000000,0.008065,0.000000,0.018832,-0.452866,0.301031,1.122222
90.000000,1.000000,143.000000,143.000000,0.008581,0.000000,0.020003,-0.451471,0.299798,1.122457
91.000000,1.000000,143.000000,143.000000,0.008616,0.000000,0.020552,-0.449815,0.299223,1.122620
92.000000,1.000000,143.000000,143.000000,0.008107,0.000000,0.020773,-0.448627,0.298978,1.122777
93.000000,1.000000,143.000000,143.000000,0.007752,0.000000,0.020998,-0.447341,0.298742,1.122884
94.000000,1.000000,143.000000,143.000000,0.006846,0.000000,0.020632,-0.446441,0.299096,1.123036
95.000000,1.000000,143.000000,143.000000,0.005817,0.000000,0.020157,-0.445879,0.299537,1.123274
96.000000,1.000000,143.000000,143.000000,0.004447,0.000000,0.019914,-0.445862,0.299801,1.123211
97.000000,1.000000,143.000000,143.000000,0.003140,0.000000,0.019891,-0.446025,0.299898,1.122870
98.000000,1.000000,143.000000,143.000000,0.002597,0.000000,0.019984,-0.445696,0.299883,1.122530
99.000000,1.000000,143.000000,143.000000,0.002287,0.000000,0.020160,-0.445286,0.299775,1.122231
100.000000,1.000000,143.000000,143.000000,0.002948,0.000000,0.021012,-0.444055,0.299023,1.121767
101.000000,1.000000,143.000000,143.000000,0.004364,0.000000,0.022253,-0.442256,0.297835,1.121506
102.000000,1.000000,143.000000,143.000000,0.005903,0.000000,0.023521,-0.440316,0.296591,1.121382
103.000000,1.000000,143.000000,143.000000,0.008242,0.000000,0.025313,-0.437696,0.294916,1.120824
104.000000,1.000000,143.000000,143.000000,0.011950,0.000000,0.027497,-0.433354,0.292850,1.120329
105.000000,1.000000,143.000000,143.000000,0.016025,0.000000,0.030216,-0.428324,0.290295,1.119613
106.000000,1.000000,143.000000,143.000000,0.020577,0.000000,0.033293,-0.422205,0.287362,1.119011
107.000000,1.000000,143.000000,143.000000,0.025806,0.000000,0.037265,-0.414920,0.283500,1.118538
108.000000,1.000000,143.000000,143.000000,0.030919,0.000000,0.041953,-0.407171,0.278852,1.118333
109.000000,1.000000,143.000000,143.000000,0.035641,0.000000,0.047089,-0.399061,0.273707,1.118319
110.000000,1.000000,143.000000,143.000000,0.040954,0.000000,0.053127,-0.389767,0.267673,1.118220
111.000000,1.000000,143.000000,143.000000,0.047620,0.000000,0.060603,-0.378605,0.260237,1.117920
112.000000,1.000000,0.000000,6.000000,0.054741,0.000000,0.069267,-0.366213,0.251608,1.117589
113.000000,1.000000,0.000000,6.000000,0.061463,0.000000,0.078876,-0.353294,0.242145,1.116690
114.000000,1.000000,0.000000,6.000000,0.068582,0.000000,0.089197,-0.338884,0.231982,1.115749
115.000000,1.000000,0.000000,6.000000,0.075878,0.000000,0.100472,-0.323303,0.220859,1.114804
116.000000,1.000000,0.000000,6.000000,0.083092,0.000000,0.113279,-0.307217,0.208224,1.113632
117.000000,1.000000,0.000000,6.000000,0.090763,0.000000,0.127467,-0.289901,0.194232,1.112284
118.000000,1.000000,0.000000,6.000000,0.097921,0.000000,0.142507,-0.272033,0.179421,1.110723
119.000000,1.000000,0.000000,6.000000,0.104064,0.000000,0.157834,-0.253798,0.164261,1.109436
120.000000,1.000000,0.000000,6.000000,0.108978,0.000000,0.173283,-0.235427,0.149004,1.108026
121.000000,1.000000,0.000000,6.000000,0.113175,0.000000,0.188989,-0.216710,0.133439,1.106840
122.000000,1.000000,0.000000,6.000000,0.116185,0.000000,0.205354,-0.198818,0.117081,1.106129
123.000000,1.000000,0.000000,6.000000,0.117893,0.000000,0.222537,-0.182304,0.099727,1.106041
124.000000,1.000000,0.000000,6.000000,0.118330,0.000000,0.240602,-0.167652,0.081309,1.106553
125.000000,1.000000,0.000000,6.000000,0.117099,0.000000,0.258597,-0.155121,0.062720,1.108022
126.000000,1.000000,0.000000,6.000000,0.115284,0.000000,0.277039,-0.144519,0.043359,1.110776
127.000000,1.000000,0.000000,6.000000,0.113799,0.000000,0.296233,-0.135702,0.022912,1.114827
128.000000,1.000000,0.000000,6.000000,0.112240,0.000000,0.315691,-0.128878,0.002132,1.119040
129.000000,1.000000,0.000000,6.000000,0.110999,0.000000,0.335118,-0.123633,-0.018821,1.124068
130.000000,1.000000,0.000000,6.000000,0.110325,0.000000,0.354576,-0.119446,-0.039932,1.129594
131.000000,1.000000,0.000000,6.000000,0.110176,0.000000,0.374084,-0.115290,-0.061041,1.134883
132.000000,1.000000,0.000000,6.000000,0.109619,0.000000,0.392784,-0.110205,-0.081229,1.139809
133.000000,1.000000,0.000000,6.000000,0.107631,0.000000,0.409646,-0.104457,-0.099567,1.144927
134.000000,1.000000,0.000000,6.000000,0.103503,0.000000,0.424174,-0.098615,-0.115448,1.149760
135.000000,1.000000,0.000000,6.000000,0.096603,0.000000,0.435687,-0.092689,-0.128073,1.153846
136.000000,1.000000,0.000000,6.000000,0.087368,0.000000,0.444083,-0.086442,-0.137324,1.157150
137.000000,1.000000,0.000000,6.000000,0.077617,0.000000,0.450431,-0.080257,-0.144464,1.160390
138.000000,1.000000,0.000000,6.000000,0.067811,0.000000,0.455174,-0.074569,-0.149915,1.163400
139.000000,1.000000,149.000000,149.000000,0.058039,0.000000,0.458070,-0.069576,-0.153505,1.166512
140.000000,1.000000,149.000000,149.000000,0.048465,0.000000,0.458944,-0.065642,-0.155158,1.170158
141.000000,1.000000,149.000000,149.000000,0.039722,0.000000,0.458653,-0.063220,-0.155724,1.174183
142.000000,1.000000,149.000000,149.000000,0.032493,0.000000,0.458543,-0.061900,-0.156385,1.177739
143.000000,1.000000,149.000000,149.000000,0.027310,0.000000,0.458763,-0.060721,-0.157342,1.181093
144.000000,1.000000,149.000000,149.000000,0.023515,0.000000,0.459253,-0.059760,-0.158498,1.184091
145.000000,1.000000,149.000000,149.000000,0.020961,0.000000,0.460061,-0.058867,-0.159961,1.186998
146.000000,1.000000,149.000000,149.000000,0.019128,0.000000,0.460677,-0.057889,-0.161205,1.189806
147.000000,1.000000,149.000000,149.000000,0.017820,0.000000,0.461778,-0.056943,-0.162883,1.192331
148.000000,1.000000,149.000000,149.000000,0.016818,0.000000,0.463004,-0.056290,-0.164669,1.194747
149.000000,1.000000,149.000000,149.000000,0.015806,0.000000,0.464663,-0.055984,-0.166784,1.196629
150.000000,1.000000,149.000000,149.000000,0.014427,0.000000,0.465492,-0.055942,-0.167995,1.198253
151.000000,1.000000,149.000000,149.000000,0.013079,0.000000,0.465749,-0.055778,-0.168628,1.199919
152.000000,1.000000,149.000000,149.000000,0.011591,0.000000,0.465717,-0.055540,-0.168913,1.201364
153.000000,1.000000,149.000000,149.000000,0.010633,0.000000,0.466562,-0.055058,-0.170046,1.202588
154.000000,1.000000,149.000000,149.000000,0.009438,0.000000,0.466535,-0.054732,-0.170303,1.203887
155.000000,1.000000,149.000000,149.000000,0.008587,0.000000,0.467376,-0.054332,-0.171366,1.204816
156.000000,1.000000,149.000000,149.000000,0.008016,0.000000,0.468214,-0.054285,-0.172462,1.205884
157.000000,1.000000,149.000000,149.000000,0.007446,0.000000,0.468909,-0.054378,-0.173391,1.206850
158.000000,1.000000,149.000000,149.000000,0.007253,0.000000,0.469315,-0.054414,-0.174102,1.208174
159.000000,1.000000,149.000000,149.000000,0.007626,0.000000,0.470480,-0.054335,-0.175578,1.209440
160.000000,1.000000,149.000000,149.000000,0.007795,0.000000,0.471635,-0.054354,-0.176983,1.210433
161.000000,1.000000,149.000000,149.000000,0.007780,0.000000,0.472434,-0.054083,-0.178026,1.211460
162.000000,1.000000,149.000000,149.000000,0.007584,0.000000,0.472904,-0.054005,-0.178758,1.212587
163.000000,1.000000,149.000000,149.000000,0.008183,0.000000,0.474804,-0.054166,-0.180879,1.213358
164.000000,1.000000,149.000000,149.000000,0.008207,0.000000,0.476020,-0.054572,-0.182302,1.214124
165.000000,1.000000,149.000000,149.000000,0.007765,0.000000,0.476723,-0.054840,-0.183186,1.214840
166.000000,1.000000,149.000000,149.000000,0.007162,0.000000,0.477511,-0.055329,-0.184067,1.215142
167.000000,1.000000,149.000000,149.000000,0.006538,0.000000,0.478318,-0.055862,-0.184923,1.215237
168.000000,1.000000,149.000000,149.000000,0.005758,0.000000,0.479112,-0.056357,-0.185664,1.214880
169.000000,1.000000,149.000000,149.000000,0.005059,0.000000,0.479703,-0.057129,-0.186117,1.214148
170.000000,1.000000,149.000000,149.000000,0.005352,0.000000,0.479959,-0.059072,-0.186112,1.212827
171.000000,1.000000,149.000000,149.000000,0.007176,0.000000,0.479451,-0.061738,-0.185128,1.210576
172.000000,1.000000,149.000000,149.000000,0.010806,0.000000,0.478308,-0.064961,-0.183244,1.207180
173.000000,1.000000,149.000000,149.000000,0.015538,0.000000,0.477213,-0.068509,-0.181133,1.202520
174.000000,1.000000,149.000000,149.000000,0.021643,0.000000,0.476074,-0.072897,-0.178599,1.196109
175.000000,1.000000,149.000000,149.000000,0.028855,0.000000,0.473923,-0.078079,-0.174711,1.188226
176.000000,1.000000,149.000000,149.000000,0.037606,0.000000,0.471410,-0.084004,-0.169909,1.177866
177.000000,1.000000,149.000000,149.000000,0.047014,0.000000,0.468526,-0.091110,-0.164410,1.166009
178.000000,1.000000,6.000000,4.000000,0.057250,1.000000,0.464855,-0.099072,-0.157679,1.152181
179.000000,1.000000,6.000000,4.000000,0.067706,1.000000,0.460080,-0.107133,-0.149422,1.136586
180.000000,1.000000,6.000000,4.000000,0.078375,1.000000,0.453291,-0.115260,-0.138794,1.119607
181.000000,1.000000,6.000000,4.000000,0.088762,1.000000,0.444379,-0.123761,-0.125869,1.102054
182.000000,1.000000,6.000000,4.000000,0.098799,1.000000,0.432815,-0.133237,-0.110284,1.084698
183.000000,1.000000,6.000000,4.000000,0.107744,1.000000,0.418149,-0.142528,-0.091745,1.068362
184.000000,1.000000,6.000000,4.000000,0.115340,1.000000,0.401056,-0.151238,-0.070984,1.053250
185.000000,1.000000,6.000000,4.000000,0.121888,1.000000,0.380613,-0.159531,-0.047305,1.040468
186.000000,1.000000,6.000000,4.000000,0.128815,1.000000,0.356705,-0.167470,-0.020431,1.029308
187.000000,1.000000,6.000000,4.000000,0.134920,1.000000,0.330663,-0.175355,0.008065,1.020683
188.000000,1.000000,6.000000,4.000000,0.140102,1.000000,0.302956,-0.183089,0.037663,1.014777
189.000000,1.000000,6.000000,4.000000,0.143985,1.000000,0.274088,-0.190313,0.067762,1.011992
190.000000,1.000000,6.000000,4.000000,0.147616,1.000000,0.243831,-0.196870,0.098762,1.011586
191.000000,1.000000,6.000000,4.000000,0.150580,1.000000,0.212979,-0.202438,0.129969,1.013053
192.000000,1.000000,6.000000,4.000000,0.152907,1.000000,0.182126,-0.207625,0.161000,1.015340
193.000000,1.000000,6.000000,4.000000,0.153069,1.000000,0.152795,-0.212581,0.190307,1.018381
194.000000,1.000000,6.000000,4.000000,0.150390,1.000000,0.125835,-0.217132,0.217129,1.021691
195.000000,1.000000,147.000000,147.000000,0.144274,1.000000,0.102023,-0.220724,0.240594,1.025651
196.000000,1.000000,147.000000,147.000000,0.135782,1.000000,0.080992,-0.223015,0.261276,1.029398
197.000000,1.000000,147.000000,147.000000,0.124946,1.000000,0.063298,-0.225019,0.278676,1.032544
198.000000,1.000000,147.000000,147.000000,0.112132,1.000000,0.048978,-0.226655,0.292804,1.034888
199.000000,1.000000,147.000000,147.000000,0.097483,1.000000,0.038236,-0.227679,0.303409,1.036626
200.000000,1.000000,147.000000,147.000000,0.081756,1.000000,0.030856,-0.228266,0.310775,1.037469
201.000000,1.000000,147.000000,147.000000,0.065447,1.000000,0.026709,-0.228678,0.314832,1.038303
202.000000,1.000000,147.000000,147.000000,0.050584,1.000000,0.024130,-0.228733,0.317376,1.038740
203.000000,1.000000,147.000000,147.000000,0.038200,1.000000,0.022100,-0.228754,0.319376,1.039097
204.000000,1.000000,147.000000,147.000000,0.028599,1.000000,0.020130,-0.228868,0.321390,1.039113
205.000000,1.000000,147.000000,147.000000,0.021320,1.000000,0.018311,-0.229080,0.323281,1.038979
206.000000,2.000000,147.000000,147.000000,0.016386,1.000000,0.016269,-0.228727,0.325391,1.038921
207.000000,0.000000,147.000000,147.000000,0.000000,1.000000,0.014087,-0.228273,0.327682,1.038702
208.000000,0.000000,147.000000,147.000000,0.000000,1.000000,0.011795,-0.227925,0.330099,1.038419
209.000000,0.000000,147.000000,147.000000,0.000000,1.000000,0.009461,-0.227670,0.332558,1.038129
210.000000,0.000000,147.000000,147.000000,0.000000,1.000000,0.007202,-0.227161,0.334994,1.037618
211.000000,0.000000,147.000000,147.000000,0.000000,1.000000,0.005172,-0.226726,0.337155,1.037279
212.000000,0.000000,147.000000,147.000000,0.000000,1.000000,0.003843,-0.226395,0.338582,1.037012
213.000000,0.000000,147.000000,147.000000,0.000000,1.000000,0.003101,-0.226150,0.339445,1.036564
214.000000,0.000000,147.000000,147.000000,0.000000,1.000000,0.002583,-0.225992,0.340048,1.036249
215.000000,0.000000,147.000000,147.000000,0.000000,1.000000,0.002312,-0.226027,0.340397,1.035931
216.000000,0.000000,147.000000,147.000000,0.000000,1.000000,0.002186,-0.226260,0.340584,1.035653
217.000000,0.000000,147.000000,147.000000,0.000000,1.000000,0.002163,-0.226641,0.340657,1.035407
218.000000,0.000000,147.000000,147.000000,0.000000,1.000000,0.002176,-0.227157,0.340660,1.035302
219.000000,0.000000,147.000000,147.000000,0.000000,1.000000,0.002275,-0.227726,0.340582,1.035163
220.000000,0.000000,147.000000,147.000000,0.000000,1.000000,0.002376,-0.228303,0.340538,1.034858
221.000000,0.000000,147.000000,147.000000,0.000000,1.000000,0.002490,-0.228823,0.340490,1.034517
222.000000,0.000000,147.000000,147.000000,0.000000,1.000000,0.002438,-0.229284,0.340579,1.034327
223.000000,0.000000,147.000000,147.000000,0.000000,1.000000,0.002524,-0.229647,0.340542,1.034077
224.000000,0.000000,147.000000,147.000000,0.000000,1.000000,0.002456,-0.229905,0.340625,1.034001
225.000000,0.000000,147.000000,147.000000,0.000000,1.000000,0.002534,-0.229879,0.340574,1.033873
226.000000,0.000000,147.000000,147.000000,0.000000,1.000000,0.002664,-0.229670,0.340452,1.033832
227.000000,0.000000,147.000000,147.000000,0.000000,1.000000,0.002716,-0.229279,0.340401,1.033848
228.000000,0.000000,147.000000,147.000000,0.000000,1.000000,0.002638,-0.228684,0.340456,1.033999
229.000000,0.000000,147.000000,147.000000,0.000000,1.000000,0.002714,-0.227845,0.340336,1.034238
230.000000,0.000000,147.000000,147.000000,0.000000,1.000000,0.002770,-0.226860,0.340244,1.034457
231.000000,0.000000,147.000000,147.000000,0.000000,1.000000,0.002934,-0.225671,0.340031,1.034738
232.000000,0.000000,147.000000,147.000000,0.000000,1.000000,0.003109,-0.224362,0.339823,1.034947
233.000000,0.000000,147.000000,147.000000,0.000000,1.000000,0.003370,-0.223010,0.339565,1.034990
234.000000,0.000000,147.000000,147.000000,0.000000,1.000000,0.003493,-0.221647,0.339418,1.035170
235.000000,0.000000,147.000000,147.000000,0.000000,1.000000,0.003704,-0.220207,0.339194,1.035298
236.000000,0.000000,147.000000,147.000000,0.000000,1.000000,0.004003,-0.218933,0.338902,1.035314
237.000000,0.000000,147.000000,147.000000,0.000000,1.000000,0.004280,-0.217716,0.338688,1.035072
238.000000,0.000000,147.000000,147.000000,0.000000,1.000000,0.004412,-0.216777,0.338610,1.034878
239.000000,0.000000,147.000000,147.000000,0.000000,1.000000,0.004561,-0.215937,0.338522,1.034640
240.000000,0.000000,147.000000,147.000000,0.000000,1.000000,0.004771,-0.215363,0.338383,1.034333
241.000000,0.000000,147.000000,147.000000,0.000000,1.000000,0.004800,-0.215022,0.338395,1.034169
242.000000,0.000000,147.000000,147.000000,0.000000,1.000000,0.004960,-0.214735,0.338266,1.034030
243.000000,0.000000,147.000000,147.000000,0.000000,1.000000,0.005112,-0.214593,0.338148,1.033872
244.000000,0.000000,147.000000,147.000000,0.000000,1.000000,0.005071,-0.214644,0.338207,1.033792
245.000000,0.000000,147.000000,147.000000,0.000000,1.000000,0.004937,-0.214597,0.338355,1.033750
246.000000,0.000000,147.000000,147.000000,0.000000,1.000000,0.004771,-0.214610,0.338490,1.033907
247.000000,0.000000,147.000000,147.000000,0.000000,1.000000,0.004759,-0.214523,0.338517,1.033841
248.000000,0.000000,147.000000,147.000000,0.000000,1.000000,0.004786,-0.214480,0.338511,1.033749
249.000000,0.000000,147.000000,147.000000,0.000000,1.000000,0.004798,-0.214379,0.338490,1.033794
250.000000,0.000000,147.000000,147.000000,0.000000,1.000000,0.004971,-0.214209,0.338297,1.033874
251.000000,0.000000,147.000000,147.000000,0.000000,1.000000,0.004917,-0.213927,0.338336,1.033967
252.000000,0.000000,147.000000,147.000000,0.000000,1.000000,0.004776,-0.213664,0.338479,1.033989
253.000000,0.000000,147.000000,147.000000,0.000000,1.000000,0.004836,-0.213333,0.338477,1.033743
254.000000,0.000000,147.000000,147.000000,0.000000,1.000000,0.004935,-0.212976,0.338436,1.033497
255.000000,0.000000,147.000000,147.000000,0.000000,1.000000,0.005149,-0.212589,0.338277,1.033247
256.000000,0.000000,147.000000,147.000000,0.000000,1.000000,0.005424,-0.212251,0.338031,1.033110
257.000000,0.000000,147.000000,147.000000,0.000000,1.000000,0.005625,-0.211888,0.337850,1.033023
258.000000,0.000000,147.000000,147.000000,0.000000,1.000000,0.005971,-0.211422,0.337591,1.032622
259.000000,0.000000,147.000000,147.000000,0.000000,1.000000,0.006348,-0.210986,0.337276,1.032329
260.000000,0.000000,147.000000,147.000000,0.000000,1.000000,0.007242,-0.210686,0.336428,1.032042
261.000000,0.000000,147.000000,147.000000,0.000000,1.000000,0.008432,-0.210285,0.335350,1.031432
262.000000,0.000000,147.000000,147.000000,0.000000,1.000000,0.009566,-0.209762,0.334265,1.031123
263.000000,0.000000,147.000000,147.000000,0.000000,1.000000,0.010633,-0.209092,0.333186,1.031102
264.000000,0.000000,147.000000,147.000000,0.000000,1.000000,0.011707,-0.208432,0.332094,1.031108
265.000000,3.000000,147.000000,147.000000,0.006045,1.000000,0.012869,-0.207064,0.330892,1.031242
266.000000,1.000000,147.000000,147.000000,0.007538,1.000000,0.014295,-0.204890,0.329423,1.031416
267.000000,1.000000,147.000000,147.000000,0.009919,1.000000,0.016031,-0.201614,0.327642,1.031632
268.000000,1.000000,147.000000,147.000000,0.013461,1.000000,0.017850,-0.196751,0.325727,1.032167
269.000000,1.000000,147.000000,147.000000,0.017447,1.000000,0.019520,-0.191022,0.323844,1.033307
270.000000,1.000000,147.000000,147.000000,0.022487,1.000000,0.021680,-0.184058,0.321271,1.035356
271.000000,1.000000,147.000000,147.000000,0.027647,1.000000,0.024496,-0.176548,0.317982,1.037644
272.000000,1.000000,147.000000,147.000000,0.032998,1.000000,0.028687,-0.168666,0.313198,1.040336
273.000000,1.000000,147.000000,147.000000,0.039023,1.000000,0.034663,-0.160171,0.306446,1.043691
274.000000,1.000000,147.000000,147.000000,0.045697,1.000000,0.042620,-0.151287,0.297503,1.047798
275.000000,1.000000,147.000000,147.000000,0.053242,1.000000,0.052759,-0.142142,0.286124,1.052818
276.000000,1.000000,147.000000,147.000000,0.060578,1.000000,0.064819,-0.133959,0.272653,1.058330
277.000000,1.000000,4.000000,6.000000,0.068207,0.000000,0.079045,-0.126287,0.256970,1.063776
278.000000,1.000000,4.000000,6.000000,0.076822,0.000000,0.095110,-0.117729,0.239389,1.069337
279.000000,1.000000,4.000000,6.000000,0.085171,0.000000,0.112494,-0.109357,0.220407,1.075113
280.000000,1.000000,4.000000,6.000000,0.093691,0.000000,0.131671,-0.100466,0.199667,1.080566
281.000000,1.000000,4.000000,6.000000,0.101246,0.000000,0.151700,-0.091698,0.178065,1.085961
282.000000,1.000000,4.000000,6.000000,0.107246,0.000000,0.171901,-0.083245,0.156264,1.091441
283.000000,1.000000,4.000000,6.000000,0.111591,0.000000,0.192054,-0.075138,0.134519,1.096863
284.000000,1.000000,4.000000,6.000000,0.114147,0.000000,0.211962,-0.067710,0.113067,1.102060
285.000000,1.000000,4.000000,6.000000,0.115894,0.000000,0.231738,-0.059906,0.091707,1.107469
286.000000,1.000000,4.000000,6.000000,0.117042,0.000000,0.251731,-0.052395,0.070089,1.113022
287.000000,1.000000,4.000000,6.000000,0.117462,0.000000,0.272141,-0.045659,0.048179,1.117919
288.000000,1.000000,4.000000,6.000000,0.117461,0.000000,0.292540,-0.039615,0.026204,1.123117
289.000000,1.000000,4.000000,6.000000,0.116869,0.000000,0.312257,-0.034655,0.004635,1.129553
290.000000,1.000000,4.000000,6.000000,0.116629,0.000000,0.332255,-0.030164,-0.017289,1.136264
291.000000,1.000000,4.000000,6.000000,0.114927,0.000000,0.351047,-0.026854,-0.037917,1.142629
292.000000,1.000000,4.000000,6.000000,0.112732,0.000000,0.369108,-0.024203,-0.057816,1.149043
293.000000,1.000000,4.000000,6.000000,0.109621,0.000000,0.385963,-0.022088,-0.076469,1.155379
294.000000,1.000000,4.000000,6.000000,0.105356,0.000000,0.401149,-0.020701,-0.093473,1.161939
295.000000,1.000000,4.000000,6.000000,0.099233,0.000000,0.413900,-0.019896,-0.107958,1.168360
296.000000,1.000000,4.000000,6.000000,0.092206,0.000000,0.424719,-0.020379,-0.120539,1.175034
297.000000,1.000000,4.000000,6.000000,0.084057,0.000000,0.433769,-0.021179,-0.131085,1.180699
298.000000,1.000000,149.000000,149.000000,0.074801,0.000000,0.441022,-0.022212,-0.139512,1.185093
299.000000,1.000000,149.000000,149.000000,0.064396,0.000000,0.445819,-0.023216,-0.145268,1.188799
300.000000,1.000000,149.000000,149.000000,0.054878,0.000000,0.449721,-0.023351,-0.150043,1.192273
301.000000,1.000000,149.000000,149.000000,0.045280,0.000000,0.451996,-0.023534,-0.153015,1.195139
302.000000,1.000000,149.000000,149.000000,0.036427,0.000000,0.453457,-0.023674,-0.155008,1.197352
303.000000,1.000000,149.000000,149.000000,0.028528,0.000000,0.454417,-0.023628,-0.156335,1.198899
304.000000,1.000000,149.000000,149.000000,0.022145,0.000000,0.455234,-0.023839,-0.157466,1.200201
305.000000,1.000000,149.000000,149.000000,0.016444,0.000000,0.455255,-0.023601,-0.157711,1.201217
306.000000,1.000000,149.000000,149.000000,0.012274,0.000000,0.455116,-0.023638,-0.157812,1.202308
307.000000,1.000000,149.000000,149.000000,0.009414,0.000000,0.454976,-0.023637,-0.157906,1.203376
308.000000,1.000000,149.000000,149.000000,0.007482,0.000000,0.454740,-0.023654,-0.157894,1.204400
309.000000,1.000000,149.000000,149.000000,0.006219,0.000000,0.454808,-0.023675,-0.158156,1.205262
310.000000,1.000000,149.000000,149.000000,0.005598,0.000000,0.455285,-0.023720,-0.158837,1.206124
311.000000,1.000000,149.000000,149.000000,0.005434,0.000000,0.455877,-0.023615,-0.159658,1.207094
312.000000,1.000000,149.000000,149.000000,0.005431,0.000000,0.456423,-0.023233,-0.160423,1.208038
313.000000,1.000000,149.000000,149.000000,0.005810,0.000000,0.456904,-0.022955,-0.161192,1.209292
314.000000,1.000000,149.000000,149.000000,0.006713,0.000000,0.457600,-0.022875,-0.162277,1.210967
315.000000,1.000000,149.000000,149.000000,0.007825,0.000000,0.458063,-0.022667,-0.163219,1.213076
316.000000,1.000000,149.000000,149.000000,0.009265,0.000000,0.458439,-0.022442,-0.164187,1.215706
317.000000,1.000000,149.000000,149.000000,0.011109,0.000000,0.459185,-0.022411,-0.165637,1.218779
318.000000,1.000000,149.000000,149.000000,0.013150,0.000000,0.459916,-0.022447,-0.167178,1.222331
319.000000,1.000000,149.000000,149.000000,0.015059,0.000000,0.460536,-0.022699,-0.168662,1.226122
320.000000,1.000000,149.000000,149.000000,0.016839,0.000000,0.460875,-0.023069,-0.169925,1.230206
321.000000,1.000000,149.000000,149.000000,0.018758,0.000000,0.461160,-0.023852,-0.171237,1.234732
322.000000,1.000000,149.000000,149.000000,0.020505,0.000000,0.461952,-0.024456,-0.173074,1.239291
323.000000,1.000000,149.000000,149.000000,0.021365,0.000000,0.462803,-0.025001,-0.174856,1.243338
324.000000,1.000000,149.000000,149.000000,0.021618,0.000000,0.463894,-0.024698,-0.176795,1.247041
325.000000,1.000000,149.000000,149.000000,0.021547,0.000000,0.465280,-0.024137,-0.178977,1.250492
326.000000,1.000000,149.000000,149.000000,0.020515,0.000000,0.466058,-0.023416,-0.180398,1.253336
327.000000,1.000000,149.000000,149.000000,0.019023,0.000000,0.466735,-0.022768,-0.181610,1.255701
328.000000,1.000000,149.000000,149.000000,0.017296,0.000000,0.467115,-0.022138,-0.182458,1.257797
329.000000,1.000000,149.000000,149.000000,0.015364,0.000000,0.467568,-0.021494,-0.183276,1.259423
330.000000,1.000000,149.000000,149.000000,0.013342,0.000000,0.468273,-0.020745,-0.184231,1.260517
331.000000,1.000000,149.000000,149.000000,0.010989,0.000000,0.468676,-0.019997,-0.184742,1.261002
332.000000,1.000000,149.000000,149.000000,0.009180,0.000000,0.469209,-0.019385,-0.185395,1.261522
333.000000,1.000000,149.000000,149.000000,0.007099,0.000000,0.469600,-0.019734,-0.185858,1.261780
334.000000,1.000000,149.000000,149.000000,0.004940,0.000000,0.469713,-0.020429,-0.185973,1.261734
335.000000,1.000000,149.000000,149.000000,0.003540,0.000000,0.469973,-0.021031,-0.186247,1.261730
336.000000,1.000000,149.000000,149.000000,0.002601,0.000000,0.470174,-0.021524,-0.186439,1.261633
337.000000,1.000000,149.000000,149.000000,0.002265,0.000000,0.470668,-0.021673,-0.186906,1.261448
338.000000,1.000000,149.000000,149.000000,0.002024,0.000000,0.470925,-0.021805,-0.187125,1.261244
339.000000,1.000000,149.000000,149.000000,0.001854,0.000000,0.471046,-0.021927,-0.187171,1.260882
340.000000,1.000000,149.000000,149.000000,0.001726,0.000000,0.470900,-0.022216,-0.187002,1.260782
341.000000,1.000000,149.000000,149.000000,0.001495,0.000000,0.470563,-0.022371,-0.186637,1.260683
342.000000,1.000000,149.000000,149.000000,0.001239,0.000000,0.470266,-0.022404,-0.186323,1.260633
343.000000,1.000000,149.000000,149.000000,0.000000,0.000000,0.470156,-0.022211,-0.186198,1.260593
344.000000,1.000000,149.000000,149.000000,0.000000,0.000000,0.470180,-0.021939,-0.186184,1.260437
345.000000,1.000000,149.000000,149.000000,0.000000,0.000000,0.470385,-0.021302,-0.186429,1.260634
346.000000,1.000000,149.000000,149.000000,0.001248,0.000000,0.470376,-0.020761,-0.186432,1.260726
347.000000,1.000000,149.000000,149.000000,0.001603,0.000000,0.470276,-0.020328,-0.186400,1.261067
348.000000,1.000000,149.000000,149.000000,0.002054,0.000000,0.469983,-0.020036,-0.186274,1.261866
349.000000,1.000000,149.000000,149.000000,0.002752,0.000000,0.469810,-0.019571,-0.186293,1.262776
350.000000,1.000000,149.000000,149.000000,0.003405,0.000000,0.469702,-0.019049,-0.186375,1.263674
351.000000,1.000000,149.000000,149.000000,0.004102,0.000000,0.469538,-0.018559,-0.186447,1.264782
352.000000,1.000000,149.000000,149.000000,0.004809,0.000000,0.469297,-0.018180,-0.186487,1.266093
353.000000,1.000000,149.000000,149.000000,0.005441,0.000000,0.469062,-0.017969,-0.186558,1.267507
354.000000,1.000000,149.000000,149.000000,0.005559,0.000000,0.468676,-0.018257,-0.186421,1.268648
355.000000,1.000000,149.000000,149.000000,0.005987,0.000000,0.468534,-0.018540,-0.186598,1.270076
356.000000,1.000000,149.000000,149.000000,0.006200,0.000000,0.468955,-0.018609,-0.187302,1.271294
357.000000,1.000000,149.000000,149.000000,0.006357,0.000000,0.469994,-0.018758,-0.188596,1.272313
358.000000,1.000000,149.000000,149.000000,0.006496,0.000000,0.470986,-0.019087,-0.189813,1.273191
359.000000,1.000000,149.000000,149.000000,0.006827,0.000000,0.471845,-0.019546,-0.190932,1.274236
360.000000,1.000000,149.000000,149.000000,0.007169,0.000000,0.472850,-0.020024,-0.192183,1.275193
361.000000,1.000000,149.000000,149.000000,0.007422,0.000000,0.473788,-0.020434,-0.193360,1.276140
362.000000,1.000000,149.000000,149.000000,0.007414,0.000000,0.474728,-0.020628,-0.194492,1.276880
363.000000,1.000000,149.000000,149.000000,0.007170,0.000000,0.475636,-0.020457,-0.195549,1.277461
364.000000,1.000000,149.000000,149.000000,0.006570,0.000000,0.476335,-0.020354,-0.196340,1.277804
365.000000,1.000000,149.000000,149.000000,0.005398,0.000000,0.476403,-0.020448,-0.196457,1.278007
366.000000,1.000000,149.000000,149.000000,0.003193,0.000000,0.475258,-0.020423,-0.195274,1.277967
367.000000,1.000000,149.000000,149.000000,0.001559,0.000000,0.473771,-0.020420,-0.193725,1.277853
368.000000,1.000000,149.000000,149.000000,0.002166,0.000000,0.472363,-0.020415,-0.192214,1.277548
369.000000,1.000000,149.000000,149.000000,0.004009,0.000000,0.470684,-0.020430,-0.190392,1.277092
370.000000,1.000000,149.000000,149.000000,0.005945,0.000000,0.468878,-0.020551,-0.188365,1.276290
371.000000,1.000000,149.000000,149.000000,0.007638,0.000000,0.467128,-0.020887,-0.186342,1.275238
372.000000,1.000000,149.000000,149.000000,0.009139,0.000000,0.465312,-0.021447,-0.184228,1.274067
373.000000,1.000000,149.000000,149.000000,0.010462,0.000000,0.463436,-0.022305,-0.182023,1.272742
374.000000,1.000000,149.000000,149.000000,0.011335,0.000000,0.461978,-0.023169,-0.180154,1.271008
375.000000,1.000000,149.000000,149.000000,0.011451,0.000000,0.461259,-0.023864,-0.179005,1.269114
376.000000,1.000000,149.000000,149.000000,0.011443,0.000000,0.460991,-0.024259,-0.178238,1.266883
377.000000,1.000000,149.000000,149.000000,0.012120,0.000000,0.460159,-0.024708,-0.176840,1.264406
378.000000,1.000000,149.000000,149.000000,0.012679,0.000000,0.459596,-0.024948,-0.175670,1.261731
379.000000,1.000000,149.000000,149.000000,0.013068,0.000000,0.459167,-0.025230,-0.174649,1.259103
380.000000,1.000000,149.000000,149.000000,0.013329,0.000000,0.458567,-0.025330,-0.173479,1.256612
381.000000,1.000000,149.000000,149.000000,0.013827,0.000000,0.457971,-0.025746,-0.172261,1.253859
382.000000,1.000000,149.000000,149.000000,0.014227,0.000000,0.457722,-0.026195,-0.171367,1.250967
383.000000,1.000000,149.000000,149.000000,0.014204,0.000000,0.457548,-0.026651,-0.170622,1.248397
384.000000,1.000000,149.000000,149.000000,0.014099,0.000000,0.457255,-0.027154,-0.169779,1.245931
385.000000,1.000000,149.000000,149.000000,0.014266,0.000000,0.456754,-0.027342,-0.168657,1.243188
386.000000,1.000000,149.000000,149.000000,0.014447,0.000000,0.456578,-0.027167,-0.167813,1.240222
387.000000,1.000000,149.000000,149.000000,0.014714,0.000000,0.456462,-0.027054,-0.167009,1.237156
388.000000,1.000000,149.000000,149.000000,0.015539,0.000000,0.456471,-0.026696,-0.166196,1.233490
389.000000,1.000000,149.000000,149.000000,0.016430,0.000000,0.456775,-0.026400,-0.165639,1.229613
390.000000,1.000000,149.000000,149.000000,0.017474,0.000000,0.457036,-0.025726,-0.164983,1.225516
391.000000,1.000000,149.000000,149.000000,0.019427,0.000000,0.457081,-0.024622,-0.163898,1.220514
392.000000,1.000000,149.000000,149.000000,0.022314,0.000000,0.457097,-0.022995,-0.162544,1.214464
393.000000,1.000000,149.000000,149.000000,0.026404,0.000000,0.457370,-0.020670,-0.161108,1.206922
394.000000,1.000000,149.000000,149.000000,0.031554,0.000000,0.457928,-0.018413,-0.159585,1.197668
395.000000,1.000000,149.000000,149.000000,0.037655,0.000000,0.458424,-0.015677,-0.157637,1.186827
396.000000,1.000000,149.000000,149.000000,0.044026,0.000000,0.457636,-0.012496,-0.154180,1.175146
397.000000,1.000000,6.000000,3.000000,0.050687,0.000000,0.455997,-0.008857,-0.149622,1.162461
398.000000,1.000000,6.000000,3.000000,0.057918,0.000000,0.452904,-0.004509,-0.143325,1.148708
399.000000,1.000000,6.000000,3.000000,0.065446,0.000000,0.448287,0.000896,-0.135292,1.134239
400.000000,1.000000,6.000000,3.000000,0.073297,0.000000,0.442270,0.007815,-0.125659,1.119124
401.000000,1.000000,6.000000,3.000000,0.081539,0.000000,0.434266,0.016000,-0.113872,1.103559
402.000000,1.000000,6.000000,3.000000,0.089640,0.000000,0.424559,0.025360,-0.100337,1.088059
403.000000,1.000000,6.000000,3.000000,0.097040,0.000000,0.413608,0.036299,-0.085679,1.073332
404.000000,1.000000,6.000000,3.000000,0.103439,0.000000,0.401331,0.048118,-0.069891,1.059691
405.000000,1.000000,6.000000,3.000000,0.109036,0.000000,0.388158,0.060625,-0.053325,1.046721
406.000000,1.000000,6.000000,3.000000,0.113837,0.000000,0.373528,0.073822,-0.035546,1.035051
407.000000,1.000000,6.000000,3.000000,0.117450,0.000000,0.357797,0.087244,-0.016969,1.024875
408.000000,1.000000,6.000000,3.000000,0.119627,0.000000,0.341136,0.100370,0.002170,1.016434
409.000000,1.000000,6.000000,3.000000,0.119644,0.000000,0.324273,0.112421,0.021071,1.009919
410.000000,1.000000,6.000000,3.000000,0.118103,0.000000,0.307394,0.123629,0.039620,1.005002
411.000000,1.000000,6.000000,3.000000,0.116391,0.000000,0.289660,0.134431,0.058713,1.001550
412.000000,1.000000,6.000000,3.000000,0.115057,0.000000,0.270661,0.144307,0.078849,0.999178
413.000000,1.000000,6.000000,3.000000,0.114185,0.000000,0.250734,0.153417,0.099738,0.997640
414.000000,1.000000,6.000000,3.000000,0.113799,0.000000,0.230453,0.162190,0.120951,0.996257
415.000000,1.000000,6.000000,3.000000,0.112961,0.000000,0.210498,0.170444,0.141693,0.995458
416.000000,1.000000,6.000000,3.000000,0.111747,0.000000,0.191223,0.178316,0.161796,0.994375
417.000000,1.000000,6.000000,3.000000,0.109453,0.000000,0.173540,0.186044,0.180382,0.992769
418.000000,1.000000,6.000000,3.000000,0.106938,0.000000,0.156388,0.193474,0.198424,0.991141
419.000000,1.000000,146.000000,146.000000,0.103519,0.000000,0.140367,0.200480,0.215293,0.989550
420.000000,1.000000,146.000000,146.000000,0.098216,0.000000,0.126219,0.206255,0.230215,0.988011
421.000000,1.000000,146.000000,146.000000,0.091444,0.000000,0.113729,0.210897,0.243327,0.986899
422.000000,1.000000,146.000000,146.000000,0.083173,0.000000,0.103420,0.214923,0.254078,0.986307
423.000000,1.000000,146.000000,146.000000,0.073925,0.000000,0.095222,0.218371,0.262650,0.985754
424.000000,1.000000,146.000000,146.000000,0.064704,0.000000,0.088575,0.221232,0.269778,0.984513
425.000000,1.000000,146.000000,146.000000,0.055750,0.000000,0.083067,0.223360,0.275727,0.983280
426.000000,1.000000,146.000000,146.000000,0.048084,0.000000,0.077703,0.224759,0.281510,0.982079
427.000000,1.000000,146.000000,146.000000,0.041538,0.000000,0.073030,0.226245,0.286683,0.980448
428.000000,1.000000,146.000000,146.000000,0.035028,0.000000,0.069406,0.226606,0.290649,0.979336
429.000000,1.000000,146.000000,146.000000,0.029369,0.000000,0.066306,0.226178,0.294026,0.978414
430.000000,1.000000,146.000000,146.000000,0.024493,0.000000,0.063812,0.225579,0.296717,0.977767
431.000000,1.000000,146.000000,146.000000,0.020767,0.000000,0.061717,0.224842,0.299091,0.976698
432.000000,1.000000,146.000000,146.000000,0.018103,0.000000,0.059634,0.224494,0.301435,0.975740
433.000000,1.000000,146.000000,146.000000,0.015809,0.000000,0.057746,0.224165,0.303495,0.975151
434.000000,1.000000,146.000000,146.000000,0.013247,0.000000,0.056594,0.223889,0.304740,0.974847
435.000000,1.000000,146.000000,146.000000,0.010636,0.000000,0.056064,0.223774,0.305365,0.974476
436.000000,1.000000,146.000000,146.000000,0.007930,0.000000,0.055948,0.223308,0.305418,0.974742
437.000000,1.000000,146.000000,146.000000,0.006150,0.000000,0.055464,0.223625,0.305923,0.974718
438.000000,1.000000,146.000000,146.000000,0.004829,0.000000,0.055000,0.224480,0.306451,0.974538
439.000000,1.000000,146.000000,146.000000,0.003910,0.000000,0.054659,0.225017,0.306856,0.974321
440.000000,1.000000,146.000000,146.000000,0.003694,0.000000,0.053928,0.225715,0.307603,0.974374
441.000000,1.000000,146.000000,146.000000,0.003667,0.000000,0.053270,0.226423,0.308224,0.974658
442.000000,1.000000,146.000000,146.000000,0.003620,0.000000,0.052700,0.226831,0.308753,0.974928
443.000000,1.000000,146.000000,146.000000,0.003562,0.000000,0.052233,0.227163,0.309212,0.975037
444.000000,1.000000,146.000000,146.000000,0.003169,0.000000,0.052063,0.227287,0.309320,0.975344
445.000000,1.000000,146.000000,146.000000,0.002837,0.000000,0.051823,0.227394,0.309529,0.975519
446.000000,1.000000,146.000000,146.000000,0.002981,0.000000,0.051207,0.227904,0.310167,0.975517
447.000000,1.000000,146.000000,146.000000,0.002991,0.000000,0.050550,0.228166,0.310839,0.975538
448.000000,1.000000,146.000000,146.000000,0.003229,0.000000,0.050052,0.228942,0.311411,0.975311
449.000000,1.000000,146.000000,146.000000,0.003129,0.000000,0.049887,0.229519,0.311665,0.974970
450.000000,1.000000,146.000000,146.000000,0.002187,0.000000,0.050104,0.229236,0.311460,0.974871
451.000000,1.000000,146.000000,146.000000,0.001207,0.000000,0.050709,0.228853,0.310897,0.974588
452.000000,1.000000,146.000000,146.000000,0.000000,0.000000,0.051059,0.228726,0.310568,0.974450
453.000000,1.000000,146.000000,146.000000,0.000000,0.000000,0.051364,0.228958,0.310238,0.974545
454.000000,1.000000,146.000000,146.000000,0.001128,0.000000,0.051664,0.229275,0.309913,0.974640
455.000000,1.000000,146.000000,146.000000,0.001587,0.000000,0.052278,0.229122,0.309236,0.974849
456.000000,2.000000,146.000000,146.000000,0.002205,0.000000,0.052957,0.229149,0.308500,0.975029
457.000000,0.000000,146.000000,146.000000,0.000000,0.000000,0.053500,0.229218,0.307952,0.974993
458.000000,0.000000,146.000000,146.000000,0.000000,0.000000,0.053847,0.229220,0.307680,0.974619
459.000000,0.000000,146.000000,146.000000,0.000000,0.000000,0.053875,0.229108,0.307803,0.973931
460.000000,0.000000,146.000000,146.000000,0.000000,0.000000,0.053803,0.229578,0.307872,0.973987
461.000000,0.000000,146.000000,146.000000,0.000000,0.000000,0.053691,0.229990,0.307961,0.974126
462.000000,0.000000,146.000000,146.000000,0.000000,0.000000,0.053443,0.230205,0.308203,0.974196
463.000000,0.000000,146.000000,146.000000,0.000000,0.000000,0.053173,0.230080,0.308506,0.974069
464.000000,0.000000,146.000000,146.000000,0.000000,0.000000,0.052990,0.229728,0.308726,0.973898
465.000000,0.000000,146.000000,146.000000,0.000000,0.000000,0.052560,0.229106,0.309174,0.973831
466.000000,0.000000,146.000000,146.000000,0.000000,0.000000,0.051773,0.228744,0.310030,0.973583
467.000000,0.000000,146.000000,146.000000,0.000000,0.000000,0.051076,0.228584,0.310725,0.973656
468.000000,0.000000,146.000000,146.000000,0.000000,0.000000,0.050545,0.228805,0.311257,0.973727
469.000000,0.000000,146.000000,146.000000,0.000000,0.000000,0.049754,0.228661,0.312134,0.973418
470.000000,0.000000,146.000000,146.000000,0.000000,0.000000,0.049133,0.228260,0.312847,0.973050
471.000000,0.000000,146.000000,146.000000,0.000000,0.000000,0.049172,0.227550,0.312833,0.972893
472.000000,0.000000,146.000000,146.000000,0.000000,0.000000,0.049181,0.227029,0.312850,0.972737
473.000000,0.000000,146.000000,146.000000,0.000000,0.000000,0.049208,0.226737,0.312853,0.972580
474.000000,0.000000,146.000000,146.000000,0.000000,0.000000,0.049306,0.226703,0.312794,0.972393
475.000000,0.000000,146.000000,146.000000,0.000000,0.000000,0.049211,0.226662,0.312930,0.972217
476.000000,0.000000,146.000000,146.000000,0.000000,0.000000,0.049116,0.226518,0.313107,0.971856
477.000000,0.000000,146.000000,146.000000,0.000000,0.000000,0.048898,0.226473,0.313369,0.971679
478.000000,0.000000,146.000000,146.000000,0.000000,0.000000,0.048633,0.226597,0.313661,0.971594
479.000000,0.000000,146.000000,146.000000,0.000000,0.000000,0.048200,0.226983,0.314120,0.971548
480.000000,0.000000,146.000000,146.000000,0.000000,0.000000,0.047099,0.227637,0.315348,0.971140
481.000000,0.000000,146.000000,146.000000,0.000000,0.000000,0.045912,0.228302,0.316647,0.970813
482.000000,0.000000,146.000000,146.000000,0.000000,0.000000,0.045056,0.229007,0.317581,0.970605
483.000000,0.000000,146.000000,146.000000,0.000000,0.000000,0.044030,0.229515,0.318761,0.970060
484.000000,0.000000,146.000000,146.000000,0.000000,0.000000,0.043318,0.229566,0.319539,0.969844
485.000000,0.000000,146.000000,146.000000,0.000000,0.000000,0.043072,0.229685,0.319725,0.970148
486.000000,0.000000,146.000000,146.000000,0.000000,0.000000,0.042935,0.229826,0.319846,0.970244
487.000000,0.000000,146.000000,146.000000,0.000000,0.000000,0.042707,0.229922,0.320112,0.970107
488.000000,0.000000,146.000000,146.000000,0.000000,0.000000,0.042492,0.229919,0.320392,0.969836
489.000000,0.000000,146.000000,146.000000,0.000000,0.000000,0.042202,0.229907,0.320760,0.969514
490.000000,0.000000,146.000000,146.000000,0.000000,0.000000,0.042088,0.229941,0.320948,0.969199
491.000000,0.000000,146.000000,146.000000,0.000000,0.000000,0.041947,0.229582,0.321150,0.968920
492.000000,0.000000,146.000000,146.000000,0.000000,0.000000,0.042037,0.229140,0.321034,0.968998
493.000000,0.000000,146.000000,146.000000,0.000000,0.000000,0.042275,0.228947,0.320755,0.969144
494.000000,0.000000,146.000000,146.000000,0.000000,0.000000,0.042228,0.228621,0.320834,0.968986
495.000000,0.000000,146.000000,146.000000,0.000000,0.000000,0.042186,0.228107,0.320896,0.968867
496.000000,0.000000,146.000000,146.000000,0.000000,0.000000,0.042481,0.227792,0.320539,0.969092
497.000000,0.000000,146.000000,146.000000,0.000000,0.000000,0.042610,0.228241,0.320357,0.969342
498.000000,0.000000,146.000000,146.000000,0.000000,0.000000,0.043116,0.228145,0.319716,0.969892
499.000000,0.000000,146.000000,146.000000,0.000000,0.000000,0.043412,0.228518,0.319341,0.970232
500.000000,0.000000,146.000000,146.000000,0.000000,0.000000,0.043486,0.228894,0.319248,0.970330
501.000000,0.000000,146.000000,146.000000,0.000000,0.000000,0.043509,0.229633,0.319226,0.970376
502.000000,0.000000,146.000000,146.000000,0.000000,0.000000,0.043523,0.229969,0.319223,0.970344
503.000000,0.000000,146.000000,146.000000,0.000000,0.000000,0.043503,0.230434,0.319261,0.970297
504.000000,0.000000,146.000000,146.000000,0.000000,0.000000,0.043334,0.231003,0.319431,0.970343
505.000000,0.000000,146.000000,146.000000,0.000000,0.000000,0.042904,0.230894,0.319897,0.970226
506.000000,0.000000,146.000000,146.000000,0.000000,0.000000,0.042792,0.230587,0.319990,0.970300
507.000000,0.000000,146.000000,146.000000,0.000000,0.000000,0.042490,0.230742,0.320371,0.969991
508.000000,0.000000,146.000000,146.000000,0.000000,0.000000,0.042367,0.230454,0.320503,0.969947
509.000000,0.000000,146.000000,146.000000,0.000000,0.000000,0.042205,0.229887,0.320654,0.969974
510.000000,0.000000,146.000000,146.000000,0.000000,0.000000,0.042193,0.229548,0.320641,0.970066
511.000000,0.000000,146.000000,146.000000,0.000000,0.000000,0.042241,0.229934,0.320567,0.970208
512.000000,0.000000,146.000000,146.000000,0.000000,0.000000,0.042333,0.230115,0.320445,0.970341
513.000000,0.000000,146.000000,146.000000,0.000000,0.000000,0.042515,0.230037,0.320248,0.970381
514.000000,0.000000,146.000000,146.000000,0.000000,0.000000,0.042725,0.230327,0.320017,0.970471
515.000000,0.000000,146.000000,146.000000,0.000000,0.000000,0.042891,0.230085,0.319849,0.970447
516.000000,0.000000,146.000000,146.000000,0.000000,0.000000,0.043012,0.229744,0.319733,0.970391
517.000000,0.000000,146.000000,146.000000,0.000000,0.000000,0.042953,0.229598,0.319796,0.970372
518.000000,0.000000,146.000000,146.000000,0.000000,0.000000,0.042982,0.230241,0.319807,0.970228
519.000000,0.000000,146.000000,146.000000,0.000000,0.000000,0.042987,0.230410,0.319834,0.970091
520.000000,0.000000,146.000000,146.000000,0.000000,0.000000,0.042922,0.230168,0.319909,0.970039
521.000000,0.000000,146.000000,146.000000,0.000000,0.000000,0.042788,0.230083,0.320080,0.969887
522.000000,0.000000,146.000000,146.000000,0.000000,0.000000,0.042886,0.230166,0.319987,0.969860
523.000000,0.000000,146.000000,146.000000,0.000000,0.000000,0.042731,0.230175,0.320240,0.969434
524.000000,0.000000,146.000000,146.000000,0.000000,0.000000,0.042484,0.230089,0.320573,0.969072
525.000000,0.000000,146.000000,146.000000,0.000000,0.000000,0.042430,0.229974,0.320624,0.969085
526.000000,0.000000,146.000000,146.000000,0.000000,0.000000,0.042581,0.229882,0.320458,0.969130
527.000000,0.000000,146.000000,146.000000,0.000000,0.000000,0.042652,0.229722,0.320333,0.969353
528.000000,0.000000,146.000000,146.000000,0.000000,0.000000,0.042774,0.229781,0.320166,0.969544
529.000000,0.000000,146.000000,146.000000,0.000000,0.000000,0.043016,0.230030,0.319874,0.969754
530.000000,0.000000,146.000000,146.000000,0.000000,0.000000,0.043380,0.230176,0.319430,0.970082
531.000000,0.000000,146.000000,146.000000,0.000000,0.000000,0.043791,0.230206,0.318917,0.970503
532.000000,0.000000,146.000000,146.000000,0.000000,0.000000,0.044642,0.229742,0.317882,0.971204
533.000000,0.000000,146.000000,146.000000,0.000000,0.000000,0.045557,0.229277,0.316778,0.971917
534.000000,0.000000,146.000000,146.000000,0.000000,0.000000,0.046365,0.228964,0.315842,0.972382
535.000000,0.000000,146.000000,146.000000,0.000000,0.000000,0.047151,0.228994,0.314979,0.972643
536.000000,0.000000,146.000000,146.000000,0.000000,0.000000,0.048251,0.228364,0.313794,0.972863
537.000000,0.000000,146.000000,146.000000,0.000000,0.000000,0.049252,0.227681,0.312671,0.973256
538.000000,0.000000,146.000000,146.000000,0.000000,0.000000,0.050218,0.226893,0.311606,0.973543
539.000000,0.000000,146.000000,146.000000,0.000000,0.000000,0.051035,0.226184,0.310711,0.973760
540.000000,0.000000,146.000000,146.000000,0.000000,0.000000,0.051520,0.225558,0.310202,0.973773
541.000000,0.000000,146.000000,146.000000,0.000000,0.000000,0.052062,0.225307,0.309634,0.973814
542.000000,0.000000,146.000000,146.000000,0.000000,0.000000,0.052561,0.225109,0.309111,0.973852
543.000000,0.000000,146.000000,146.000000,0.000000,0.000000,0.053010,0.225081,0.308639,0.973905
544.000000,0.000000,146.000000,146.000000,0.000000,0.000000,0.053466,0.224566,0.308125,0.974082
545.000000,0.000000,146.000000,146.000000,0.000000,0.000000,0.053614,0.224677,0.307939,0.974245
546.000000,0.000000,146.000000,146.000000,0.000000,0.000000,0.053954,0.224819,0.307596,0.974232
547.000000,0.000000,146.000000,146.000000,0.000000,0.000000,0.054297,0.225059,0.307267,0.974147
