0.000000,0.000000,-1.000000,-1.000000,0.000000,-1.000000,0.046016,-0.442210,0.284039,1.074180
1.000000,0.000000,-1.000000,-1.000000,0.000000,-1.000000,0.044007,-0.438425,0.284721,1.080590
2.000000,0.000000,-1.000000,-1.000000,0.000000,-1.000000,0.042127,-0.434709,0.285335,1.086713
3.000000,0.000000,-1.000000,-1.000000,0.000000,-1.000000,0.040598,-0.432654,0.286056,1.090635
4.000000,0.000000,-1.000000,-1.000000,0.000000,-1.000000,0.039202,-0.431550,0.286999,1.092890
5.000000,0.000000,-1.000000,-1.000000,0.000000,-1.000000,0.038356,-0.430831,0.287545,1.094375
6.000000,0.000000,-1.000000,-1.000000,0.000000,-1.000000,0.037551,-0.430321,0.288146,1.095411
7.000000,0.000000,-1.000000,-1.000000,0.000000,-1.000000,0.036682,-0.429853,0.288882,1.096135
8.000000,0.000000,-1.000000,-1.000000,0.000000,-1.000000,0.035544,-0.430055,0.289994,1.096364
9.000000,0.000000,-1.000000,-1.000000,0.000000,-1.000000,0.033032,-0.428523,0.291969,1.099146
10.000000,0.000000,-1.000000,-1.000000,0.000000,-1.000000,0.030972,-0.427509,0.293775,1.100576
11.000000,0.000000,-1.000000,-1.000000,0.000000,-1.000000,0.028796,-0.427251,0.296015,1.100549
12.000000,0.000000,-1.000000,-1.000000,0.000000,-1.000000,0.026849,-0.426970,0.298113,1.100107
13.000000,0.000000,-1.000000,-1.000000,0.000000,-1.000000,0.025121,-0.426629,0.299961,1.099778
14.000000,0.000000,-1.000000,-1.000000,0.000000,-1.000000,0.023401,-0.426323,0.301782,1.099534
15.000000,0.000000,-1.000000,-1.000000,0.000000,-1.000000,0.021857,-0.425991,0.303439,1.099221
16.000000,0.000000,-1.000000,-1.000000,0.000000,-1.000000,0.020536,-0.425941,0.304824,1.099082
17.000000,0.000000,-1.000000,-1.000000,0.000000,-1.000000,0.019743,-0.425453,0.305595,1.099302
18.000000,0.000000,-1.000000,-1.000000,0.000000,-1.000000,0.019445,-0.424938,0.305958,1.099073
19.000000,0.000000,-1.000000,-1.000000,0.000000,-1.000000,0.019150,-0.424916,0.306333,1.098749
20.000000,0.000000,-1.000000,-1.000000,0.000000,-1.000000,0.018702,-0.424913,0.306660,1.099346
21.000000,0.000000,-1.000000,-1.000000,0.000000,-1.000000,0.017545,-0.425465,0.307463,1.101026
22.000000,0.000000,-1.000000,-1.000000,0.000000,-1.000000,0.016299,-0.426128,0.308337,1.102789
23.000000,0.000000,-1.000000,-1.000000,0.000000,-1.000000,0.015029,-0.426712,0.309321,1.104172
24.000000,0.000000,-1.000000,-1.000000,0.000000,-1.000000,0.013852,-0.427386,0.310225,1.105487
25.000000,0.000000,-1.000000,-1.000000,0.000000,-1.000000,0.012722,-0.427854,0.311101,1.106720
26.000000,0.000000,-1.000000,-1.000000,0.000000,-1.000000,0.011584,-0.428115,0.311999,1.107906
27.000000,0.000000,-1.000000,-1.000000,0.000000,-1.000000,0.010365,-0.428705,0.312945,1.109229
28.000000,0.000000,-1.000000,-1.000000,0.000000,-1.000000,0.009059,-0.429166,0.313937,1.110752
29.000000,0.000000,-1.000000,-1.000000,0.000000,-1.000000,0.008422,-0.429767,0.314388,1.111618
30.000000,0.000000,-1.000000,-1.000000,0.000000,-1.000000,0.008450,-0.429952,0.314391,1.111461
31.000000,0.000000,-1.000000,-1.000000,0.000000,-1.000000,0.008586,-0.430027,0.314316,1.111170
32.000000,0.000000,-1.000000,-1.000000,0.000000,-1.000000,0.008693,-0.430088,0.314204,1.111180
33.000000,0.000000,-1.000000,-1.000000,0.000000,-1.000000,0.008687,-0.430054,0.314151,1.111443
34.000000,0.000000,-1.000000,-1.000000,0.000000,-1.000000,0.008691,-0.430106,0.314096,1.111669
35.000000,0.000000,-1.000000,-1.000000,0.000000,-1.000000,0.008667,-0.430216,0.314080,1.111846
36.000000,0.000000,-1.000000,-1.000000,0.000000,-1.000000,0.008531,-0.430266,0.314137,1.112210
37.000000,0.000000,-1.000000,-1.000000,0.000000,-1.000000,0.008441,-0.430352,0.314153,1.112546
38.000000,0.000000,-1.000000,-1.000000,0.000000,-1.000000,0.008393,-0.430391,0.314173,1.112676
39.000000,0.000000,-1.000000,-1.000000,0.000000,-1.000000,0.008405,-0.430446,0.314149,1.112726
40.000000,0.000000,-1.000000,-1.000000,0.000000,-1.000000,0.008302,-0.430525,0.314224,1.112859
41.000000,0.000000,-1.000000,-1.000000,0.000000,-1.000000,0.008289,-0.430553,0.314229,1.112892
42.000000,0.000000,-1.000000,-1.000000,0.000000,-1.000000,0.008364,-0.430578,0.314170,1.112808
43.000000,0.000000,-1.000000,-1.000000,0.000000,-1.000000,0.008320,-0.430540,0.314223,1.112780
44.000000,0.000000,-1.000000,-1.000000,0.000000,-1.000000,0.008168,-0.430566,0.314303,1.113116
45.000000,0.000000,-1.000000,-1.000000,0.000000,-1.000000,0.008072,-0.430726,0.314354,1.113319
46.000000,0.000000,-1.000000,-1.000000,0.000000,-1.000000,0.008040,-0.430785,0.314397,1.113267
47.000000,0.000000,-1.000000,-1.000000,0.000000,-1.000000,0.008016,-0.430822,0.314407,1.113331
48.000000,0.000000,-1.000000,-1.000000,0.000000,-1.000000,0.007911,-0.430848,0.314456,1.113593
49.000000,0.000000,-1.000000,-1.000000,0.000000,-1.000000,0.008036,-0.430909,0.314305,1.113690
50.000000,3.000000,143.000000,143.000000,0.000000,0.000000,0.008064,-0.430979,0.314221,1.113932
51.000000,1.000000,143.000000,143.000000,0.001211,0.000000,0.007834,-0.431197,0.314341,1.114440
52.000000,1.000000,143.000000,143.000000,0.001406,0.000000,0.007758,-0.431427,0.314343,1.114764
53.000000,1.000000,143.000000,143.000000,0.001586,0.000000,0.007555,-0.431727,0.314478,1.115074
54.000000,1.000000,143.000000,143.000000,0.001764,0.000000,0.007414,-0.432017,0.314546,1.115397
55.000000,1.000000,143.000000,143.000000,0.001737,0.000000,0.007356,-0.432116,0.314553,1.115627
56.000000,2.000000,143.000000,143.000000,0.001596,0.000000,0.007268,-0.432216,0.314616,1.115743
57.000000,0.000000,143.000000,143.000000,0.000000,0.000000,0.007283,-0.432333,0.314592,1.115778
58.000000,0.000000,143.000000,143.000000,0.000000,0.000000,0.007120,-0.432405,0.314723,1.115932
59.000000,0.000000,143.000000,143.000000,0.000000,0.000000,0.006922,-0.432587,0.314897,1.116053
60.000000,0.000000,143.000000,143.000000,0.000000,0.000000,0.006938,-0.432562,0.314922,1.115868
61.000000,0.000000,143.000000,143.000000,0.000000,0.000000,0.007012,-0.432481,0.314891,1.115668
62.000000,0.000000,143.000000,143.000000,0.000000,0.000000,0.007443,-0.432298,0.314607,1.114977
63.000000,0.000000,143.000000,143.000000,0.000000,0.000000,0.007704,-0.432142,0.314480,1.114354
64.000000,0.000000,143.000000,143.000000,0.000000,0.000000,0.007858,-0.432060,0.314400,1.114012
65.000000,0.000000,143.000000,143.000000,0.000000,0.000000,0.007972,-0.431989,0.314342,1.113749
66.000000,0.000000,143.000000,143.000000,0.000000,0.000000,0.008078,-0.431922,0.314307,1.113423
67.000000,0.000000,143.000000,143.000000,0.000000,0.000000,0.008249,-0.431765,0.314224,1.113021
68.000000,0.000000,143.000000,143.000000,0.000000,0.000000,0.008607,-0.431570,0.313982,1.112477
69.000000,0.000000,143.000000,143.000000,0.000000,0.000000,0.008976,-0.431310,0.313736,1.111897
70.000000,0.000000,143.000000,143.000000,0.000000,0.000000,0.009239,-0.430954,0.313596,1.111339
71.000000,0.000000,143.000000,143.000000,0.000000,0.000000,0.009346,-0.430573,0.313576,1.110966
72.000000,0.000000,143.000000,143.000000,0.000000,0.000000,0.009576,-0.430099,0.313453,1.110488
73.000000,0.000000,143.000000,143.000000,0.000000,0.000000,0.009795,-0.429814,0.313324,1.110077
74.000000,0.000000,143.000000,143.000000,0.000000,0.000000,0.010063,-0.429495,0.313150,1.109649
75.000000,0.000000,143.000000,143.000000,0.000000,0.000000,0.010295,-0.429115,0.313012,1.109226
76.000000,0.000000,143.000000,143.000000,0.000000,0.000000,0.010517,-0.428866,0.312858,1.108908
77.000000,0.000000,143.000000,143.000000,0.000000,0.000000,0.010586,-0.428629,0.312830,1.108732
78.000000,0.000000,143.000000,143.000000,0.000000,0.000000,0.010708,-0.428491,0.312733,1.108616
79.000000,3.000000,143.000000,143.000000,0.001918,0.000000,0.011442,-0.428442,0.311934,1.108829
80.000000,1.000000,143.000000,143.000000,0.002431,0.000000,0.012378,-0.428067,0.310906,1.109163
81.000000,1.000000,143.000000,143.000000,0.003227,0.000000,0.013241,-0.427543,0.309869,1.109876
82.000000,1.000000,143.000000,143.000000,0.004185,0.000000,0.014249,-0.426948,0.308710,1.110482
83.000000,1.000000,143.000000,143.000000,0.004982,0.000000,0.015161,-0.426100,0.307685,1.110943
84.000000,1.000000,143.000000,143.000000,0.005696,0.000000,0.016174,-0.425229,0.306579,1.111304
85.000000,1.000000,143.000000,143.000000,0.006321,0.000000,0.017218,-0.424242,0.305459,1.111593
86.000000,1.000000,143.000000,143.000000,0.006784,0.000000,0.018326,-0.423233,0.304318,1.111679
87.000000,1.000000,143.000000,143.000000,0.007128,0.000000,0.019514,-0.422169,0.303149,1.111529
88.000000,1.000000,143.000000,143.000000,0.006761,0.000000,0.020044,-0.421119,0.302738,1.111008
89.000000,1.000000,143.000000,143.000000,0.006118,0.000000,0.020335,-0.420358,0.302610,1.110290
90.000000,1.000000,143.000000,143.000000,0.005659,0.000000,0.020762,-0.419802,0.302399,1.109309
91.000000,1.000000,143.000000,143.000000,0.005505,0.000000,0.021142,-0.419198,0.302262,1.108213
92.000000,1.000000,143.000000,143.000000,0.006109,0.000000,0.021963,-0.418479,0.301797,1.106577
93.000000,1.000000,143.000000,143.000000,0.007980,0.000000,0.023062,-0.416632,0.301204,1.104298
94.000000,1.000000,143.000000,143.000000,0.009432,0.000000,0.024276,-0.414476,0.300357,1.102657
95.000000,1.000000,143.000000,143.000000,0.011699,0.000000,0.026068,-0.411337,0.299003,1.100693
96.000000,1.000000,143.000000,143.000000,0.014530,0.000000,0.028101,-0.407255,0.297444,1.098598
97.000000,1.000000,143.000000,143.000000,0.017712,0.000000,0.030406,-0.402348,0.295586,1.096648
98.000000,1.000000,143.000000,143.000000,0.021484,0.000000,0.033943,-0.396743,0.292452,1.094807
99.000000,1.000000,143.000000,143.000000,0.025895,0.000000,0.038187,-0.390096,0.288578,1.093096
100.000000,1.000000,143.000000,143.000000,0.030734,0.000000,0.043057,-0.382385,0.283950,1.091958
101.000000,1.000000,143.000000,143.000000,0.035382,0.000000,0.047892,-0.373830,0.279031,1.092344
102.000000,1.000000,143.000000,143.000000,0.039852,0.000000,0.052977,-0.364861,0.273486,1.094410
103.000000,1.000000,0.000000,6.000000,0.044804,0.000000,0.058931,-0.355191,0.267094,1.096327
104.000000,1.000000,0.000000,6.000000,0.049633,0.000000,0.065252,-0.345145,0.260089,1.099334
105.000000,1.000000,0.000000,6.000000,0.054905,0.000000,0.071502,-0.333997,0.252850,1.103787
106.000000,1.000000,0.000000,6.000000,0.060671,0.000000,0.078202,-0.321939,0.244913,1.109353
107.000000,1.000000,0.000000,6.000000,0.066518,0.000000,0.085084,-0.309190,0.236563,1.115982
108.000000,1.000000,0.000000,6.000000,0.071863,0.000000,0.092707,-0.296477,0.227373,1.122972
109.000000,1.000000,0.000000,6.000000,0.076875,0.000000,0.101010,-0.283398,0.217464,1.130081
110.000000,1.000000,0.000000,6.000000,0.082143,0.000000,0.110920,-0.269750,0.205931,1.137132
111.000000,1.000000,0.000000,6.000000,0.087277,0.000000,0.121953,-0.255541,0.193316,1.143906
112.000000,1.000000,0.000000,6.000000,0.093093,0.000000,0.133689,-0.239923,0.179876,1.151240
113.000000,1.000000,0.000000,6.000000,0.098874,0.000000,0.146548,-0.223906,0.165231,1.158841
114.000000,1.000000,0.000000,6.000000,0.104196,0.000000,0.161463,-0.208654,0.148511,1.166248
115.000000,1.000000,0.000000,6.000000,0.109310,0.000000,0.178207,-0.193923,0.129960,1.173438
116.000000,1.000000,0.000000,6.000000,0.113940,0.000000,0.195940,-0.179363,0.110492,1.180179
117.000000,1.000000,0.000000,6.000000,0.118719,0.000000,0.214050,-0.164116,0.090519,1.187494
118.000000,1.000000,0.000000,6.000000,0.122252,0.000000,0.232236,-0.149369,0.070485,1.194704
119.000000,1.000000,0.000000,6.000000,0.124477,0.000000,0.250877,-0.135803,0.050016,1.201700
120.000000,1.000000,0.000000,6.000000,0.125065,0.000000,0.269290,-0.123624,0.029777,1.208623
121.000000,1.000000,0.000000,6.000000,0.124291,0.000000,0.287651,-0.113049,0.009589,1.215457
122.000000,1.000000,0.000000,6.000000,0.122771,0.000000,0.305721,-0.103370,-0.010356,1.222481
123.000000,1.000000,0.000000,6.000000,0.120241,0.000000,0.323075,-0.094410,-0.029537,1.229322
124.000000,1.000000,0.000000,6.000000,0.116808,0.000000,0.339198,-0.085658,-0.047471,1.236216
125.000000,1.000000,0.000000,6.000000,0.113151,0.000000,0.354586,-0.077601,-0.064789,1.243680
126.000000,1.000000,0.000000,6.000000,0.108605,0.000000,0.369205,-0.070679,-0.081199,1.250532
127.000000,1.000000,0.000000,6.000000,0.104344,0.000000,0.383406,-0.064465,-0.097242,1.257620
128.000000,1.000000,149.000000,149.000000,0.099710,0.000000,0.396142,-0.058238,-0.111818,1.264856
129.000000,1.000000,149.000000,149.000000,0.094698,0.000000,0.407705,-0.052691,-0.125193,1.272059
130.000000,1.000000,149.000000,149.000000,0.088635,0.000000,0.417871,-0.048032,-0.136963,1.278422
131.000000,1.000000,149.000000,149.000000,0.081482,0.000000,0.426298,-0.044338,-0.146835,1.284201
132.000000,1.000000,149.000000,149.000000,0.073693,0.000000,0.432952,-0.041327,-0.154838,1.289711
133.000000,1.000000,149.000000,149.000000,0.065389,0.000000,0.438349,-0.039241,-0.161379,1.294376
134.000000,1.000000,149.000000,149.000000,0.056736,0.000000,0.442690,-0.037804,-0.166604,1.297952
135.000000,1.000000,149.000000,149.000000,0.048623,0.000000,0.446317,-0.036980,-0.171018,1.301134
136.000000,1.000000,149.000000,149.000000,0.041017,0.000000,0.449367,-0.036395,-0.174689,1.303619
137.000000,1.000000,149.000000,149.000000,0.033005,0.000000,0.450617,-0.036492,-0.176416,1.305614
138.000000,1.000000,149.000000,149.000000,0.026117,0.000000,0.451502,-0.036800,-0.177696,1.307268
139.000000,1.000000,149.000000,149.000000,0.020791,0.000000,0.452258,-0.037135,-0.178849,1.308942
140.000000,1.000000,149.000000,149.000000,0.016463,0.000000,0.452912,-0.037381,-0.179801,1.310189
141.000000,1.000000,149.000000,149.000000,0.013013,0.000000,0.453576,-0.037578,-0.180679,1.311062
142.000000,1.000000,149.000000,149.000000,0.010363,0.000000,0.454206,-0.038097,-0.181478,1.311722
143.000000,1.000000,149.000000,149.000000,0.007852,0.000000,0.454156,-0.038300,-0.181534,1.312188
144.000000,1.000000,149.000000,149.000000,0.005963,0.000000,0.454005,-0.038931,-0.181465,1.312533
145.000000,1.000000,149.000000,149.000000,0.004519,0.000000,0.453212,-0.039710,-0.180731,1.312833
146.000000,1.000000,149.000000,149.000000,0.003779,0.000000,0.453166,-0.040445,-0.180698,1.312849
147.000000,1.000000,149.000000,149.000000,0.003179,0.000000,0.453720,-0.040959,-0.181196,1.312509
148.000000,1.000000,149.000000,149.000000,0.002812,0.000000,0.453936,-0.041441,-0.181323,1.312053
149.000000,1.000000,149.000000,149.000000,0.002659,0.000000,0.454156,-0.041801,-0.181471,1.311686
150.000000,1.000000,149.000000,149.000000,0.002843,0.000000,0.454521,-0.042334,-0.181762,1.311276
151.000000,1.000000,149.000000,149.000000,0.002706,0.000000,0.454887,-0.042568,-0.182100,1.311098
152.000000,1.000000,149.000000,149.000000,0.002731,0.000000,0.455202,-0.042973,-0.182399,1.310967
153.000000,1.000000,149.000000,149.000000,0.002235,0.000000,0.455098,-0.043100,-0.182321,1.311086
154.000000,1.000000,149.000000,149.000000,0.001758,0.000000,0.455252,-0.043064,-0.182515,1.311251
155.000000,1.000000,149.000000,149.000000,0.001848,0.000000,0.455569,-0.043507,-0.182922,1.311589
156.000000,1.000000,149.000000,149.000000,0.002550,0.000000,0.455318,-0.044635,-0.182864,1.312413
157.000000,1.000000,149.000000,149.000000,0.003579,0.000000,0.455279,-0.045732,-0.183057,1.313388
158.000000,1.000000,149.000000,149.000000,0.005077,0.000000,0.454705,-0.047690,-0.182673,1.314176
159.000000,1.000000,149.000000,149.000000,0.006920,0.000000,0.452403,-0.049781,-0.180547,1.315092
160.000000,1.000000,149.000000,149.000000,0.009663,0.000000,0.450117,-0.052746,-0.178493,1.316198
161.000000,1.000000,149.000000,149.000000,0.012922,0.000000,0.447195,-0.056389,-0.175787,1.317260
162.000000,1.000000,149.000000,149.000000,0.015601,0.000000,0.444412,-0.060021,-0.173128,1.317894
163.000000,1.000000,149.000000,149.000000,0.018276,0.000000,0.441548,-0.064157,-0.170328,1.318234
164.000000,1.000000,149.000000,149.000000,0.020443,0.000000,0.438128,-0.067892,-0.166897,1.318324
165.000000,1.000000,149.000000,149.000000,0.021693,0.000000,0.434747,-0.071014,-0.163324,1.317643
166.000000,1.000000,149.000000,149.000000,0.023202,0.000000,0.430729,-0.074211,-0.159066,1.316804
167.000000,1.000000,149.000000,149.000000,0.023830,0.000000,0.426953,-0.076766,-0.154947,1.315527
168.000000,1.000000,149.000000,149.000000,0.022936,0.000000,0.424859,-0.079108,-0.152485,1.313959
169.000000,1.000000,149.000000,149.000000,0.021872,0.000000,0.422861,-0.081013,-0.150036,1.312037
170.000000,1.000000,149.000000,149.000000,0.020164,0.000000,0.421402,-0.082318,-0.148143,1.310166
171.000000,1.000000,149.000000,149.000000,0.018641,0.000000,0.419699,-0.083539,-0.146101,1.308759
172.000000,1.000000,149.000000,149.000000,0.017104,0.000000,0.417910,-0.084477,-0.144019,1.307586
173.000000,1.000000,149.000000,149.000000,0.015243,0.000000,0.416741,-0.085509,-0.142622,1.306628
174.000000,1.000000,149.000000,149.000000,0.013892,0.000000,0.415404,-0.086937,-0.141094,1.305826
175.000000,1.000000,149.000000,149.000000,0.012383,0.000000,0.414424,-0.088125,-0.139940,1.305079
176.000000,1.000000,149.000000,149.000000,0.010908,0.000000,0.413677,-0.089430,-0.139116,1.304734
177.000000,1.000000,149.000000,149.000000,0.009887,0.000000,0.412787,-0.090688,-0.138161,1.304461
178.000000,1.000000,149.000000,149.000000,0.008986,0.000000,0.412189,-0.091818,-0.137456,1.303971
179.000000,1.000000,149.000000,149.000000,0.008216,0.000000,0.412170,-0.093198,-0.137337,1.303441
180.000000,1.000000,149.000000,149.000000,0.007714,0.000000,0.412248,-0.094511,-0.137280,1.302743
181.000000,1.000000,149.000000,149.000000,0.007583,0.000000,0.412518,-0.095960,-0.137384,1.301878
182.000000,1.000000,149.000000,149.000000,0.007582,0.000000,0.412813,-0.097249,-0.137466,1.300806
183.000000,1.000000,149.000000,149.000000,0.007522,0.000000,0.413341,-0.098480,-0.137820,1.299893
184.000000,1.000000,149.000000,149.000000,0.008085,0.000000,0.414524,-0.100049,-0.138780,1.298661
185.000000,1.000000,149.000000,149.000000,0.009195,0.000000,0.416283,-0.101764,-0.140245,1.297039
186.000000,1.000000,149.000000,149.000000,0.010964,0.000000,0.418158,-0.103789,-0.141669,1.294684
187.000000,1.000000,149.000000,149.000000,0.013194,0.000000,0.419509,-0.106488,-0.142415,1.291648
188.000000,1.000000,149.000000,149.000000,0.016156,0.000000,0.420018,-0.110010,-0.142066,1.287524
189.000000,1.000000,149.000000,149.000000,0.019912,0.000000,0.420007,-0.113998,-0.140939,1.282266
190.000000,1.000000,149.000000,149.000000,0.024531,0.000000,0.419884,-0.118552,-0.139457,1.275896
191.000000,1.000000,149.000000,149.000000,0.030348,0.000000,0.418759,-0.123934,-0.136645,1.268111
192.000000,1.000000,6.000000,4.000000,0.036726,1.000000,0.416762,-0.129700,-0.132710,1.259279
193.000000,1.000000,6.000000,4.000000,0.044127,1.000000,0.413460,-0.136263,-0.127155,1.249127
194.000000,1.000000,6.000000,4.000000,0.052487,1.000000,0.408743,-0.142988,-0.119772,1.237263
195.000000,1.000000,6.000000,4.000000,0.060841,1.000000,0.402500,-0.149917,-0.110682,1.224747
196.000000,1.000000,6.000000,4.000000,0.069299,1.000000,0.394643,-0.156965,-0.099763,1.211432
197.000000,1.000000,6.000000,4.000000,0.077537,1.000000,0.385219,-0.163598,-0.087075,1.197418
198.000000,1.000000,6.000000,4.000000,0.085541,1.000000,0.374873,-0.169801,-0.073218,1.182420
199.000000,1.000000,6.000000,4.000000,0.092283,1.000000,0.363437,-0.174864,-0.058242,1.167490
200.000000,1.000000,6.000000,4.000000,0.097451,1.000000,0.351124,-0.179208,-0.042503,1.153210
201.000000,1.000000,6.000000,4.000000,0.101366,1.000000,0.337609,-0.182743,-0.025708,1.139771
202.000000,1.000000,6.000000,4.000000,0.104265,1.000000,0.322710,-0.185113,-0.007690,1.127281
203.000000,1.000000,6.000000,4.000000,0.106251,1.000000,0.306330,-0.187505,0.011469,1.116473
204.000000,1.000000,6.000000,4.000000,0.107704,1.000000,0.288960,-0.190191,0.031367,1.106889
205.000000,1.000000,6.000000,4.000000,0.106992,1.000000,0.271882,-0.192241,0.050511,1.099381
206.000000,1.000000,6.000000,4.000000,0.104897,1.000000,0.255371,-0.194121,0.068779,1.093202
207.000000,1.000000,6.000000,4.000000,0.101731,1.000000,0.238534,-0.195816,0.086802,1.089640
208.000000,1.000000,6.000000,4.000000,0.099044,1.000000,0.221293,-0.198331,0.104973,1.087220
209.000000,1.000000,6.000000,4.000000,0.096959,1.000000,0.203447,-0.201117,0.123454,1.086162
210.000000,1.000000,6.000000,4.000000,0.095543,1.000000,0.185420,-0.204167,0.142030,1.085502
211.000000,1.000000,6.000000,4.000000,0.094349,1.000000,0.167416,-0.207618,0.160397,1.085649
212.000000,1.000000,6.000000,4.000000,0.093466,1.000000,0.149169,-0.210424,0.178792,1.086822
213.000000,1.000000,6.000000,4.000000,0.092679,1.000000,0.131064,-0.212676,0.196912,1.088616
214.000000,1.000000,6.000000,4.000000,0.092116,1.000000,0.113189,-0.214701,0.214834,1.090256
215.000000,1.000000,6.000000,4.000000,0.090633,1.000000,0.096222,-0.216281,0.231599,1.092939
216.000000,1.000000,6.000000,4.000000,0.088078,1.000000,0.080551,-0.217784,0.247044,1.095583
217.000000,1.000000,147.000000,147.000000,0.084619,1.000000,0.065981,-0.218670,0.261299,1.098552
218.000000,1.000000,147.000000,147.000000,0.079201,1.000000,0.053804,-0.219125,0.273194,1.101140
219.000000,1.000000,147.000000,147.000000,0.072269,1.000000,0.043863,-0.219401,0.282806,1.103698
220.000000,1.000000,147.000000,147.000000,0.064184,1.000000,0.036063,-0.219430,0.290256,1.106129
221.000000,1.000000,147.000000,147.000000,0.055078,1.000000,0.030500,-0.219134,0.295479,1.108287
222.000000,1.000000,147.000000,147.000000,0.045375,1.000000,0.027028,-0.218416,0.298637,1.110123
223.000000,1.000000,147.000000,147.000000,0.036052,1.000000,0.024911,-0.217635,0.300450,1.111767
224.000000,1.000000,147.000000,147.000000,0.028083,1.000000,0.023196,-0.217321,0.301976,1.112824
225.000000,1.000000,147.000000,147.000000,0.021391,1.000000,0.021837,-0.217151,0.303261,1.113316
226.000000,1.000000,147.000000,147.000000,0.016032,1.000000,0.020633,-0.217036,0.304489,1.113349
227.000000,1.000000,147.000000,147.000000,0.012875,1.000000,0.018691,-0.216884,0.306417,1.113637
228.000000,1.000000,147.000000,147.000000,0.010959,1.000000,0.016596,-0.216787,0.308545,1.113728
229.000000,1.000000,147.000000,147.000000,0.010186,1.000000,0.014256,-0.216818,0.310977,1.113574
230.000000,1.000000,147.000000,147.000000,0.009632,1.000000,0.012426,-0.217415,0.312961,1.113043
231.000000,2.000000,147.000000,147.000000,0.009352,1.000000,0.010960,-0.218243,0.314594,1.112407
232.000000,0.000000,147.000000,147.000000,0.000000,1.000000,0.009374,-0.218992,0.316389,1.111594
233.000000,0.000000,147.000000,147.000000,0.000000,1.000000,0.008009,-0.219304,0.317958,1.110812
234.000000,0.000000,147.000000,147.000000,0.000000,1.000000,0.006744,-0.219745,0.319376,1.110236
235.000000,0.000000,147.000000,147.000000,0.000000,1.000000,0.005369,-0.220180,0.320889,1.109746
236.000000,0.000000,147.000000,147.000000,0.000000,1.000000,0.004552,-0.220711,0.321946,1.108727
237.000000,0.000000,147.000000,147.000000,0.000000,1.000000,0.003854,-0.221029,0.322789,1.108133
238.000000,0.000000,147.000000,147.000000,0.000000,1.000000,0.003618,-0.221231,0.323151,1.107577
239.000000,0.000000,147.000000,147.000000,0.000000,1.000000,0.003262,-0.221265,0.323605,1.107179
240.000000,0.000000,147.000000,147.000000,0.000000,1.000000,0.002792,-0.221166,0.324155,1.106878
241.000000,0.000000,147.000000,147.000000,0.000000,1.000000,0.002265,-0.221127,0.324736,1.106697
242.000000,0.000000,147.000000,147.000000,0.000000,1.000000,0.001714,-0.221098,0.325314,1.106639
243.000000,0.000000,147.000000,147.000000,0.000000,1.000000,0.001315,-0.220993,0.325788,1.106353
244.000000,0.000000,147.000000,147.000000,0.000000,1.000000,0.001307,-0.220969,0.325867,1.106034
245.000000,0.000000,147.000000,147.000000,0.000000,1.000000,0.001341,-0.221038,0.325853,1.105937
246.000000,0.000000,147.000000,147.000000,0.000000,1.000000,0.001435,-0.221349,0.325864,1.105438
247.000000,0.000000,147.000000,147.000000,0.000000,1.000000,0.001613,-0.221757,0.325807,1.104847
248.000000,0.000000,147.000000,147.000000,0.000000,1.000000,0.001813,-0.222322,0.325760,1.104103
249.000000,0.000000,147.000000,147.000000,0.000000,1.000000,0.002060,-0.223022,0.325698,1.103206
250.000000,0.000000,147.000000,147.000000,0.000000,1.000000,0.002332,-0.223668,0.325550,1.102578
251.000000,0.000000,147.000000,147.000000,0.000000,1.000000,0.002546,-0.224245,0.325460,1.101960
252.000000,0.000000,147.000000,147.000000,0.000000,1.000000,0.002755,-0.224795,0.325384,1.101309
253.000000,0.000000,147.000000,147.000000,0.000000,1.000000,0.002969,-0.225165,0.325284,1.100751
254.000000,0.000000,147.000000,147.000000,0.000000,1.000000,0.003057,-0.225389,0.325247,1.100494
255.000000,0.000000,147.000000,147.000000,0.000000,1.000000,0.003118,-0.225480,0.325240,1.100239
256.000000,0.000000,147.000000,147.000000,0.000000,1.000000,0.003038,-0.225513,0.325309,1.100298
257.000000,0.000000,147.000000,147.000000,0.000000,1.000000,0.002794,-0.225445,0.325463,1.100729
258.000000,0.000000,147.000000,147.000000,0.000000,1.000000,0.002484,-0.225266,0.325640,1.101371
259.000000,0.000000,147.000000,147.000000,0.000000,1.000000,0.002302,-0.225038,0.325725,1.101843
260.000000,0.000000,147.000000,147.000000,0.000000,1.000000,0.002239,-0.224713,0.325716,1.102197
261.000000,0.000000,147.000000,147.000000,0.000000,1.000000,0.002042,-0.224326,0.325804,1.102730
262.000000,0.000000,147.000000,147.000000,0.000000,1.000000,0.001758,-0.224055,0.325927,1.103499
263.000000,0.000000,147.000000,147.000000,0.000000,1.000000,0.001780,-0.223785,0.325838,1.103812
264.000000,0.000000,147.000000,147.000000,0.000000,1.000000,0.001727,-0.223558,0.325824,1.104136
265.000000,0.000000,147.000000,147.000000,0.000000,1.000000,0.001731,-0.223376,0.325783,1.104311
266.000000,0.000000,147.000000,147.000000,0.000000,1.000000,0.001985,-0.223171,0.325584,1.104047
267.000000,0.000000,147.000000,147.000000,0.000000,1.000000,0.002283,-0.223008,0.325334,1.103810
268.000000,0.000000,147.000000,147.000000,0.000000,1.000000,0.002318,-0.222806,0.325336,1.103656
269.000000,0.000000,147.000000,147.000000,0.000000,1.000000,0.002286,-0.222692,0.325374,1.103637
270.000000,0.000000,147.000000,147.000000,0.000000,1.000000,0.002329,-0.222615,0.325323,1.103677
271.000000,0.000000,147.000000,147.000000,0.000000,1.000000,0.002414,-0.222489,0.325268,1.103540
272.000000,0.000000,147.000000,147.000000,0.000000,1.000000,0.002433,-0.222424,0.325238,1.103588
273.000000,0.000000,147.000000,147.000000,0.000000,1.000000,0.002379,-0.222362,0.325228,1.103890
274.000000,0.000000,147.000000,147.000000,0.000000,1.000000,0.002273,-0.222234,0.325276,1.104167
275.000000,0.000000,147.000000,147.000000,0.000000,1.000000,0.002130,-0.222132,0.325336,1.104561
276.000000,0.000000,147.000000,147.000000,0.000000,1.000000,0.002013,-0.221971,0.325409,1.104781
277.000000,0.000000,147.000000,147.000000,0.000000,1.000000,0.001939,-0.221942,0.325413,1.105104
278.000000,0.000000,147.000000,147.000000,0.000000,1.000000,0.001839,-0.221897,0.325462,1.105346
279.000000,0.000000,147.000000,147.000000,0.000000,1.000000,0.001797,-0.221851,0.325474,1.105492
280.000000,0.000000,147.000000,147.000000,0.000000,1.000000,0.001793,-0.221892,0.325474,1.105510
281.000000,0.000000,147.000000,147.000000,0.000000,1.000000,0.001523,-0.221923,0.325765,1.105441
282.000000,0.000000,147.000000,147.000000,0.000000,1.000000,0.001485,-0.221909,0.325851,1.105229
283.000000,0.000000,147.000000,147.000000,0.000000,1.000000,0.001484,-0.221925,0.325853,1.105227
284.000000,0.000000,147.000000,147.000000,0.000000,1.000000,0.001533,-0.221955,0.325829,1.105103
285.000000,0.000000,147.000000,147.000000,0.000000,1.000000,0.001599,-0.222042,0.325769,1.105068
286.000000,0.000000,147.000000,147.000000,0.000000,1.000000,0.001694,-0.222208,0.325789,1.104529
287.000000,0.000000,147.000000,147.000000,0.000000,1.000000,0.001699,-0.222454,0.325921,1.103899
288.000000,0.000000,147.000000,147.000000,0.000000,1.000000,0.001836,-0.222827,0.325950,1.103114
289.000000,0.000000,147.000000,147.000000,0.000000,1.000000,0.002045,-0.223235,0.325879,1.102446
290.000000,0.000000,147.000000,147.000000,0.000000,1.000000,0.002466,-0.223647,0.325562,1.101910
291.000000,0.000000,147.000000,147.000000,0.000000,1.000000,0.002722,-0.224109,0.325429,1.101301
292.000000,0.000000,147.000000,147.000000,0.000000,1.000000,0.002869,-0.224573,0.325403,1.100714
293.000000,0.000000,147.000000,147.000000,0.000000,1.000000,0.002901,-0.224991,0.325470,1.100236
294.000000,0.000000,147.000000,147.000000,0.000000,1.000000,0.003014,-0.225393,0.325475,1.099667
295.000000,0.000000,147.000000,147.000000,0.000000,1.000000,0.003179,-0.225592,0.325391,1.099278
296.000000,0.000000,147.000000,147.000000,0.000000,1.000000,0.003426,-0.225719,0.325169,1.099126
297.000000,0.000000,147.000000,147.000000,0.000000,1.000000,0.003542,-0.225783,0.325062,1.099069
298.000000,0.000000,147.000000,147.000000,0.000000,1.000000,0.003491,-0.225859,0.325129,1.099000
299.000000,0.000000,147.000000,147.000000,0.000000,1.000000,0.003486,-0.225850,0.325171,1.098837
300.000000,0.000000,147.000000,147.000000,0.000000,1.000000,0.003380,-0.225878,0.325252,1.098959
301.000000,0.000000,147.000000,147.000000,0.000000,1.000000,0.003394,-0.225832,0.325255,1.098881
302.000000,0.000000,147.000000,147.000000,0.000000,1.000000,0.003512,-0.225712,0.325144,1.098844
303.000000,0.000000,147.000000,147.000000,0.000000,1.000000,0.003544,-0.225627,0.325060,1.099081
304.000000,0.000000,147.000000,147.000000,0.000000,1.000000,0.003548,-0.225501,0.324985,1.099407
305.000000,0.000000,147.000000,147.000000,0.000000,1.000000,0.003546,-0.225336,0.324939,1.099631
306.000000,0.000000,147.000000,147.000000,0.000000,1.000000,0.003460,-0.225078,0.324984,1.099842
307.000000,0.000000,147.000000,147.000000,0.000000,1.000000,0.003355,-0.224741,0.325047,1.100063
308.000000,0.000000,147.000000,147.000000,0.000000,1.000000,0.003302,-0.224467,0.325031,1.100393
309.000000,0.000000,147.000000,147.000000,0.000000,1.000000,0.003367,-0.224168,0.324958,1.100444
310.000000,0.000000,147.000000,147.000000,0.000000,1.000000,0.003467,-0.223930,0.324842,1.100522
311.000000,0.000000,147.000000,147.000000,0.000000,1.000000,0.003322,-0.223807,0.324936,1.100773
312.000000,0.000000,147.000000,147.000000,0.000000,1.000000,0.003113,-0.223574,0.325131,1.100873
313.000000,0.000000,147.000000,147.000000,0.000000,1.000000,0.003016,-0.223267,0.325184,1.101102
314.000000,0.000000,147.000000,147.000000,0.000000,1.000000,0.002911,-0.222986,0.325203,1.101516
315.000000,0.000000,147.000000,147.000000,0.000000,1.000000,0.003011,-0.222715,0.324952,1.102200
316.000000,0.000000,147.000000,147.000000,0.000000,1.000000,0.003112,-0.222411,0.324732,1.102742
317.000000,0.000000,147.000000,147.000000,0.000000,1.000000,0.003035,-0.222141,0.324753,1.103017
318.000000,0.000000,147.000000,147.000000,0.000000,1.000000,0.003091,-0.221973,0.324589,1.103507
319.000000,0.000000,147.000000,147.000000,0.000000,1.000000,0.003147,-0.221987,0.324429,1.103966
320.000000,0.000000,147.000000,147.000000,0.000000,1.000000,0.003641,-0.222033,0.323830,1.104377
321.000000,0.000000,147.000000,147.000000,0.000000,1.000000,0.004597,-0.222168,0.322797,1.104612
322.000000,0.000000,147.000000,147.000000,0.000000,1.000000,0.005646,-0.222410,0.321709,1.104656
323.000000,3.000000,147.000000,147.000000,0.004198,1.000000,0.007256,-0.222594,0.320081,1.104544
324.000000,1.000000,147.000000,147.000000,0.005089,1.000000,0.008779,-0.222630,0.318526,1.104518
325.000000,1.000000,147.000000,147.000000,0.006349,1.000000,0.010741,-0.222527,0.316509,1.104556
326.000000,1.000000,147.000000,147.000000,0.007703,1.000000,0.012948,-0.222160,0.314226,1.104672
327.000000,1.000000,147.000000,147.000000,0.008681,1.000000,0.014991,-0.221652,0.312098,1.104860
328.000000,1.000000,147.000000,147.000000,0.009520,1.000000,0.016973,-0.220233,0.310061,1.104980
329.000000,1.000000,147.000000,147.000000,0.010186,1.000000,0.018727,-0.218380,0.308267,1.105083
330.000000,1.000000,147.000000,147.000000,0.011080,1.000000,0.020681,-0.216404,0.306275,1.105161
331.000000,1.000000,147.000000,147.000000,0.012100,1.000000,0.022504,-0.214015,0.304347,1.105583
332.000000,1.000000,147.000000,147.000000,0.012818,1.000000,0.023789,-0.211332,0.302959,1.106071
333.000000,1.000000,147.000000,147.000000,0.013255,1.000000,0.024895,-0.208809,0.301780,1.106433
334.000000,1.000000,147.000000,147.000000,0.013313,1.000000,0.025542,-0.206394,0.301030,1.106976
335.000000,1.000000,147.000000,147.000000,0.013099,1.000000,0.026029,-0.204222,0.300424,1.107596
336.000000,1.000000,147.000000,147.000000,0.012814,1.000000,0.026551,-0.202032,0.299868,1.107827
337.000000,1.000000,147.000000,147.000000,0.011496,1.000000,0.026580,-0.200824,0.299731,1.108389
338.000000,1.000000,147.000000,147.000000,0.009862,1.000000,0.026455,-0.200030,0.299770,1.108834
339.000000,1.000000,147.000000,147.000000,0.008285,1.000000,0.025861,-0.199333,0.300269,1.109371
340.000000,1.000000,147.000000,147.000000,0.006484,1.000000,0.025331,-0.199162,0.300735,1.109728
341.000000,1.000000,147.000000,147.000000,0.004718,1.000000,0.025047,-0.199281,0.300995,1.109859
342.000000,1.000000,147.000000,147.000000,0.003161,1.000000,0.024728,-0.199616,0.301302,1.109924
343.000000,1.000000,147.000000,147.000000,0.002060,1.000000,0.024452,-0.199923,0.301596,1.109859
344.000000,1.000000,147.000000,147.000000,0.001242,1.000000,0.024566,-0.200150,0.301507,1.109717
345.000000,1.000000,147.000000,147.000000,0.001018,1.000000,0.024651,-0.200398,0.301381,1.109880
346.000000,1.000000,147.000000,147.000000,0.000000,1.000000,0.025061,-0.200424,0.301012,1.109651
347.000000,1.000000,147.000000,147.000000,0.000000,1.000000,0.025288,-0.200573,0.300781,1.109630
348.000000,1.000000,147.000000,147.000000,0.000000,1.000000,0.025085,-0.200763,0.300981,1.109651
349.000000,1.000000,147.000000,147.000000,0.000000,1.000000,0.025026,-0.200720,0.301040,1.109660
350.000000,1.000000,147.000000,147.000000,0.000000,1.000000,0.025160,-0.199960,0.300885,1.109790
351.000000,1.000000,147.000000,147.000000,0.001610,1.000000,0.025806,-0.198957,0.300249,1.109738
352.000000,1.000000,147.000000,147.000000,0.003588,1.000000,0.027088,-0.197333,0.298912,1.109948
353.000000,1.000000,147.000000,147.000000,0.005157,1.000000,0.028255,-0.195791,0.297688,1.110166
354.000000,1.000000,147.000000,147.000000,0.006743,1.000000,0.029913,-0.194253,0.296023,1.110113
355.000000,1.000000,147.000000,147.000000,0.009102,1.000000,0.032900,-0.192674,0.292966,1.110196
356.000000,1.000000,147.000000,147.000000,0.012704,1.000000,0.037155,-0.190753,0.288411,1.111197
357.000000,1.000000,147.000000,147.000000,0.018218,1.000000,0.043238,-0.188046,0.281785,1.113131
358.000000,1.000000,147.000000,147.000000,0.024878,1.000000,0.051183,-0.184868,0.273261,1.115050
359.000000,1.000000,4.000000,6.000000,0.032048,0.000000,0.060784,-0.181526,0.263107,1.116678
360.000000,1.000000,4.000000,6.000000,0.040293,0.000000,0.072336,-0.177207,0.250968,1.118306
361.000000,1.000000,4.000000,6.000000,0.047740,0.000000,0.085201,-0.173889,0.237736,1.118742
362.000000,1.000000,4.000000,6.000000,0.054964,0.000000,0.099019,-0.170049,0.223599,1.118887
363.000000,1.000000,4.000000,6.000000,0.060771,0.000000,0.112769,-0.166082,0.209538,1.119012
364.000000,1.000000,4.000000,6.000000,0.064698,0.000000,0.125736,-0.161239,0.196284,1.119171
365.000000,1.000000,4.000000,6.000000,0.067501,0.000000,0.138729,-0.155591,0.183220,1.118413
366.000000,1.000000,4.000000,6.000000,0.069230,0.000000,0.151724,-0.150101,0.170226,1.117318
367.000000,1.000000,4.000000,6.000000,0.069668,0.000000,0.163913,-0.144400,0.157914,1.116881
368.000000,1.000000,4.000000,6.000000,0.069451,0.000000,0.175952,-0.138924,0.145718,1.116597
369.000000,1.000000,4.000000,6.000000,0.067974,0.000000,0.187116,-0.134167,0.134268,1.116949
370.000000,1.000000,4.000000,6.000000,0.066968,0.000000,0.197998,-0.128429,0.122785,1.118804
371.000000,1.000000,4.000000,6.000000,0.066917,0.000000,0.209444,-0.122461,0.110562,1.121403
372.000000,1.000000,4.000000,6.000000,0.069858,0.000000,0.223201,-0.115988,0.095631,1.125552
373.000000,1.000000,4.000000,6.000000,0.074458,0.000000,0.239045,-0.110464,0.078443,1.130178
374.000000,1.000000,4.000000,6.000000,0.079324,0.000000,0.255430,-0.105287,0.060575,1.135350
375.000000,1.000000,4.000000,6.000000,0.083905,0.000000,0.271814,-0.099792,0.042681,1.140656
376.000000,1.000000,4.000000,6.000000,0.087144,0.000000,0.287838,-0.095517,0.025173,1.145812
377.000000,1.000000,4.000000,6.000000,0.089155,0.000000,0.303006,-0.091501,0.008441,1.151403
378.000000,1.000000,4.000000,6.000000,0.089965,0.000000,0.317480,-0.087864,-0.007620,1.157148
379.000000,1.000000,4.000000,6.000000,0.089062,0.000000,0.330900,-0.084843,-0.022599,1.162848
380.000000,1.000000,4.000000,6.000000,0.086864,0.000000,0.343255,-0.082296,-0.036567,1.168876
381.000000,1.000000,4.000000,6.000000,0.082796,0.000000,0.354078,-0.079662,-0.048843,1.174367
382.000000,1.000000,4.000000,6.000000,0.077251,0.000000,0.362759,-0.076308,-0.058928,1.179913
383.000000,1.000000,4.000000,6.000000,0.072193,0.000000,0.370837,-0.072870,-0.068480,1.185848
384.000000,1.000000,4.000000,6.000000,0.067111,0.000000,0.378051,-0.070134,-0.077148,1.191749
385.000000,1.000000,4.000000,6.000000,0.063689,0.000000,0.385197,-0.066598,-0.085908,1.198420
386.000000,1.000000,4.000000,6.000000,0.061905,0.000000,0.392781,-0.063104,-0.095239,1.205638
387.000000,1.000000,4.000000,6.000000,0.061036,0.000000,0.400437,-0.058819,-0.104614,1.212771
388.000000,1.000000,149.000000,149.000000,0.061028,0.000000,0.408027,-0.054329,-0.114004,1.220287
389.000000,1.000000,149.000000,149.000000,0.061108,0.000000,0.415131,-0.049931,-0.122928,1.227944
390.000000,1.000000,149.000000,149.000000,0.060454,0.000000,0.421353,-0.046408,-0.130932,1.235471
391.000000,1.000000,149.000000,149.000000,0.059762,0.000000,0.427367,-0.043393,-0.138744,1.243061
392.000000,1.000000,149.000000,149.000000,0.057934,0.000000,0.432599,-0.040948,-0.145625,1.250038
393.000000,1.000000,149.000000,149.000000,0.055636,0.000000,0.437171,-0.038568,-0.151783,1.256792
394.000000,1.000000,149.000000,149.000000,0.052207,0.000000,0.441005,-0.036353,-0.156985,1.262641
395.000000,1.000000,149.000000,149.000000,0.047707,0.000000,0.443536,-0.034381,-0.160719,1.267882
396.000000,1.000000,149.000000,149.000000,0.042917,0.000000,0.445820,-0.033302,-0.164068,1.272478
397.000000,1.000000,149.000000,149.000000,0.037778,0.000000,0.447683,-0.032543,-0.166794,1.276187
398.000000,1.000000,149.000000,149.000000,0.032671,0.000000,0.449347,-0.031968,-0.169137,1.279088
399.000000,1.000000,149.000000,149.000000,0.027780,0.000000,0.450787,-0.031247,-0.171090,1.281271
400.000000,1.000000,149.000000,149.000000,0.023255,0.000000,0.451975,-0.030528,-0.172681,1.282997
401.000000,1.000000,149.000000,149.000000,0.019594,0.000000,0.453479,-0.029458,-0.174491,1.284271
402.000000,1.000000,149.000000,149.000000,0.016301,0.000000,0.454978,-0.028519,-0.176170,1.284970
403.000000,1.000000,149.000000,149.000000,0.013516,0.000000,0.456396,-0.027777,-0.177684,1.285294
404.000000,1.000000,149.000000,149.000000,0.011292,0.000000,0.457644,-0.027152,-0.178990,1.285450
405.000000,1.000000,149.000000,149.000000,0.009491,0.000000,0.458455,-0.026352,-0.179848,1.285622
406.000000,1.000000,149.000000,149.000000,0.008289,0.000000,0.459406,-0.025575,-0.180816,1.285646
407.000000,1.000000,149.000000,149.000000,0.007502,0.000000,0.460225,-0.024572,-0.181639,1.285633
408.000000,1.000000,149.000000,149.000000,0.006920,0.000000,0.460962,-0.023573,-0.182355,1.285523
409.000000,1.000000,149.000000,149.000000,0.006611,0.000000,0.461843,-0.022676,-0.183231,1.285462
410.000000,1.000000,149.000000,149.000000,0.005549,0.000000,0.462135,-0.022420,-0.183542,1.285527
411.000000,1.000000,149.000000,149.000000,0.004629,0.000000,0.462372,-0.022198,-0.183810,1.285658
412.000000,1.000000,149.000000,149.000000,0.003722,0.000000,0.462481,-0.022114,-0.183976,1.285906
413.000000,1.000000,149.000000,149.000000,0.002714,0.000000,0.462469,-0.022190,-0.183960,1.285886
414.000000,1.000000,149.000000,149.000000,0.001827,0.000000,0.462327,-0.022292,-0.183860,1.286079
415.000000,1.000000,149.000000,149.000000,0.001233,0.000000,0.462001,-0.022300,-0.183612,1.286464
416.000000,1.000000,149.000000,149.000000,0.001160,0.000000,0.461717,-0.022487,-0.183426,1.286929
417.000000,1.000000,149.000000,149.000000,0.001454,0.000000,0.461370,-0.022814,-0.183159,1.287301
418.000000,1.000000,149.000000,149.000000,0.001551,0.000000,0.461366,-0.023270,-0.183167,1.287328
419.000000,1.000000,149.000000,149.000000,0.001575,0.000000,0.461399,-0.023654,-0.183194,1.287273
420.000000,1.000000,149.000000,149.000000,0.002013,0.000000,0.461385,-0.024452,-0.183172,1.287189
421.000000,1.000000,149.000000,149.000000,0.002528,0.000000,0.461366,-0.025330,-0.183098,1.286891
422.000000,1.000000,149.000000,149.000000,0.003044,0.000000,0.461395,-0.026224,-0.183096,1.286689
423.000000,1.000000,149.000000,149.000000,0.003687,0.000000,0.461343,-0.027242,-0.182942,1.286172
424.000000,1.000000,149.000000,149.000000,0.004432,0.000000,0.461262,-0.028409,-0.182750,1.285613
425.000000,1.000000,149.000000,149.000000,0.005303,0.000000,0.461503,-0.029838,-0.182874,1.284967
426.000000,1.000000,149.000000,149.000000,0.006256,0.000000,0.461977,-0.031507,-0.183234,1.284302
427.000000,1.000000,149.000000,149.000000,0.006953,0.000000,0.461991,-0.033102,-0.183128,1.283658
428.000000,1.000000,149.000000,149.000000,0.007557,0.000000,0.461884,-0.034756,-0.182902,1.283031
429.000000,1.000000,149.000000,149.000000,0.007854,0.000000,0.461747,-0.036162,-0.182602,1.282230
430.000000,1.000000,149.000000,149.000000,0.008309,0.000000,0.461272,-0.037832,-0.181978,1.281503
431.000000,1.000000,149.000000,149.000000,0.008657,0.000000,0.461031,-0.039397,-0.181539,1.280548
432.000000,1.000000,149.000000,149.000000,0.008924,0.000000,0.460590,-0.040754,-0.180825,1.279284
433.000000,1.000000,149.000000,149.000000,0.009770,0.000000,0.459894,-0.042426,-0.179745,1.277534
434.000000,1.000000,149.000000,149.000000,0.010746,0.000000,0.459007,-0.043927,-0.178385,1.275416
435.000000,1.000000,149.000000,149.000000,0.011868,0.000000,0.457986,-0.045009,-0.176764,1.272770
436.000000,1.000000,149.000000,149.000000,0.013940,0.000000,0.456536,-0.046625,-0.174579,1.269529
437.000000,1.000000,149.000000,149.000000,0.016548,0.000000,0.455002,-0.048355,-0.172136,1.265510
438.000000,1.000000,149.000000,149.000000,0.019402,0.000000,0.453110,-0.049500,-0.169159,1.260782
439.000000,1.000000,149.000000,149.000000,0.023052,0.000000,0.451220,-0.049770,-0.165834,1.254540
440.000000,1.000000,149.000000,149.000000,0.027612,0.000000,0.449053,-0.049892,-0.161946,1.247052
441.000000,1.000000,149.000000,149.000000,0.032872,0.000000,0.446958,-0.049682,-0.157806,1.238128
442.000000,1.000000,149.000000,149.000000,0.038728,0.000000,0.444883,-0.047944,-0.153343,1.227752
443.000000,1.000000,149.000000,149.000000,0.045056,0.000000,0.443062,-0.045246,-0.148826,1.216036
444.000000,1.000000,149.000000,149.000000,0.051573,0.000000,0.441221,-0.041141,-0.144060,1.203378
445.000000,1.000000,149.000000,149.000000,0.058700,0.000000,0.439495,-0.035354,-0.139092,1.189393
446.000000,1.000000,6.000000,3.000000,0.066496,0.000000,0.437242,-0.027823,-0.133305,1.174270
447.000000,1.000000,6.000000,3.000000,0.074742,0.000000,0.435100,-0.018991,-0.127305,1.157760
448.000000,1.000000,6.000000,3.000000,0.082658,0.000000,0.431852,-0.008925,-0.120091,1.140971
449.000000,1.000000,6.000000,3.000000,0.090627,0.000000,0.428216,0.003512,-0.112368,1.123829
450.000000,1.000000,6.000000,3.000000,0.098103,0.000000,0.423151,0.017795,-0.103276,1.107229
451.000000,1.000000,6.000000,3.000000,0.105032,0.000000,0.416694,0.033417,-0.092851,1.091137
452.000000,1.000000,6.000000,3.000000,0.111221,0.000000,0.408446,0.049699,-0.080744,1.075768
453.000000,1.000000,6.000000,3.000000,0.116791,0.000000,0.398387,0.066148,-0.066876,1.060837
454.000000,1.000000,6.000000,3.000000,0.121377,0.000000,0.387010,0.083069,-0.051886,1.046966
455.000000,1.000000,6.000000,3.000000,0.124908,0.000000,0.374655,0.100259,-0.036141,1.034209
456.000000,1.000000,6.000000,3.000000,0.126868,0.000000,0.361275,0.117348,-0.019785,1.023422
457.000000,1.000000,6.000000,3.000000,0.127219,0.000000,0.347568,0.133734,-0.003406,1.013993
458.000000,1.000000,6.000000,3.000000,0.126237,0.000000,0.332274,0.148523,0.014211,1.006201
459.000000,1.000000,6.000000,3.000000,0.123702,0.000000,0.316585,0.161460,0.031942,0.999595
460.000000,1.000000,6.000000,3.000000,0.119569,0.000000,0.301136,0.172579,0.049142,0.994154
461.000000,1.000000,6.000000,3.000000,0.115023,0.000000,0.285627,0.182478,0.066238,0.989372
462.000000,1.000000,6.000000,3.000000,0.110098,0.000000,0.270018,0.190959,0.083227,0.985446
463.000000,1.000000,6.000000,3.000000,0.105302,0.000000,0.253805,0.198110,0.100506,0.982913
464.000000,1.000000,6.000000,3.000000,0.100478,0.000000,0.237816,0.203801,0.117393,0.981010
465.000000,1.000000,6.000000,3.000000,0.096561,0.000000,0.221367,0.208145,0.134654,0.979466
466.000000,1.000000,6.000000,3.000000,0.093364,0.000000,0.204805,0.211396,0.151926,0.978317
467.000000,1.000000,6.000000,3.000000,0.089775,0.000000,0.189328,0.213679,0.168039,0.977314
468.000000,1.000000,6.000000,3.000000,0.086248,0.000000,0.174701,0.215980,0.183197,0.976700
469.000000,1.000000,6.000000,3.000000,0.083373,0.000000,0.160138,0.218119,0.198209,0.976426
470.000000,1.000000,146.000000,146.000000,0.080641,0.000000,0.145929,0.220131,0.212759,0.976601
471.000000,1.000000,146.000000,146.000000,0.077034,0.000000,0.132976,0.221817,0.225908,0.977259
472.000000,1.000000,146.000000,146.000000,0.072165,0.000000,0.121897,0.223076,0.237202,0.977599
473.000000,1.000000,146.000000,146.000000,0.066786,0.000000,0.112038,0.223967,0.247230,0.977985
474.000000,1.000000,146.000000,146.000000,0.060583,0.000000,0.103771,0.224538,0.255608,0.978439
475.000000,1.000000,146.000000,146.000000,0.053420,0.000000,0.097492,0.224955,0.261990,0.978700
476.000000,1.000000,146.000000,146.000000,0.046820,0.000000,0.091913,0.225323,0.267699,0.978757
477.000000,1.000000,146.000000,146.000000,0.040846,0.000000,0.086831,0.224808,0.272937,0.978584
478.000000,1.000000,146.000000,146.000000,0.035390,0.000000,0.082412,0.223724,0.277552,0.978129
479.000000,1.000000,146.000000,146.000000,0.030090,0.000000,0.079145,0.222310,0.281044,0.977390
480.000000,1.000000,146.000000,146.000000,0.025583,0.000000,0.076428,0.221054,0.283967,0.976689
481.000000,1.000000,146.000000,146.000000,0.022043,0.000000,0.073951,0.219919,0.286639,0.976016
482.000000,1.000000,146.000000,146.000000,0.019386,0.000000,0.071575,0.218822,0.289196,0.975398
483.000000,1.000000,146.000000,146.000000,0.017491,0.000000,0.069381,0.217512,0.291590,0.974660
484.000000,1.000000,146.000000,146.000000,0.016111,0.000000,0.067202,0.216232,0.293910,0.974187
485.000000,1.000000,146.000000,146.000000,0.014767,0.000000,0.065121,0.215142,0.296024,0.974200
486.000000,1.000000,146.000000,146.000000,0.013199,0.000000,0.063408,0.214469,0.297743,0.974320
487.000000,1.000000,146.000000,146.000000,0.011383,0.000000,0.062284,0.213759,0.298793,0.974731
488.000000,1.000000,146.000000,146.000000,0.009852,0.000000,0.061265,0.213081,0.299697,0.975317
489.000000,1.000000,146.000000,146.000000,0.008579,0.000000,0.060313,0.212496,0.300483,0.976126
490.000000,1.000000,146.000000,146.000000,0.007723,0.000000,0.059240,0.212048,0.301357,0.977109
491.000000,1.000000,146.000000,146.000000,0.007421,0.000000,0.057932,0.211655,0.302424,0.978313
492.000000,1.000000,146.000000,146.000000,0.007106,0.000000,0.056791,0.211726,0.303320,0.979544
493.000000,1.000000,146.000000,146.000000,0.007124,0.000000,0.055408,0.212302,0.304473,0.980763
494.000000,1.000000,146.000000,146.000000,0.007624,0.000000,0.053603,0.214021,0.306134,0.981716
495.000000,1.000000,146.000000,146.000000,0.008738,0.000000,0.051899,0.216431,0.307701,0.982674
496.000000,1.000000,146.000000,146.000000,0.010259,0.000000,0.050169,0.219123,0.309344,0.983419
497.000000,1.000000,146.000000,146.000000,0.011994,0.000000,0.048259,0.221984,0.311215,0.983991
498.000000,2.000000,146.000000,146.000000,0.013910,0.000000,0.046410,0.225415,0.313121,0.984159
499.000000,0.000000,146.000000,146.000000,0.000000,0.000000,0.044955,0.228924,0.314691,0.984023
500.000000,0.000000,146.000000,146.000000,0.000000,0.000000,0.043965,0.232582,0.315824,0.983724
501.000000,0.000000,146.000000,146.000000,0.000000,0.000000,0.042854,0.236123,0.317092,0.983366
502.000000,0.000000,146.000000,146.000000,0.000000,0.000000,0.042041,0.239470,0.318061,0.982965
503.000000,0.000000,146.000000,146.000000,0.000000,0.000000,0.042097,0.242025,0.318146,0.982492
504.000000,0.000000,146.000000,146.000000,0.000000,0.000000,0.042350,0.244043,0.318062,0.981832
505.000000,0.000000,146.000000,146.000000,0.000000,0.000000,0.042807,0.245868,0.317758,0.981210
506.000000,0.000000,146.000000,146.000000,0.000000,0.000000,0.043349,0.247530,0.317300,0.980880
507.000000,0.000000,146.000000,146.000000,0.000000,0.000000,0.043915,0.248372,0.316806,0.980546
508.000000,0.000000,146.000000,146.000000,0.000000,0.000000,0.044559,0.249055,0.316266,0.980051
509.000000,0.000000,146.000000,146.000000,0.000000,0.000000,0.045133,0.249499,0.315800,0.979530
510.000000,0.000000,146.000000,146.000000,0.000000,0.000000,0.045706,0.249915,0.315299,0.979176
511.000000,0.000000,146.000000,146.000000,0.000000,0.000000,0.046306,0.250255,0.314789,0.978724
512.000000,0.000000,146.000000,146.000000,0.000000,0.000000,0.046507,0.249877,0.314608,0.978587
513.000000,0.000000,146.000000,146.000000,0.000000,0.000000,0.046891,0.249684,0.314254,0.978400
514.000000,0.000000,146.000000,146.000000,0.000000,0.000000,0.047159,0.249438,0.313986,0.978356
515.000000,0.000000,146.000000,146.000000,0.000000,0.000000,0.047419,0.249251,0.313760,0.978163
516.000000,0.000000,146.000000,146.000000,0.000000,0.000000,0.047709,0.249257,0.313528,0.977867
517.000000,0.000000,146.000000,146.000000,0.000000,0.000000,0.047878,0.249134,0.313322,0.978008
518.000000,0.000000,146.000000,146.000000,0.000000,0.000000,0.048305,0.249064,0.312922,0.977835
519.000000,0.000000,146.000000,146.000000,0.000000,0.000000,0.048786,0.248907,0.312451,0.977728
520.000000,0.000000,146.000000,146.000000,0.000000,0.000000,0.049160,0.248684,0.312082,0.977654
521.000000,0.000000,146.000000,146.000000,0.000000,0.000000,0.049729,0.248742,0.311550,0.977425
522.000000,0.000000,146.000000,146.000000,0.000000,0.000000,0.050023,0.248577,0.311263,0.977349
523.000000,0.000000,146.000000,146.000000,0.000000,0.000000,0.050232,0.248435,0.311087,0.977170
524.000000,0.000000,146.000000,146.000000,0.000000,0.000000,0.050639,0.248223,0.310715,0.976951
525.000000,0.000000,146.000000,146.000000,0.000000,0.000000,0.050999,0.248112,0.310357,0.976901
526.000000,0.000000,146.000000,146.000000,0.000000,0.000000,0.051409,0.248054,0.310033,0.976465
527.000000,0.000000,146.000000,146.000000,0.000000,0.000000,0.051538,0.248124,0.309934,0.976322
528.000000,0.000000,146.000000,146.000000,0.000000,0.000000,0.051672,0.248201,0.309892,0.975899
529.000000,0.000000,146.000000,146.000000,0.000000,0.000000,0.051836,0.248314,0.309806,0.975538
530.000000,0.000000,146.000000,146.000000,0.000000,0.000000,0.051885,0.248272,0.309796,0.975350
531.000000,0.000000,146.000000,146.000000,0.000000,0.000000,0.052071,0.248105,0.309618,0.975286
532.000000,0.000000,146.000000,146.000000,0.000000,0.000000,0.052339,0.247872,0.309348,0.975254
533.000000,0.000000,146.000000,146.000000,0.000000,0.000000,0.052383,0.247614,0.309259,0.975429
534.000000,0.000000,146.000000,146.000000,0.000000,0.000000,0.052524,0.247292,0.309115,0.975409
535.000000,0.000000,146.000000,146.000000,0.000000,0.000000,0.052694,0.246902,0.308914,0.975502
536.000000,0.000000,146.000000,146.000000,0.000000,0.000000,0.052929,0.246442,0.308660,0.975538
537.000000,0.000000,146.000000,146.000000,0.000000,0.000000,0.052838,0.245856,0.308641,0.976001
538.000000,0.000000,146.000000,146.000000,0.000000,0.000000,0.052773,0.245295,0.308598,0.976456
539.000000,0.000000,146.000000,146.000000,0.000000,0.000000,0.052706,0.245110,0.308628,0.976617
540.000000,0.000000,146.000000,146.000000,0.000000,0.000000,0.052533,0.245082,0.308814,0.976581
541.000000,0.000000,146.000000,146.000000,0.000000,0.000000,0.052291,0.244980,0.309051,0.976624
542.000000,0.000000,146.000000,146.000000,0.000000,0.000000,0.052276,0.245285,0.309106,0.976461
543.000000,0.000000,146.000000,146.000000,0.000000,0.000000,0.052176,0.245413,0.309269,0.976201
544.000000,0.000000,146.000000,146.000000,0.000000,0.000000,0.051864,0.245625,0.309613,0.976102
545.000000,0.000000,146.000000,146.000000,0.000000,0.000000,0.051774,0.245916,0.309720,0.976060
546.000000,0.000000,146.000000,146.000000,0.000000,0.000000,0.052013,0.246395,0.309547,0.975761
547.000000,0.000000,146.000000,146.000000,0.000000,0.000000,0.052239,0.246811,0.309402,0.975400
548.000000,0.000000,146.000000,146.000000,0.000000,0.000000,0.052530,0.247153,0.309164,0.975154
549.000000,0.000000,146.000000,146.000000,0.000000,0.000000,0.052785,0.247217,0.308937,0.975005
550.000000,0.000000,146.000000,146.000000,0.000000,0.000000,0.053131,0.247654,0.308645,0.974752
