101,0,0.316705,-0.214103,1.76255,-0.0107831,0.460083,1.82017
102,0,0.315547,-0.213676,1.76195,-0.0107831,0.460083,1.82017
103,0,0.315864,-0.213478,1.75818,-0.0107831,0.460083,1.82017
104,0,0.316011,-0.214044,1.7605,-0.0107831,0.460083,1.82017
105,0,0.316322,-0.213791,1.75853,-0.0107831,0.460083,1.82017
106,0,0.315631,-0.213588,1.75986,-0.0107831,0.460083,1.82017
107,0,0.315617,-0.213671,1.75968,-0.0107831,0.460083,1.82017
108,0,0.317017,-0.213455,1.76062,-0.0107831,0.460083,1.82017
109,0,0.315807,-0.213847,1.76013,-0.0107831,0.460083,1.82017
110,0,0.316429,-0.213138,1.75982,-0.0107831,0.460083,1.82017
111,0,0.316913,-0.213586,1.76186,-0.0107831,0.460083,1.82017
112,0,0.316834,-0.213677,1.76206,-0.0107831,0.460083,1.82017
113,0,0.312434,-0.213204,1.76074,-0.0107831,0.460083,1.82017
114,0,0.3159,-0.213589,1.76107,-0.0107831,0.460083,1.82017
115,0,0.316945,-0.213083,1.76174,-0.0107831,0.460083,1.82017
116,0,0.316441,-0.213591,1.76258,-0.0107831,0.460083,1.82017
117,0,0.315157,-0.21286,1.76322,-0.0107831,0.460083,1.82017
118,0,0.315813,-0.213503,1.76266,-0.0107831,0.460083,1.82017
119,0,0.316592,-0.213582,1.76282,-0.0107831,0.460083,1.82017
120,0,0.314197,-0.211774,1.76269,-0.0107831,0.460083,1.82017
121,0,0.316434,-0.213209,1.76386,-0.0107831,0.460083,1.82017
122,0,0.31573,-0.214073,1.76229,-0.0107831,0.460083,1.82017
123,0,0.315315,-0.213661,1.76252,-0.0107831,0.460083,1.82017
124,0,0.313383,-0.213065,1.76147,-0.0107831,0.460083,1.82017
125,0,0.314293,-0.214179,1.76137,-0.0107831,0.460083,1.82017
126,0,0.31657,-0.214036,1.7603,-0.0107831,0.460083,1.82017
127,0,0.316271,-0.213223,1.76393,-0.0107831,0.460083,1.82017
128,0,0.314903,-0.214756,1.75829,-0.0107831,0.460083,1.82017
129,0,0.31518,-0.213402,1.76194,-0.0107831,0.460083,1.82017
130,0,0.31542,-0.211971,1.76112,-0.0107831,0.460083,1.82017
131,0,0.316228,-0.214017,1.76181,-0.0107831,0.460083,1.82017
132,0,0.317002,-0.214101,1.76233,-0.0107831,0.460083,1.82017
133,0,0.317639,-0.215122,1.75897,-0.0107831,0.460083,1.82017
134,0,0.316864,-0.213866,1.76161,-0.0107831,0.460083,1.82017
135,0,0.316778,-0.213491,1.76081,-0.0107831,0.460083,1.82017
136,0,0.316991,-0.212893,1.76147,-0.0107831,0.460083,1.82017
137,0,0.318024,-0.213856,1.76216,-0.0107831,0.460083,1.82017
138,0,0.316205,-0.213506,1.76281,-0.0107831,0.460083,1.82017
139,0,0.316492,-0.214148,1.76353,-0.0107831,0.460083,1.82017
140,0,0.31567,-0.211633,1.76436,-0.0107831,0.460083,1.82017
141,0,0.314629,-0.213616,1.76396,-0.0107831,0.460083,1.82017
142,0,0.316865,-0.213809,1.76361,-0.0107831,0.460083,1.82017
143,0,0.316179,-0.213524,1.7623,-0.0107831,0.460083,1.82017
144,0,0.315043,-0.213559,1.76303,-0.0107831,0.460083,1.82017
145,0,0.316285,-0.213903,1.76364,-0.0107831,0.460083,1.82017
146,0,0.317773,-0.214281,1.76229,-0.0107831,0.460083,1.82017
147,0,0.316387,-0.21364,1.76015,-0.0107831,0.460083,1.82017
148,0,0.315932,-0.213778,1.75932,-0.0107831,0.460083,1.82017
149,0,0.315337,-0.212803,1.75975,-0.0107831,0.460083,1.82017
150,0,0.31567,-0.213065,1.7605,-0.0107831,0.460083,1.82017
151,0,0.316171,-0.213995,1.76008,-0.0107831,0.460083,1.82017
152,0,0.315422,-0.213059,1.76138,-0.0107831,0.460083,1.82017
153,0,0.314344,-0.213016,1.76082,-0.0107831,0.460083,1.82017
154,0,0.314653,-0.212642,1.76072,-0.0107831,0.460083,1.82017
155,0,0.314692,-0.212209,1.75791,-0.0107831,0.460083,1.82017
156,1,0.31459,-0.21256,1.75552,-0.0107831,0.460083,1.82017
157,1,0.315302,-0.213856,1.75561,-0.0107831,0.460083,1.82017
158,1,0.314955,-0.21443,1.75599,-0.0107831,0.460083,1.82017
159,1,0.314766,-0.214024,1.75686,-0.0107831,0.460083,1.82017
160,1,0.315413,-0.213771,1.75577,-0.0107831,0.460083,1.82017
161,1,0.314138,-0.214158,1.75617,-0.0107831,0.460083,1.82017
162,1,0.314041,-0.21381,1.75526,-0.0107831,0.460083,1.82017
163,1,0.312817,-0.214356,1.75459,-0.0107831,0.460083,1.82017
164,1,0.313865,-0.214106,1.75574,-0.0107831,0.460083,1.82017
165,1,0.314638,-0.214754,1.75647,-0.0107831,0.460083,1.82017
166,1,0.315447,-0.215422,1.75566,-0.0107831,0.460083,1.82017
167,1,0.314561,-0.214908,1.76441,-0.0107831,0.460083,1.82017
168,1,0.313419,-0.214477,1.76207,-0.0107831,0.460083,1.82017
169,1,0.314503,-0.216178,1.75923,-0.0107831,0.460083,1.82017
170,1,0.317852,-0.217435,1.76146,-0.0107831,0.460083,1.82017
171,1,0.319008,-0.216007,1.76267,-0.0107831,0.460083,1.82017
172,1,0.31732,-0.216416,1.76021,-0.0107831,0.460083,1.82017
173,1,0.316514,-0.216081,1.75836,-0.0107831,0.460083,1.82017
174,1,0.31976,-0.216205,1.76083,-0.0107831,0.460083,1.82017
175,1,0.317886,-0.216603,1.76004,-0.0107831,0.460083,1.82017
176,1,0.317364,-0.216426,1.75933,-0.0107831,0.460083,1.82017
177,1,0.317948,-0.2162,1.76059,-0.0107831,0.460083,1.82017
178,1,0.317094,-0.216416,1.75851,-0.0107831,0.460083,1.82017
179,1,0.317878,-0.216703,1.75937,-0.0107831,0.460083,1.82017
180,1,0.317071,-0.21739,1.75989,-0.0107831,0.460083,1.82017
181,1,0.316288,-0.216786,1.75609,-0.0107831,0.460083,1.82017
182,1,0.31842,-0.216865,1.76015,-0.0107831,0.460083,1.82017
183,1,0.318093,-0.216783,1.75975,-0.0107831,0.460083,1.82017
184,1,0.31889,-0.216454,1.76147,-0.0107831,0.460083,1.82017
185,1,0.319602,-0.216975,1.7624,-0.0107831,0.460083,1.82017
186,1,0.319017,-0.216765,1.76119,-0.0107831,0.460083,1.82017
187,1,0.319288,-0.217234,1.7597,-0.0107831,0.460083,1.82017
188,1,0.319715,-0.217346,1.76081,-0.0107831,0.460083,1.82017
189,1,0.319147,-0.217072,1.75935,-0.0107831,0.460083,1.82017
190,1,0.319613,-0.217817,1.759,-0.0107831,0.460083,1.82017
191,1,0.32016,-0.217255,1.76128,-0.0107831,0.460083,1.82017
192,1,0.320543,-0.217292,1.76143,-0.0107831,0.460083,1.82017
193,1,0.319786,-0.217657,1.76076,-0.0107831,0.460083,1.82017
194,1,0.319222,-0.216963,1.75758,-0.0107831,0.460083,1.82017
195,1,0.32107,-0.217727,1.76262,-0.0107831,0.460083,1.82017
196,1,0.322132,-0.217474,1.76218,-0.0107831,0.460083,1.82017
197,1,0.322563,-0.217389,1.76064,-0.0107831,0.460083,1.82017
198,1,0.322346,-0.217272,1.75769,-0.0107831,0.460083,1.82017
199,1,0.322868,-0.216861,1.75994,-0.0107831,0.460083,1.82017
200,1,0.322722,-0.217073,1.75866,-0.0107831,0.460083,1.82017
201,1,0.322875,-0.21664,1.75652,-0.0107831,0.460083,1.82017
202,1,0.323596,-0.216415,1.75513,-0.0107831,0.460083,1.82017
203,1,0.326006,-0.215458,1.75841,-0.0107831,0.460083,1.82017
204,1,0.327031,-0.215304,1.75943,-0.0107831,0.460083,1.82017
205,1,0.327733,-0.213538,1.75371,-0.0107831,0.460083,1.82017
206,1,0.32731,-0.207097,1.74377,-0.0107831,0.460083,1.82017
207,1,0.328991,-0.199288,1.73259,-0.0107831,0.460083,1.82017
208,1,0.321798,-0.196176,1.70399,-0.0107831,0.460083,1.82017
209,1,0.314938,-0.194573,1.67516,-0.0107831,0.460083,1.82017
210,1,0.306618,-0.194697,1.64302,-0.0107831,0.460083,1.82017
211,1,0.291267,-0.199978,1.6035,-0.0107831,0.460083,1.82017
212,1,0.271241,-0.209341,1.56936,-0.0107831,0.460083,1.82017
213,1,0.246849,-0.22091,1.53139,-0.0107831,0.460083,1.82017
214,1,0.219431,-0.232005,1.50165,-0.0107831,0.460083,1.82017
215,1,0.195591,-0.240861,1.47358,-0.0107831,0.460083,1.82017
216,1,0.171122,-0.250565,1.45567,-0.0107831,0.460083,1.82017
217,1,0.152545,-0.255801,1.44389,-0.0107831,0.460083,1.82017
218,1,0.133662,-0.261444,1.43733,-0.0107831,0.460083,1.82017
219,1,0.120207,-0.266822,1.43275,-0.0107831,0.460083,1.82017
220,1,0.109421,-0.272122,1.43576,-0.0107831,0.460083,1.82017
221,1,0.103583,-0.276184,1.44352,-0.0107831,0.460083,1.82017
222,1,0.0999899,-0.278468,1.45302,-0.0107831,0.460083,1.82017
223,1,0.0942915,-0.279382,1.46078,-0.0107831,0.460083,1.82017
224,1,0.0899132,-0.28006,1.46876,-0.0107831,0.460083,1.82017
225,1,0.0886181,-0.278729,1.4744,-0.0107831,0.460083,1.82017
226,1,0.0884598,-0.280821,1.47651,-0.0107831,0.460083,1.82017
227,1,0.0840378,-0.281183,1.47177,-0.0107831,0.460083,1.82017
228,1,0.0849882,-0.281256,1.45603,-0.0107831,0.460083,1.82017
229,1,0.0838906,-0.28356,1.43534,-0.0107831,0.460083,1.82017
230,1,0.0827183,-0.28705,1.41195,-0.0107831,0.460083,1.82017
231,1,0.0830684,-0.292274,1.38721,-0.0107831,0.460083,1.82017
232,1,0.0820347,-0.293881,1.36629,-0.0107831,0.460083,1.82017
233,1,0.0828404,-0.295936,1.34504,-0.0107831,0.460083,1.82017
234,1,0.0841169,-0.298752,1.33112,-0.0107831,0.460083,1.82017
235,1,0.0862188,-0.297914,1.32257,-0.0107831,0.460083,1.82017
236,1,0.087611,-0.297319,1.31677,-0.0107831,0.460083,1.82017
237,1,0.0899466,-0.29384,1.31489,-0.0107831,0.460083,1.82017
238,1,0.0916093,-0.291977,1.31907,-0.0107831,0.460083,1.82017
239,1,0.0930768,-0.290773,1.32862,-0.0107831,0.460083,1.82017
240,1,0.0952566,-0.288249,1.34556,-0.0107831,0.460083,1.82017
241,1,0.09728,-0.285323,1.36506,-0.0107831,0.460083,1.82017
242,1,0.0973802,-0.280356,1.38527,-0.0107831,0.460083,1.82017
243,1,0.0966774,-0.272497,1.41036,-0.0107831,0.460083,1.82017
244,1,0.0947178,-0.266583,1.43584,-0.0107831,0.460083,1.82017
245,1,0.0892028,-0.262004,1.45812,-0.0107831,0.460083,1.82017
246,1,0.086989,-0.259252,1.47953,-0.0107831,0.460083,1.82017
247,1,0.0866076,-0.255102,1.49824,-0.0107831,0.460083,1.82017
248,1,0.0836329,-0.254454,1.50856,-0.0107831,0.460083,1.82017
249,1,0.0832096,-0.25417,1.51299,-0.0107831,0.460083,1.82017
250,1,0.0826035,-0.256399,1.50962,-0.0107831,0.460083,1.82017
251,1,0.0823027,-0.256911,1.50046,-0.0107831,0.460083,1.82017
252,1,0.0829953,-0.263775,1.48295,-0.0107831,0.460083,1.82017
253,1,0.0845115,-0.266286,1.461,-0.0107831,0.460083,1.82017
254,1,0.0848895,-0.271703,1.43442,-0.0107831,0.460083,1.82017
255,1,0.081969,-0.277974,1.40423,-0.0107831,0.460083,1.82017
256,1,0.0828632,-0.28073,1.37788,-0.0107831,0.460083,1.82017
257,1,0.0800161,-0.284366,1.35272,-0.0107831,0.460083,1.82017
258,1,0.0794194,-0.286595,1.3313,-0.0107831,0.460083,1.82017
259,1,0.0786799,-0.287735,1.31546,-0.0107831,0.460083,1.82017
260,1,0.0776291,-0.288556,1.30702,-0.0107831,0.460083,1.82017
261,1,0.0757933,-0.289013,1.30193,-0.0107831,0.460083,1.82017
262,1,0.0763976,-0.28911,1.30066,-0.0107831,0.460083,1.82017
263,1,0.0765169,-0.289042,1.30262,-0.0107831,0.460083,1.82017
264,1,0.0761323,-0.288253,1.31141,-0.0107831,0.460083,1.82017
265,1,0.077803,-0.286381,1.32792,-0.0107831,0.460083,1.82017
266,1,0.0784576,-0.284233,1.34538,-0.0107831,0.460083,1.82017
267,1,0.0801258,-0.28053,1.36607,-0.0107831,0.460083,1.82017
268,1,0.0782801,-0.274549,1.38724,-0.0107831,0.460083,1.82017
269,1,0.0770335,-0.269727,1.41239,-0.0107831,0.460083,1.82017
270,1,0.0727678,-0.265932,1.43446,-0.0107831,0.460083,1.82017
271,1,0.0682753,-0.26284,1.45814,-0.0107831,0.460083,1.82017
272,1,0.0602619,-0.264202,1.47679,-0.0107831,0.460083,1.82017
273,1,0.0592019,-0.258745,1.4983,-0.0107831,0.460083,1.82017
274,1,0.0539431,-0.257903,1.50841,-0.0107831,0.460083,1.82017
275,1,0.052262,-0.256386,1.51916,-0.0107831,0.460083,1.82017
276,1,0.0520393,-0.256435,1.51936,-0.0107831,0.460083,1.82017
277,1,0.0513603,-0.258059,1.5115,-0.0107831,0.460083,1.82017
278,1,0.0551084,-0.25721,1.50098,-0.0107831,0.460083,1.82017
279,1,0.0580937,-0.262105,1.48302,-0.0107831,0.460083,1.82017
280,1,0.0621914,-0.266497,1.46628,-0.0107831,0.460083,1.82017
281,1,0.0638798,-0.272743,1.445,-0.0107831,0.460083,1.82017
282,1,0.0680688,-0.277093,1.42239,-0.0107831,0.460083,1.82017
283,1,0.0698013,-0.281149,1.39869,-0.0107831,0.460083,1.82017
284,1,0.070527,-0.285009,1.37711,-0.0107831,0.460083,1.82017
285,1,0.0722555,-0.287633,1.35931,-0.0107831,0.460083,1.82017
286,1,0.0714955,-0.290173,1.34222,-0.0107831,0.460083,1.82017
287,1,0.0699249,-0.293043,1.33028,-0.0107831,0.460083,1.82017
288,1,0.0711791,-0.294303,1.325,-0.0107831,0.460083,1.82017
289,1,0.0722542,-0.295572,1.31971,-0.0107831,0.460083,1.82017
290,1,0.0735723,-0.294367,1.3192,-0.0107831,0.460083,1.82017
291,1,0.0734015,-0.293943,1.31956,-0.0107831,0.460083,1.82017
292,1,0.0743097,-0.292144,1.32523,-0.0107831,0.460083,1.82017
293,1,0.0762549,-0.291013,1.3385,-0.0107831,0.460083,1.82017
294,1,0.0772764,-0.287322,1.35302,-0.0107831,0.460083,1.82017
295,1,0.0779,-0.282428,1.36923,-0.0107831,0.460083,1.82017
296,1,0.0756567,-0.278071,1.38761,-0.0107831,0.460083,1.82017
297,1,0.0747607,-0.270903,1.40999,-0.0107831,0.460083,1.82017
298,1,0.0698036,-0.264266,1.43152,-0.0107831,0.460083,1.82017
299,1,0.0647039,-0.259178,1.45463,-0.0107831,0.460083,1.82017
300,1,0.061925,-0.254079,1.47711,-0.0107831,0.460083,1.82017
301,1,0.0563901,-0.250202,1.49242,-0.0107831,0.460083,1.82017
302,1,0.0525447,-0.246295,1.50216,-0.0107831,0.460083,1.82017
303,1,0.0492857,-0.2459,1.50963,-0.0107831,0.460083,1.82017
304,1,0.0477583,-0.249576,1.50766,-0.0107831,0.460083,1.82017
305,1,0.0479427,-0.251271,1.49645,-0.0107831,0.460083,1.82017
306,1,0.0479715,-0.257647,1.48101,-0.0107831,0.460083,1.82017
307,1,0.0463746,-0.265558,1.45723,-0.0107831,0.460083,1.82017
308,1,0.047429,-0.273399,1.43043,-0.0107831,0.460083,1.82017
309,1,0.0459115,-0.280437,1.40109,-0.0107831,0.460083,1.82017
310,1,0.0440495,-0.285861,1.37593,-0.0107831,0.460083,1.82017
311,1,0.0411604,-0.2908,1.34937,-0.0107831,0.460083,1.82017
312,1,0.0396423,-0.293292,1.33153,-0.0107831,0.460083,1.82017
313,1,0.0382939,-0.295972,1.31702,-0.0107831,0.460083,1.82017
314,1,0.0372102,-0.297826,1.3099,-0.0107831,0.460083,1.82017
315,1,0.0366948,-0.29882,1.30569,-0.0107831,0.460083,1.82017
316,1,0.0377549,-0.299011,1.30436,-0.0107831,0.460083,1.82017
317,1,0.0393309,-0.297841,1.3081,-0.0107831,0.460083,1.82017
318,1,0.0412286,-0.29559,1.31637,-0.0107831,0.460083,1.82017
319,1,0.0443338,-0.291518,1.32795,-0.0107831,0.460083,1.82017
320,1,0.0473776,-0.286378,1.34658,-0.0107831,0.460083,1.82017
321,1,0.0481094,-0.280814,1.37008,-0.0107831,0.460083,1.82017
322,1,0.0494101,-0.274957,1.39325,-0.0107831,0.460083,1.82017
323,1,0.0494797,-0.269996,1.41911,-0.0107831,0.460083,1.82017
324,1,0.0484295,-0.267141,1.44611,-0.0107831,0.460083,1.82017
325,1,0.0461567,-0.265344,1.46543,-0.0107831,0.460083,1.82017
326,1,0.0476815,-0.261163,1.4868,-0.0107831,0.460083,1.82017
327,1,0.0475979,-0.257474,1.49759,-0.0107831,0.460083,1.82017
328,1,0.0475592,-0.253517,1.50085,-0.0107831,0.460083,1.82017
329,1,0.0479536,-0.250144,1.49995,-0.0107831,0.460083,1.82017
330,1,0.0503298,-0.244867,1.49985,-0.0107831,0.460083,1.82017
331,1,0.0535788,-0.236716,1.49817,-0.0107831,0.460083,1.82017
332,1,0.055518,-0.225557,1.49121,-0.0107831,0.460083,1.82017
333,1,0.0545855,-0.210527,1.48466,-0.0107831,0.460083,1.82017
334,1,0.0520326,-0.190684,1.47524,-0.0107831,0.460083,1.82017
335,1,0.047538,-0.16888,1.47141,-0.0107831,0.460083,1.82017
336,1,0.0377793,-0.147016,1.46757,-0.0107831,0.460083,1.82017
337,1,0.0230877,-0.126926,1.46374,-0.0107831,0.460083,1.82017
338,1,0.00341068,-0.106817,1.46164,-0.0107831,0.460083,1.82017
339,1,-0.020531,-0.0900899,1.46197,-0.0107831,0.460083,1.82017
340,1,-0.0482534,-0.0747479,1.46292,-0.0107831,0.460083,1.82017
341,1,-0.0768574,-0.0610859,1.47031,-0.0107831,0.460083,1.82017
342,1,-0.110412,-0.0539561,1.47918,-0.0107831,0.460083,1.82017
343,1,-0.141927,-0.0470325,1.48518,-0.0107831,0.460083,1.82017
344,1,-0.170389,-0.0442199,1.49371,-0.0107831,0.460083,1.82017
345,1,-0.202031,-0.0442984,1.50643,-0.0107831,0.460083,1.82017
346,1,-0.236665,-0.0488343,1.52888,-0.0107831,0.460083,1.82017
347,1,-0.269835,-0.0547095,1.54738,-0.0107831,0.460083,1.82017
348,1,-0.292998,-0.0640427,1.55918,-0.0107831,0.460083,1.82017
349,1,-0.315653,-0.0773578,1.57065,-0.0107831,0.460083,1.82017
350,1,-0.332578,-0.0898853,1.58661,-0.0107831,0.460083,1.82017
351,1,-0.347011,-0.102394,1.60946,-0.0107831,0.460083,1.82017
352,1,-0.360694,-0.11706,1.63004,-0.0107831,0.460083,1.82017
353,1,-0.369991,-0.130672,1.64562,-0.0107831,0.460083,1.82017
354,1,-0.379541,-0.141071,1.65516,-0.0107831,0.460083,1.82017
355,1,-0.38327,-0.149347,1.66947,-0.0107831,0.460083,1.82017
356,1,-0.382795,-0.160895,1.66864,-0.0107831,0.460083,1.82017
357,1,-0.384975,-0.163979,1.68068,-0.0107831,0.460083,1.82017
358,1,-0.384686,-0.169862,1.6803,-0.0107831,0.460083,1.82017
359,1,-0.387248,-0.17332,1.68328,-0.0107831,0.460083,1.82017
360,1,-0.387356,-0.178454,1.68742,-0.0107831,0.460083,1.82017
361,1,-0.388635,-0.180342,1.69095,-0.0107831,0.460083,1.82017
362,1,-0.387094,-0.182142,1.69042,-0.0107831,0.460083,1.82017
363,1,-0.387893,-0.181919,1.69001,-0.0107831,0.460083,1.82017
364,1,-0.388801,-0.18214,1.69194,-0.0107831,0.460083,1.82017
365,1,-0.387566,-0.182234,1.69027,-0.0107831,0.460083,1.82017
366,1,-0.386486,-0.183485,1.68504,-0.0107831,0.460083,1.82017
367,1,-0.386667,-0.183714,1.68469,-0.0107831,0.460083,1.82017
368,0,-0.387546,-0.183191,1.68986,-0.0107831,0.460083,1.82017
369,0,-0.387847,-0.183513,1.68711,-0.0107831,0.460083,1.82017
370,0,-0.386715,-0.182808,1.68578,-0.0107831,0.460083,1.82017
371,0,-0.38725,-0.183093,1.68693,-0.0107831,0.460083,1.82017
372,0,-0.385818,-0.185005,1.68405,-0.0107831,0.460083,1.82017
373,0,-0.386647,-0.183423,1.68675,-0.0107831,0.460083,1.82017
374,0,-0.386568,-0.184719,1.68162,-0.0107831,0.460083,1.82017
375,0,-0.385619,-0.183395,1.68664,-0.0107831,0.460083,1.82017
376,0,-0.385912,-0.18356,1.68563,-0.0107831,0.460083,1.82017
377,0,-0.386123,-0.183485,1.68371,-0.0107831,0.460083,1.82017
378,0,-0.385486,-0.183611,1.68205,-0.0107831,0.460083,1.82017
379,0,-0.38547,-0.183225,1.68264,-0.0107831,0.460083,1.82017
380,0,-0.38896,-0.18245,1.68696,-0.0107831,0.460083,1.82017
381,0,-0.38799,-0.183174,1.68494,-0.0107831,0.460083,1.82017
382,0,-0.385878,-0.183079,1.68408,-0.0107831,0.460083,1.82017
383,0,-0.387413,-0.182624,1.6885,-0.0107831,0.460083,1.82017
384,0,-0.387381,-0.182134,1.68924,-0.0107831,0.460083,1.82017
385,0,-0.386936,-0.183655,1.68478,-0.0107831,0.460083,1.82017
386,0,-0.389185,-0.182773,1.68821,-0.0107831,0.460083,1.82017
387,0,-0.38642,-0.18272,1.68788,-0.0107831,0.460083,1.82017
388,0,-0.385944,-0.183281,1.68517,-0.0107831,0.460083,1.82017
389,0,-0.388097,-0.18384,1.68815,-0.0107831,0.460083,1.82017
390,0,-0.387875,-0.183393,1.68703,-0.0107831,0.460083,1.82017
391,0,-0.38728,-0.183329,1.68813,-0.0107831,0.460083,1.82017
392,0,-0.388684,-0.182395,1.69019,-0.0107831,0.460083,1.82017
393,0,-0.387073,-0.184615,1.68659,-0.0107831,0.460083,1.82017
394,0,-0.387567,-0.183419,1.68733,-0.0107831,0.460083,1.82017
395,0,-0.387947,-0.18347,1.6895,-0.0107831,0.460083,1.82017
396,0,-0.386776,-0.183163,1.68651,-0.0107831,0.460083,1.82017
397,0,-0.386424,-0.183348,1.68711,-0.0107831,0.460083,1.82017
398,0,-0.385544,-0.184067,1.68185,-0.0107831,0.460083,1.82017
399,0,-0.386272,-0.183732,1.685,-0.0107831,0.460083,1.82017
400,0,-0.384998,-0.183885,1.68344,-0.0107831,0.460083,1.82017
401,0,-0.385441,-0.183296,1.68252,-0.0107831,0.460083,1.82017
402,0,-0.386148,-0.183966,1.68514,-0.0107831,0.460083,1.82017
403,0,-0.388294,-0.184105,1.68575,-0.0107831,0.460083,1.82017
404,0,-0.38757,-0.183941,1.68718,-0.0107831,0.460083,1.82017
405,0,-0.388108,-0.183016,1.68873,-0.0107831,0.460083,1.82017
406,0,-0.388344,-0.182627,1.68787,-0.0107831,0.460083,1.82017
407,0,-0.387047,-0.181708,1.68753,-0.0107831,0.460083,1.82017
408,0,-0.388376,-0.18287,1.68742,-0.0107831,0.460083,1.82017
409,0,-0.389089,-0.183439,1.68858,-0.0107831,0.460083,1.82017
410,0,-0.388695,-0.18342,1.68823,-0.0107831,0.460083,1.82017
411,0,-0.388161,-0.184006,1.68788,-0.0107831,0.460083,1.82017
412,0,-0.387038,-0.182864,1.68749,-0.0107831,0.460083,1.82017
413,0,-0.388887,-0.183616,1.6885,-0.0107831,0.460083,1.82017
414,0,-0.388684,-0.183085,1.69023,-0.0107831,0.460083,1.82017
415,0,-0.387616,-0.183882,1.68667,-0.0107831,0.460083,1.82017
416,0,-0.388135,-0.183816,1.68938,-0.0107831,0.460083,1.82017
417,0,-0.388152,-0.18435,1.68592,-0.0107831,0.460083,1.82017
418,0,-0.388856,-0.183757,1.68942,-0.0107831,0.460083,1.82017
419,0,-0.38757,-0.184595,1.68453,-0.0107831,0.460083,1.82017
420,0,-0.387588,-0.183111,1.68889,-0.0107831,0.460083,1.82017
421,0,-0.387775,-0.184247,1.68468,-0.0107831,0.460083,1.82017
422,0,-0.387207,-0.183969,1.68412,-0.0107831,0.460083,1.82017
423,0,-0.387476,-0.184909,1.68493,-0.0107831,0.460083,1.82017
424,0,-0.387611,-0.184607,1.68696,-0.0107831,0.460083,1.82017
425,0,-0.387483,-0.184144,1.68366,-0.0107831,0.460083,1.82017
426,0,-0.38583,-0.182794,1.68405,-0.0107831,0.460083,1.82017
427,0,-0.387061,-0.182981,1.68517,-0.0107831,0.460083,1.82017
428,0,-0.386907,-0.183986,1.68553,-0.0107831,0.460083,1.82017
429,0,-0.386671,-0.184427,1.68233,-0.0107831,0.460083,1.82017
430,0,-0.388072,-0.182127,1.68807,-0.0107831,0.460083,1.82017
431,0,-0.386074,-0.184735,1.68206,-0.0107831,0.460083,1.82017
432,0,-0.386561,-0.184412,1.68451,-0.0107831,0.460083,1.82017
433,0,-0.387036,-0.18416,1.6844,-0.0107831,0.460083,1.82017
434,0,-0.387065,-0.183317,1.68465,-0.0107831,0.460083,1.82017
435,0,-0.388322,-0.183503,1.68903,-0.0107831,0.460083,1.82017
436,0,-0.385587,-0.184289,1.6802,-0.0107831,0.460083,1.82017
437,0,-0.386413,-0.18358,1.68426,-0.0107831,0.460083,1.82017
438,0,-0.387649,-0.183732,1.68642,-0.0107831,0.460083,1.82017
439,0,-0.387968,-0.182287,1.68989,-0.0107831,0.460083,1.82017
440,0,-0.388281,-0.183069,1.68976,-0.0107831,0.460083,1.82017
441,0,-0.387908,-0.184101,1.68602,-0.0107831,0.460083,1.82017
442,0,-0.385431,-0.184397,1.68263,-0.0107831,0.460083,1.82017
443,0,-0.385397,-0.184516,1.68293,-0.0107831,0.460083,1.82017
444,0,-0.386333,-0.183702,1.68415,-0.0107831,0.460083,1.82017
445,0,-0.388238,-0.182785,1.68688,-0.0107831,0.460083,1.82017
446,0,-0.386526,-0.183882,1.68356,-0.0107831,0.460083,1.82017
447,0,-0.386567,-0.184525,1.68233,-0.0107831,0.460083,1.82017
448,0,-0.387513,-0.184586,1.68598,-0.0107831,0.460083,1.82017
449,0,-0.387543,-0.184789,1.68461,-0.0107831,0.460083,1.82017
450,0,-0.386947,-0.18493,1.68276,-0.0107831,0.460083,1.82017
451,0,-0.387815,-0.18428,1.68788,-0.0107831,0.460083,1.82017
452,0,-0.386589,-0.18319,1.6874,-0.0107831,0.460083,1.82017
453,0,-0.38639,-0.184258,1.68444,-0.0107831,0.460083,1.82017
454,0,-0.385809,-0.184512,1.68321,-0.0107831,0.460083,1.82017
455,0,-0.386054,-0.184262,1.68324,-0.0107831,0.460083,1.82017
456,0,-0.38486,-0.184815,1.68108,-0.0107831,0.460083,1.82017
457,0,-0.38581,-0.184364,1.68215,-0.0107831,0.460083,1.82017
458,0,-0.385537,-0.184583,1.68066,-0.0107831,0.460083,1.82017
459,0,-0.386206,-0.184388,1.67985,-0.0107831,0.460083,1.82017
460,0,-0.386401,-0.185064,1.68209,-0.0107831,0.460083,1.82017
461,0,-0.385056,-0.183739,1.6838,-0.0107831,0.460083,1.82017
462,0,-0.387365,-0.183597,1.68639,-0.0107831,0.460083,1.82017
463,0,-0.386338,-0.184435,1.68235,-0.0107831,0.460083,1.82017
464,0,-0.386044,-0.185108,1.68148,-0.0107831,0.460083,1.82017
465,0,-0.387612,-0.183429,1.68624,-0.0107831,0.460083,1.82017
466,0,-0.385736,-0.183749,1.68315,-0.0107831,0.460083,1.82017
467,0,-0.386609,-0.183506,1.68147,-0.0107831,0.460083,1.82017
468,0,-0.387346,-0.183719,1.67948,-0.0107831,0.460083,1.82017
469,0,-0.385702,-0.184448,1.67679,-0.0107831,0.460083,1.82017
470,0,-0.38602,-0.184501,1.6782,-0.0107831,0.460083,1.82017
471,0,-0.386076,-0.184647,1.67721,-0.0107831,0.460083,1.82017
472,0,-0.386872,-0.18448,1.68088,-0.0107831,0.460083,1.82017
473,0,-0.386702,-0.183817,1.67891,-0.0107831,0.460083,1.82017
474,0,-0.385476,-0.182764,1.68212,-0.0107831,0.460083,1.82017
475,0,-0.386507,-0.183896,1.67865,-0.0107831,0.460083,1.82017
476,0,-0.386571,-0.183937,1.6781,-0.0107831,0.460083,1.82017
477,0,-0.385468,-0.184431,1.67704,-0.0107831,0.460083,1.82017
478,0,-0.387472,-0.183081,1.68229,-0.0107831,0.460083,1.82017
479,0,-0.386845,-0.184961,1.67942,-0.0107831,0.460083,1.82017
480,0,-0.387005,-0.183726,1.68118,-0.0107831,0.460083,1.82017
481,0,-0.384849,-0.184564,1.67661,-0.0107831,0.460083,1.82017
482,0,-0.386447,-0.184642,1.67965,-0.0107831,0.460083,1.82017
483,0,-0.387214,-0.182582,1.68351,-0.0107831,0.460083,1.82017
484,1,-0.387281,-0.18234,1.68491,-0.0107831,0.460083,1.82017
485,1,-0.387913,-0.182008,1.68584,-0.0107831,0.460083,1.82017
486,1,-0.387754,-0.18135,1.68625,-0.0107831,0.460083,1.82017
487,1,-0.387069,-0.182425,1.68165,-0.0107831,0.460083,1.82017
488,1,-0.385724,-0.1829,1.68115,-0.0107831,0.460083,1.82017
489,1,-0.386772,-0.181891,1.68458,-0.0107831,0.460083,1.82017
490,1,-0.388645,-0.181904,1.68582,-0.0107831,0.460083,1.82017
491,1,-0.387705,-0.181863,1.68701,-0.0107831,0.460083,1.82017
492,1,-0.388568,-0.181368,1.6895,-0.0107831,0.460083,1.82017
493,1,-0.386366,-0.181744,1.68442,-0.0107831,0.460083,1.82017
494,1,-0.387551,-0.181278,1.68573,-0.0107831,0.460083,1.82017
495,1,-0.386119,-0.181466,1.68617,-0.0107831,0.460083,1.82017
496,1,-0.386552,-0.181739,1.68544,-0.0107831,0.460083,1.82017
497,1,-0.386903,-0.181344,1.68326,-0.0107831,0.460083,1.82017
498,1,-0.387931,-0.18046,1.68656,-0.0107831,0.460083,1.82017
499,1,-0.387788,-0.183114,1.68389,-0.0107831,0.460083,1.82017
500,1,-0.387933,-0.182231,1.68583,-0.0107831,0.460083,1.82017
501,1,-0.384886,-0.182289,1.68179,-0.0107831,0.460083,1.82017
502,1,-0.386561,-0.181451,1.68447,-0.0107831,0.460083,1.82017
503,1,-0.386978,-0.181518,1.68604,-0.0107831,0.460083,1.82017
504,1,-0.387179,-0.181738,1.68454,-0.0107831,0.460083,1.82017
505,1,-0.387356,-0.181647,1.68755,-0.0107831,0.460083,1.82017
506,1,-0.386637,-0.182255,1.68473,-0.0107831,0.460083,1.82017
507,1,-0.38756,-0.180729,1.68642,-0.0107831,0.460083,1.82017
508,1,-0.387499,-0.181947,1.68418,-0.0107831,0.460083,1.82017
509,1,-0.385042,-0.183364,1.68539,-0.0107831,0.460083,1.82017
510,1,-0.386877,-0.181317,1.68602,-0.0107831,0.460083,1.82017
511,1,-0.388264,-0.181529,1.68742,-0.0107831,0.460083,1.82017
512,1,-0.38789,-0.181558,1.6857,-0.0107831,0.460083,1.82017
513,1,-0.387349,-0.1819,1.68508,-0.0107831,0.460083,1.82017
514,1,-0.385974,-0.182089,1.68379,-0.0107831,0.460083,1.82017
515,1,-0.388064,-0.180905,1.6864,-0.0107831,0.460083,1.82017
516,1,-0.388375,-0.181086,1.68898,-0.0107831,0.460083,1.82017
517,1,-0.387464,-0.181457,1.68611,-0.0107831,0.460083,1.82017
518,1,-0.388259,-0.18202,1.68751,-0.0107831,0.460083,1.82017
519,1,-0.387864,-0.181497,1.68514,-0.0107831,0.460083,1.82017
520,1,-0.385559,-0.182257,1.68224,-0.0107831,0.460083,1.82017
521,1,-0.387295,-0.18153,1.68792,-0.0107831,0.460083,1.82017
522,1,-0.386779,-0.181683,1.68733,-0.0107831,0.460083,1.82017
523,1,-0.385895,-0.181718,1.68424,-0.0107831,0.460083,1.82017
524,1,-0.388137,-0.180996,1.68747,-0.0107831,0.460083,1.82017
525,1,-0.386723,-0.181406,1.6856,-0.0107831,0.460083,1.82017
526,1,-0.385939,-0.181279,1.68311,-0.0107831,0.460083,1.82017
527,1,-0.385186,-0.183199,1.67982,-0.0107831,0.460083,1.82017
528,1,-0.384655,-0.183432,1.67889,-0.0107831,0.460083,1.82017
529,1,-0.385138,-0.182331,1.67836,-0.0107831,0.460083,1.82017
530,1,-0.387017,-0.182346,1.68686,-0.0107831,0.460083,1.82017
532,1,-0.386531,-0.181195,1.68429,-0.0107831,0.460083,1.82017
533,1,-0.38667,-0.182084,1.68442,-0.0107831,0.460083,1.82017
534,1,-0.387065,-0.18153,1.68443,-0.0107831,0.460083,1.82017
535,1,-0.386773,-0.181332,1.68399,-0.0107831,0.460083,1.82017
536,1,-0.386715,-0.181745,1.68299,-0.0107831,0.460083,1.82017
537,1,-0.386851,-0.181234,1.68472,-0.0107831,0.460083,1.82017
538,1,-0.38784,-0.180552,1.6847,-0.0107831,0.460083,1.82017
539,1,-0.387615,-0.180801,1.68737,-0.0107831,0.460083,1.82017
540,1,-0.388923,-0.1812,1.68806,-0.0107831,0.460083,1.82017
541,1,-0.386535,-0.180618,1.68411,-0.0107831,0.460083,1.82017
542,1,-0.387116,-0.178866,1.67974,-0.0107831,0.460083,1.82017
543,1,-0.385852,-0.171981,1.677,-0.0107831,0.460083,1.82017
544,1,-0.377843,-0.16431,1.66388,-0.0107831,0.460083,1.82017
545,1,-0.365155,-0.155871,1.6561,-0.0107831,0.460083,1.82017
546,1,-0.350899,-0.144832,1.64382,-0.0107831,0.460083,1.82017
547,1,-0.329095,-0.133156,1.63847,-0.0107831,0.460083,1.82017
548,1,-0.302407,-0.123279,1.6156,-0.0107831,0.460083,1.82017
549,1,-0.275202,-0.112317,1.60735,-0.0107831,0.460083,1.82017
550,1,-0.245882,-0.102496,1.60015,-0.0107831,0.460083,1.82017
551,1,-0.213629,-0.0934073,1.59881,-0.0107831,0.460083,1.82017
552,1,-0.163316,-0.0850785,1.57938,-0.0107831,0.460083,1.82017
553,1,-0.138409,-0.081656,1.59126,-0.0107831,0.460083,1.82017
554,1,-0.0871887,-0.0785339,1.58217,-0.0107831,0.460083,1.82017
555,1,-0.0478041,-0.0783652,1.58333,-0.0107831,0.460083,1.82017
556,1,-0.0150318,-0.0765773,1.59816,-0.0107831,0.460083,1.82017
557,1,0.0302476,-0.0834328,1.59886,-0.0107831,0.460083,1.82017
558,1,0.0607577,-0.0841579,1.61612,-0.0107831,0.460083,1.82017
559,1,0.0941696,-0.0920731,1.63154,-0.0107831,0.460083,1.82017
560,1,0.131925,-0.099307,1.64546,-0.0107831,0.460083,1.82017
561,1,0.16586,-0.107019,1.66279,-0.0107831,0.460083,1.82017
562,1,0.198425,-0.117464,1.68046,-0.0107831,0.460083,1.82017
563,1,0.223787,-0.128547,1.69714,-0.0107831,0.460083,1.82017
564,1,0.247482,-0.140308,1.71529,-0.0107831,0.460083,1.82017
565,1,0.265743,-0.153684,1.72703,-0.0107831,0.460083,1.82017
566,1,0.279292,-0.166592,1.73959,-0.0107831,0.460083,1.82017
567,1,0.291557,-0.177679,1.74806,-0.0107831,0.460083,1.82017
568,1,0.298383,-0.188079,1.75455,-0.0107831,0.460083,1.82017
569,1,0.303505,-0.19668,1.76506,-0.0107831,0.460083,1.82017
570,1,0.305748,-0.205937,1.76847,-0.0107831,0.460083,1.82017
571,1,0.306033,-0.212505,1.77015,-0.0107831,0.460083,1.82017
572,1,0.305272,-0.21629,1.77346,-0.0107831,0.460083,1.82017
573,1,0.305602,-0.215928,1.77365,-0.0107831,0.460083,1.82017
574,1,0.305417,-0.216652,1.77305,-0.0107831,0.460083,1.82017
575,1,0.305916,-0.216852,1.77397,-0.0107831,0.460083,1.82017
576,1,0.305161,-0.216553,1.77366,-0.0107831,0.460083,1.82017
577,1,0.305822,-0.215933,1.7729,-0.0107831,0.460083,1.82017
578,1,0.306821,-0.216536,1.77749,-0.0107831,0.460083,1.82017
579,1,0.305427,-0.213964,1.77867,-0.0107831,0.460083,1.82017
580,1,0.305386,-0.216557,1.77873,-0.0107831,0.460083,1.82017
581,0,0.30684,-0.216776,1.7761,-0.0107831,0.460083,1.82017
582,0,0.307136,-0.217439,1.77722,-0.0107831,0.460083,1.82017
583,0,0.30753,-0.2162,1.77599,-0.0107831,0.460083,1.82017
584,0,0.307756,-0.218051,1.77519,-0.0107831,0.460083,1.82017
585,0,0.306036,-0.216244,1.77639,-0.0107831,0.460083,1.82017
586,0,0.306307,-0.216594,1.77617,-0.0107831,0.460083,1.82017
588,0,0.306268,-0.21739,1.77793,-0.0107831,0.460083,1.82017
589,0,0.306337,-0.216067,1.77774,-0.0107831,0.460083,1.82017
590,0,0.306011,-0.216224,1.77666,-0.0107831,0.460083,1.82017
591,0,0.306736,-0.216976,1.77392,-0.0107831,0.460083,1.82017
592,0,0.305114,-0.216869,1.77584,-0.0107831,0.460083,1.82017
593,0,0.305752,-0.217084,1.77226,-0.0107831,0.460083,1.82017
594,0,0.305098,-0.216298,1.77461,-0.0107831,0.460083,1.82017
595,0,0.306239,-0.216115,1.77735,-0.0107831,0.460083,1.82017
596,0,0.307048,-0.217464,1.7741,-0.0107831,0.460083,1.82017
597,0,0.305276,-0.216689,1.77097,-0.0107831,0.460083,1.82017
598,0,0.307843,-0.216493,1.77478,-0.0107831,0.460083,1.82017
599,0,0.306626,-0.217069,1.77665,-0.0107831,0.460083,1.82017
600,0,0.305732,-0.216781,1.7788,-0.0107831,0.460083,1.82017
601,0,0.30774,-0.216784,1.77718,-0.0107831,0.460083,1.82017
602,0,0.305696,-0.216694,1.77787,-0.0107831,0.460083,1.82017
603,0,0.305724,-0.21745,1.77929,-0.0107831,0.460083,1.82017
604,0,0.305909,-0.216183,1.77617,-0.0107831,0.460083,1.82017
605,0,0.306219,-0.216283,1.77881,-0.0107831,0.460083,1.82017
606,0,0.306247,-0.216717,1.77562,-0.0107831,0.460083,1.82017
607,0,0.305785,-0.216548,1.77352,-0.0107831,0.460083,1.82017
608,0,0.304005,-0.21609,1.7751,-0.0107831,0.460083,1.82017
609,0,0.306873,-0.215513,1.77334,-0.0107831,0.460083,1.82017
610,0,0.305566,-0.216297,1.77601,-0.0107831,0.460083,1.82017
611,0,0.30659,-0.216966,1.77691,-0.0107831,0.460083,1.82017
612,0,0.305754,-0.217222,1.7785,-0.0107831,0.460083,1.82017
613,0,0.30644,-0.216626,1.77969,-0.0107831,0.460083,1.82017
614,0,0.305935,-0.216362,1.77799,-0.0107831,0.460083,1.82017
615,0,0.305225,-0.217168,1.77788,-0.0107831,0.460083,1.82017
616,0,0.304387,-0.216684,1.77603,-0.0107831,0.460083,1.82017
617,0,0.30549,-0.216499,1.77803,-0.0107831,0.460083,1.82017
618,0,0.306307,-0.216067,1.77666,-0.0107831,0.460083,1.82017
619,0,0.30725,-0.217165,1.77818,-0.0107831,0.460083,1.82017
620,0,0.306751,-0.2171,1.77919,-0.0107831,0.460083,1.82017
621,0,0.306094,-0.216642,1.77836,-0.0107831,0.460083,1.82017
622,0,0.30619,-0.216962,1.77761,-0.0107831,0.460083,1.82017
623,0,0.306057,-0.216882,1.77683,-0.0107831,0.460083,1.82017
624,0,0.308618,-0.216323,1.77518,-0.0107831,0.460083,1.82017
625,0,0.306026,-0.21566,1.77645,-0.0107831,0.460083,1.82017
626,0,0.309456,-0.217739,1.77535,-0.0107831,0.460083,1.82017
627,0,0.307664,-0.216906,1.77357,-0.0107831,0.460083,1.82017
628,0,0.308233,-0.217773,1.77433,-0.0107831,0.460083,1.82017
629,0,0.308138,-0.216758,1.77603,-0.0107831,0.460083,1.82017
630,0,0.306803,-0.21643,1.77549,-0.0107831,0.460083,1.82017
631,0,0.306124,-0.217358,1.77447,-0.0107831,0.460083,1.82017
632,0,0.304093,-0.217636,1.7752,-0.0107831,0.460083,1.82017
633,0,0.305829,-0.216952,1.77596,-0.0107831,0.460083,1.82017
634,0,0.309496,-0.217444,1.77487,-0.0107831,0.460083,1.82017
635,0,0.310736,-0.217051,1.77587,-0.0107831,0.460083,1.82017
636,0,0.306552,-0.216791,1.77609,-0.0107831,0.460083,1.82017
637,0,0.309274,-0.21635,1.77494,-0.0107831,0.460083,1.82017
638,0,0.308892,-0.215373,1.77268,-0.0107831,0.460083,1.82017
639,0,0.308561,-0.215173,1.77502,-0.0107831,0.460083,1.82017
640,0,0.305678,-0.215742,1.77397,-0.0107831,0.460083,1.82017
641,0,0.305633,-0.21659,1.77548,-0.0107831,0.460083,1.82017
642,0,0.306529,-0.216984,1.77686,-0.0107831,0.460083,1.82017
643,0,0.306834,-0.2163,1.77571,-0.0107831,0.460083,1.82017
644,0,0.306549,-0.21708,1.77773,-0.0107831,0.460083,1.82017
645,0,0.306207,-0.217763,1.77402,-0.0107831,0.460083,1.82017
646,0,0.307398,-0.216935,1.77869,-0.0107831,0.460083,1.82017
647,0,0.307206,-0.216323,1.7773,-0.0107831,0.460083,1.82017
648,0,0.305346,-0.217314,1.77462,-0.0107831,0.460083,1.82017
649,0,0.306004,-0.216535,1.77624,-0.0107831,0.460083,1.82017
650,0,0.306394,-0.217519,1.77861,-0.0107831,0.460083,1.82017
651,0,0.305951,-0.216397,1.77838,-0.0107831,0.460083,1.82017
652,0,0.306483,-0.21662,1.77619,-0.0107831,0.460083,1.82017
653,0,0.30672,-0.216912,1.7754,-0.0107831,0.460083,1.82017
654,0,0.306082,-0.216615,1.77712,-0.0107831,0.460083,1.82017
655,0,0.305413,-0.216648,1.77709,-0.0107831,0.460083,1.82017
656,0,0.30675,-0.217064,1.7782,-0.0107831,0.460083,1.82017
657,0,0.30557,-0.216498,1.77556,-0.0107831,0.460083,1.82017
658,0,0.307216,-0.216808,1.77817,-0.0107831,0.460083,1.82017
659,0,0.306494,-0.2178,1.77809,-0.0107831,0.460083,1.82017
660,0,0.307795,-0.216244,1.77592,-0.0107831,0.460083,1.82017
661,0,0.308117,-0.217221,1.77619,-0.0107831,0.460083,1.82017
662,0,0.307308,-0.2168,1.77446,-0.0107831,0.460083,1.82017
663,0,0.3077,-0.21723,1.77485,-0.0107831,0.460083,1.82017
664,0,0.304888,-0.215838,1.7765,-0.0107831,0.460083,1.82017
665,0,0.306191,-0.216799,1.77515,-0.0107831,0.460083,1.82017
666,0,0.306746,-0.216488,1.77493,-0.0107831,0.460083,1.82017
667,0,0.305837,-0.216747,1.77501,-0.0107831,0.460083,1.82017
668,0,0.305018,-0.216014,1.77425,-0.0107831,0.460083,1.82017
669,0,0.305656,-0.216529,1.77531,-0.0107831,0.460083,1.82017
670,0,0.306288,-0.216252,1.77543,-0.0107831,0.460083,1.82017
671,0,0.306342,-0.216349,1.77247,-0.0107831,0.460083,1.82017
672,0,0.30754,-0.216877,1.77614,-0.0107831,0.460083,1.82017
673,0,0.306924,-0.215706,1.77523,-0.0107831,0.460083,1.82017
674,0,0.307093,-0.216221,1.77554,-0.0107831,0.460083,1.82017
675,0,0.307816,-0.217294,1.77455,-0.0107831,0.460083,1.82017
676,0,0.306827,-0.217307,1.77486,-0.0107831,0.460083,1.82017
677,0,0.306547,-0.21765,1.77519,-0.0107831,0.460083,1.82017
678,0,0.307874,-0.217178,1.77497,-0.0107831,0.460083,1.82017
679,0,0.30733,-0.217777,1.77519,-0.0107831,0.460083,1.82017
680,0,0.307731,-0.216154,1.77576,-0.0107831,0.460083,1.82017
681,0,0.308472,-0.216215,1.77255,-0.0107831,0.460083,1.82017
682,0,0.307129,-0.216385,1.77513,-0.0107831,0.460083,1.82017
683,0,0.307345,-0.216034,1.77389,-0.0107831,0.460083,1.82017
684,0,0.308323,-0.216734,1.77561,-0.0107831,0.460083,1.82017
685,0,0.306068,-0.216114,1.77678,-0.0107831,0.460083,1.82017
686,0,0.307938,-0.215886,1.77955,-0.0107831,0.460083,1.82017
687,0,0.307748,-0.216336,1.77406,-0.0107831,0.460083,1.82017
688,0,0.307685,-0.216974,1.7742,-0.0107831,0.460083,1.82017
689,0,0.307445,-0.217231,1.77646,-0.0107831,0.460083,1.82017
690,0,0.307782,-0.21665,1.7774,-0.0107831,0.460083,1.82017
691,0,0.306983,-0.216476,1.77407,-0.0107831,0.460083,1.82017
692,0,0.306991,-0.216811,1.776,-0.0107831,0.460083,1.82017
693,0,0.308515,-0.215725,1.7753,-0.0107831,0.460083,1.82017
694,0,0.307826,-0.216318,1.7753,-0.0107831,0.460083,1.82017
695,0,0.305413,-0.215251,1.77689,-0.0107831,0.460083,1.82017
696,0,0.307035,-0.216935,1.7764,-0.0107831,0.460083,1.82017
697,0,0.304699,-0.216089,1.77665,-0.0107831,0.460083,1.82017
698,0,0.308033,-0.217149,1.77751,-0.0107831,0.460083,1.82017
699,0,0.307802,-0.216857,1.7764,-0.0107831,0.460083,1.82017
700,0,0.307059,-0.216765,1.77577,-0.0107831,0.460083,1.82017
701,0,0.305606,-0.215461,1.77846,-0.0107831,0.460083,1.82017
702,0,0.306602,-0.215591,1.77586,-0.0107831,0.460083,1.82017
703,0,0.307109,-0.216807,1.77757,-0.0107831,0.460083,1.82017
704,0,0.306428,-0.21626,1.77578,-0.0107831,0.460083,1.82017
705,0,0.307798,-0.216207,1.77694,-0.0107831,0.460083,1.82017
706,0,0.308169,-0.216011,1.77842,-0.0107831,0.460083,1.82017
707,0,0.306955,-0.216072,1.77726,-0.0107831,0.460083,1.82017
708,0,0.308136,-0.217189,1.77613,-0.0107831,0.460083,1.82017
709,0,0.307355,-0.21666,1.77593,-0.0107831,0.460083,1.82017
710,0,0.306353,-0.215895,1.77678,-0.0107831,0.460083,1.82017
711,0,0.306064,-0.216183,1.77547,-0.0107831,0.460083,1.82017
712,0,0.307489,-0.216829,1.77517,-0.0107831,0.460083,1.82017
713,0,0.306555,-0.215999,1.7743,-0.0107831,0.460083,1.82017
714,0,0.306752,-0.21704,1.77468,-0.0107831,0.460083,1.82017
715,0,0.307344,-0.216425,1.77435,-0.0107831,0.460083,1.82017
716,0,0.30647,-0.216411,1.7763,-0.0107831,0.460083,1.82017
717,0,0.305944,-0.217475,1.77387,-0.0107831,0.460083,1.82017
718,0,0.305602,-0.21711,1.77658,-0.0107831,0.460083,1.82017
719,0,0.305569,-0.216067,1.77518,-0.0107831,0.460083,1.82017
720,0,0.306028,-0.216157,1.77553,-0.0107831,0.460083,1.82017
721,0,0.305198,-0.216824,1.77598,-0.0107831,0.460083,1.82017
722,0,0.307881,-0.216534,1.77741,-0.0107831,0.460083,1.82017
723,0,0.306313,-0.216557,1.77789,-0.0107831,0.460083,1.82017
724,0,0.306257,-0.216855,1.77555,-0.0107831,0.460083,1.82017
725,0,0.30654,-0.216558,1.77207,-0.0107831,0.460083,1.82017
726,0,0.30668,-0.216705,1.77481,-0.0107831,0.460083,1.82017
727,0,0.30593,-0.216413,1.77468,-0.0107831,0.460083,1.82017
728,0,0.306605,-0.215911,1.77379,-0.0107831,0.460083,1.82017
729,0,0.305479,-0.215717,1.77533,-0.0107831,0.460083,1.82017
730,0,0.307285,-0.216838,1.77484,-0.0107831,0.460083,1.82017
731,0,0.306987,-0.216579,1.77555,-0.0107831,0.460083,1.82017
732,0,0.306817,-0.217061,1.77658,-0.0107831,0.460083,1.82017
733,0,0.307151,-0.216672,1.77668,-0.0107831,0.460083,1.82017
