Locations,4
Location Intervals,20
Sector Intervals,36
Edge,0,Number,0
0,0,0,0,0,0,0,0,0,0,0,0,0,0,0,0,0,0,0,0,0,0,0,0,0,0,0,0,0,0,0,0,0,0,0,0,0,0,0,0,0,0,0,0,0,0,0,0,0,0,0,0,0,0,0,0,0,0,0,0
Edge,1,Number,0
-0.205495,-0.124086,1.47497,-0.18682,-0.111308,1.45796,-0.16708,-0.0990859,1.44273,-0.146733,-0.0870151,1.42845,-0.125869,-0.0749281,1.41487,-0.10472,-0.0628604,1.40203,-0.0830861,-0.0506424,1.38977,-0.0612444,-0.0383992,1.37824,-0.0389775,-0.025998,1.36736,-0.0164507,-0.0135273,1.35723,0.00637101,-0.000979377,1.34791,0.0293954,0.0115787,1.3395,0.0528719,0.0242453,1.33198,0.0765915,0.0368361,1.32553,0.100677,0.0493299,1.32023,0.125038,0.0615291,1.3162,0.149834,0.073258,1.31354,0.175192,0.0841409,1.31226,0.201221,0.0933402,1.31226,0.228328,0.0990102,1.31266
Edge,2,Number,0
-0.194963,-0.0799037,1.50571,-0.184651,-0.0590385,1.50795,-0.174338,-0.0381734,1.51019,-0.164025,-0.0173082,1.51243,-0.153713,0.00355698,1.51467,-0.1434,0.0244221,1.51691,-0.133088,0.0452873,1.51915,-0.122775,0.0661525,1.52139,-0.112462,0.0870176,1.52363,-0.10215,0.107883,1.52587,-0.0918371,0.128748,1.52811,-0.0815245,0.149613,1.53035,-0.0712118,0.170478,1.53259,-0.0608992,0.191343,1.53483,-0.0505866,0.212209,1.53707,-0.040274,0.233074,1.53931,-0.0299613,0.253939,1.54155,-0.0196487,0.274804,1.54379,-0.00933609,0.295669,1.54603,0.000976539,0.316534,1.54827
Edge,3,Number,0
-0.233973,-0.157804,1.42901,-0.234717,-0.159207,1.422,-0.235462,-0.16061,1.415,-0.236206,-0.162013,1.408,-0.23695,-0.163416,1.40099,-0.237694,-0.164819,1.39399,-0.238438,-0.166222,1.38699,-0.239183,-0.167624,1.37998,-0.239927,-0.169027,1.37298,-0.240671,-0.17043,1.36598,-0.241415,-0.171833,1.35897,-0.24216,-0.173236,1.35197,-0.242904,-0.174639,1.34497,-0.243648,-0.176041,1.33796,-0.244392,-0.177444,1.33096,-0.245136,-0.178847,1.32396,-0.245881,-0.18025,1.31695,-0.246625,-0.181653,1.30995,-0.247369,-0.183056,1.30295,-0.248113,-0.184459,1.29594
Edge,4,Number,0
0.250908,0.0474122,1.32834,0.23019,0.0391146,1.33574,0.209472,0.0308171,1.34314,0.188755,0.0225196,1.35053,0.168037,0.014222,1.35793,0.14732,0.0059245,1.36533,0.126602,-0.00237304,1.37273,0.105885,-0.0106706,1.38013,0.0851671,-0.0189681,1.38753,0.0644495,-0.0272656,1.39493,0.043732,-0.0355632,1.40233,0.0230144,-0.0438607,1.40973,0.00229684,-0.0521583,1.41712,-0.0184207,-0.0604558,1.42452,-0.0391383,-0.0687533,1.43192,-0.0598558,-0.0770509,1.43932,-0.0805734,-0.0853484,1.44672,-0.101291,-0.0936459,1.45412,-0.122008,-0.101943,1.46152,-0.142726,-0.110241,1.46892
Edge,5,Number,0
0,0,0,0,0,0,0,0,0,0,0,0,0,0,0,0,0,0,0,0,0,0,0,0,0,0,0,0,0,0,0,0,0,0,0,0,0,0,0,0,0,0,0,0,0,0,0,0,0,0,0,0,0,0,0,0,0,0,0,0
Edge,6,Number,0
0.268636,0.113302,1.3302,0.255767,0.124565,1.33723,0.243423,0.136174,1.3446,0.23156,0.147914,1.35216,0.219968,0.159891,1.35996,0.208658,0.172015,1.36794,0.197651,0.184215,1.37604,0.186823,0.196607,1.38435,0.176261,0.209052,1.39277,0.16591,0.221604,1.40134,0.15577,0.234241,1.41006,0.14587,0.246919,1.41891,0.136153,0.259694,1.42797,0.126692,0.27247,1.43718,0.11745,0.285283,1.44662,0.10844,0.298102,1.45633,0.0997262,0.310816,1.46633,0.0912935,0.323413,1.47675,0.0831841,0.335722,1.48779,0.0754672,0.347335,1.4997
Edge,7,Number,0
0.249995,0.0420926,1.29607,0.227882,0.031525,1.2927,0.205769,0.0209575,1.28934,0.183657,0.01039,1.28598,0.161544,-0.000177526,1.28262,0.139431,-0.010745,1.27926,0.117318,-0.0213126,1.27589,0.0952057,-0.0318801,1.27253,0.0730929,-0.0424476,1.26917,0.0509801,-0.0530151,1.26581,0.0288674,-0.0635827,1.26245,0.00675461,-0.0741502,1.25909,-0.0153582,-0.0847177,1.25572,-0.0374709,-0.0952852,1.25236,-0.0595837,-0.105853,1.249,-0.0816964,-0.11642,1.24564,-0.103809,-0.126988,1.24228,-0.125922,-0.137555,1.23891,-0.148035,-0.148123,1.23555,-0.170147,-0.15869,1.23219
Edge,8,Number,0
0.0112892,0.3374,1.5505,0.000976539,0.316534,1.54827,-0.00933609,0.295669,1.54603,-0.0196487,0.274804,1.54379,-0.0299613,0.253939,1.54155,-0.040274,0.233074,1.53931,-0.0505866,0.212209,1.53707,-0.0608992,0.191343,1.53483,-0.0712118,0.170478,1.53259,-0.0815245,0.149613,1.53035,-0.0918371,0.128748,1.52811,-0.10215,0.107883,1.52587,-0.112462,0.0870176,1.52363,-0.122775,0.0661525,1.52139,-0.133088,0.0452873,1.51915,-0.1434,0.0244221,1.51691,-0.153713,0.00355698,1.51467,-0.164025,-0.0173082,1.51243,-0.174338,-0.0381734,1.51019,-0.184651,-0.0590385,1.50795
Edge,9,Number,0
0.0821247,0.35374,1.52095,0.0917568,0.342066,1.51201,0.101389,0.330392,1.50308,0.111021,0.318718,1.49414,0.120653,0.307043,1.4852,0.130285,0.295369,1.47627,0.139917,0.283695,1.46733,0.149549,0.272021,1.45839,0.159181,0.260347,1.44946,0.168814,0.248672,1.44052,0.178446,0.236998,1.43158,0.188078,0.225324,1.42265,0.19771,0.21365,1.41371,0.207342,0.201976,1.40477,0.216974,0.190301,1.39584,0.226606,0.178627,1.3869,0.236238,0.166953,1.37796,0.24587,0.155279,1.36902,0.255502,0.143605,1.36009,0.265134,0.13193,1.35115
Edge,10,Number,0
0,0,0,0,0,0,0,0,0,0,0,0,0,0,0,0,0,0,0,0,0,0,0,0,0,0,0,0,0,0,0,0,0,0,0,0,0,0,0,0,0,0,0,0,0,0,0,0,0,0,0,0,0,0,0,0,0,0,0,0
Edge,11,Number,0
0.0210464,0.378514,1.49791,0.0130076,0.363573,1.46592,0.0029292,0.345167,1.43794,-0.00823867,0.324719,1.41211,-0.0201883,0.302753,1.38798,-0.0327667,0.279511,1.36534,-0.0458574,0.255197,1.34417,-0.0593416,0.230015,1.32451,-0.0732586,0.203864,1.30625,-0.0874033,0.17711,1.28959,-0.101974,0.149345,1.27433,-0.11672,0.121012,1.26073,-0.131649,0.0920546,1.24883,-0.146734,0.062424,1.23863,-0.161785,0.0324653,1.23032,-0.176879,0.00193003,1.22386,-0.191877,-0.0290673,1.21933,-0.206621,-0.0602837,1.21676,-0.221094,-0.0919472,1.21603,-0.235393,-0.12456,1.21684
Edge,12,Number,0
-0.248858,-0.185861,1.28894,-0.248113,-0.184459,1.29594,-0.247369,-0.183056,1.30295,-0.246625,-0.181653,1.30995,-0.245881,-0.18025,1.31695,-0.245136,-0.178847,1.32396,-0.244392,-0.177444,1.33096,-0.243648,-0.176041,1.33796,-0.242904,-0.174639,1.34497,-0.24216,-0.173236,1.35197,-0.241415,-0.171833,1.35897,-0.240671,-0.17043,1.36598,-0.239927,-0.169027,1.37298,-0.239183,-0.167624,1.37998,-0.238438,-0.166222,1.38699,-0.237694,-0.164819,1.39399,-0.23695,-0.163416,1.40099,-0.236206,-0.162013,1.408,-0.235462,-0.16061,1.415,-0.234717,-0.159207,1.422
Edge,13,Number,0
-0.19226,-0.169258,1.22883,-0.170147,-0.15869,1.23219,-0.148035,-0.148123,1.23555,-0.125922,-0.137555,1.23891,-0.103809,-0.126988,1.24228,-0.0816964,-0.11642,1.24564,-0.0595837,-0.105853,1.249,-0.0374709,-0.0952852,1.25236,-0.0153582,-0.0847177,1.25572,0.00675461,-0.0741502,1.25909,0.0288674,-0.0635827,1.26245,0.0509801,-0.0530151,1.26581,0.0730929,-0.0424476,1.26917,0.0952057,-0.0318801,1.27253,0.117318,-0.0213126,1.27589,0.139431,-0.010745,1.27926,0.161544,-0.000177526,1.28262,0.183657,0.01039,1.28598,0.205769,0.0209575,1.28934,0.227882,0.031525,1.2927
Edge,14,Number,0
-0.227784,-0.142589,1.25132,-0.215676,-0.118258,1.26501,-0.203568,-0.0939258,1.2787,-0.191459,-0.069594,1.29239,-0.179351,-0.0452623,1.30608,-0.167243,-0.0209305,1.31977,-0.155135,0.00340134,1.33346,-0.143026,0.0277331,1.34716,-0.130918,0.0520649,1.36085,-0.11881,0.0763967,1.37454,-0.106702,0.100729,1.38823,-0.0945934,0.12506,1.40192,-0.0824852,0.149392,1.41561,-0.0703769,0.173724,1.4293,-0.0582687,0.198056,1.44299,-0.0461604,0.222387,1.45669,-0.0340522,0.246719,1.47038,-0.0219439,0.271051,1.48407,-0.00983569,0.295383,1.49776,0.00227256,0.319715,1.51145
Edge,15,Number,0
0,0,0,0,0,0,0,0,0,0,0,0,0,0,0,0,0,0,0,0,0,0,0,0,0,0,0,0,0,0,0,0,0,0,0,0,0,0,0,0,0,0,0,0,0,0,0,0,0,0,0,0,0,0,0,0,0,0,0,0
