Locations,4
Location Intervals,20
Sector Intervals,36
Edge,0,Number,0
0,0,0,0,0,0,0,0,0,0,0,0,0,0,0,0,0,0,0,0,0,0,0,0,0,0,0,0,0,0,0,0,0,0,0,0,0,0,0,0,0,0,0,0,0,0,0,0,0,0,0,0,0,0,0,0,0,0,0,0
Edge,1,Number,0
-0.187138,-0.111449,1.45815,-0.167191,-0.0991353,1.4428,-0.146791,-0.0870406,1.42848,-0.12591,-0.0749466,1.4149,-0.104746,-0.062873,1.40205,-0.0831073,-0.0506536,1.38979,-0.0612628,-0.0384097,1.37826,-0.0389952,-0.0260087,1.36737,-0.0164683,-0.0135385,1.35724,0.00635371,-0.000991209,1.34792,0.0293761,0.0115643,1.33951,0.0528529,0.0242295,1.33199,0.0765689,0.0368159,1.32554,0.100652,0.049305,1.32023,0.125005,0.0614924,1.3162,0.149791,0.0732025,1.31352,0.175145,0.0840552,1.3122,0.201174,0.0931751,1.31208,0.22842,0.098738,1.31205,0.256564,0.0964023,1.30755
Edge,2,Number,0
-0.184651,-0.0590385,1.50795,-0.174338,-0.0381734,1.51019,-0.164025,-0.0173082,1.51243,-0.153713,0.00355698,1.51467,-0.1434,0.0244221,1.51691,-0.133088,0.0452873,1.51915,-0.122775,0.0661525,1.52139,-0.112462,0.0870176,1.52363,-0.10215,0.107883,1.52587,-0.0918371,0.128748,1.52811,-0.0815245,0.149613,1.53035,-0.0712118,0.170478,1.53259,-0.0608992,0.191343,1.53483,-0.0505866,0.212209,1.53707,-0.040274,0.233074,1.53931,-0.0299613,0.253939,1.54155,-0.0196487,0.274804,1.54379,-0.00933609,0.295669,1.54603,0.000976539,0.316534,1.54827,0.0112892,0.3374,1.5505
Edge,3,Number,0
-0.234717,-0.159207,1.422,-0.235462,-0.16061,1.415,-0.236206,-0.162013,1.408,-0.23695,-0.163416,1.40099,-0.237694,-0.164819,1.39399,-0.238438,-0.166222,1.38699,-0.239183,-0.167624,1.37998,-0.239927,-0.169027,1.37298,-0.240671,-0.17043,1.36598,-0.241415,-0.171833,1.35897,-0.24216,-0.173236,1.35197,-0.242904,-0.174639,1.34497,-0.243648,-0.176041,1.33796,-0.244392,-0.177444,1.33096,-0.245136,-0.178847,1.32396,-0.245881,-0.18025,1.31695,-0.246625,-0.181653,1.30995,-0.247369,-0.183056,1.30295,-0.248113,-0.184459,1.29594,-0.248858,-0.185861,1.28894
Edge,4,Number,0
0.23019,0.0391146,1.33574,0.209472,0.0308171,1.34314,0.188755,0.0225196,1.35053,0.168037,0.014222,1.35793,0.14732,0.0059245,1.36533,0.126602,-0.00237304,1.37273,0.105885,-0.0106706,1.38013,0.0851671,-0.0189681,1.38753,0.0644495,-0.0272656,1.39493,0.043732,-0.0355632,1.40233,0.0230144,-0.0438607,1.40973,0.00229684,-0.0521583,1.41712,-0.0184207,-0.0604558,1.42452,-0.0391383,-0.0687533,1.43192,-0.0598558,-0.0770509,1.43932,-0.0805734,-0.0853484,1.44672,-0.101291,-0.0936459,1.45412,-0.122008,-0.101943,1.46152,-0.142726,-0.110241,1.46892,-0.163444,-0.118539,1.47632
Edge,5,Number,0
0,0,0,0,0,0,0,0,0,0,0,0,0,0,0,0,0,0,0,0,0,0,0,0,0,0,0,0,0,0,0,0,0,0,0,0,0,0,0,0,0,0,0,0,0,0,0,0,0,0,0,0,0,0,0,0,0,0,0,0
Edge,6,Number,0
0.255798,0.124523,1.33721,0.243444,0.136143,1.34458,0.231574,0.147895,1.35214,0.219978,0.159876,1.35995,0.208667,0.172003,1.36793,0.197659,0.184206,1.37604,0.18683,0.196598,1.38434,0.176268,0.209043,1.39276,0.165916,0.221596,1.40133,0.155776,0.234232,1.41005,0.145876,0.246909,1.41891,0.136159,0.259683,1.42796,0.1267,0.272457,1.43717,0.117458,0.285268,1.44662,0.108447,0.298086,1.45633,0.099736,0.310793,1.46632,0.0913049,0.32338,1.47675,0.0831876,0.335682,1.4878,0.0754486,0.347316,1.4997,0.0681307,0.357708,1.51253
Edge,7,Number,0
0.227882,0.031525,1.2927,0.205769,0.0209575,1.28934,0.183657,0.01039,1.28598,0.161544,-0.000177526,1.28262,0.139431,-0.010745,1.27926,0.117318,-0.0213126,1.27589,0.0952057,-0.0318801,1.27253,0.0730929,-0.0424476,1.26917,0.0509801,-0.0530151,1.26581,0.0288674,-0.0635827,1.26245,0.00675461,-0.0741502,1.25909,-0.0153582,-0.0847177,1.25572,-0.0374709,-0.0952852,1.25236,-0.0595837,-0.105853,1.249,-0.0816964,-0.11642,1.24564,-0.103809,-0.126988,1.24228,-0.125922,-0.137555,1.23891,-0.148035,-0.148123,1.23555,-0.170147,-0.15869,1.23219,-0.19226,-0.169258,1.22883
Edge,8,Number,0
0.000976539,0.316534,1.54827,-0.00933609,0.295669,1.54603,-0.0196487,0.274804,1.54379,-0.0299613,0.253939,1.54155,-0.040274,0.233074,1.53931,-0.0505866,0.212209,1.53707,-0.0608992,0.191343,1.53483,-0.0712118,0.170478,1.53259,-0.0815245,0.149613,1.53035,-0.0918371,0.128748,1.52811,-0.10215,0.107883,1.52587,-0.112462,0.0870176,1.52363,-0.122775,0.0661525,1.52139,-0.133088,0.0452873,1.51915,-0.1434,0.0244221,1.51691,-0.153713,0.00355698,1.51467,-0.164025,-0.0173082,1.51243,-0.174338,-0.0381734,1.51019,-0.184651,-0.0590385,1.50795,-0.194963,-0.0799037,1.50571
Edge,9,Number,0
0.0917568,0.342066,1.51201,0.101389,0.330392,1.50308,0.111021,0.318718,1.49414,0.120653,0.307043,1.4852,0.130285,0.295369,1.47627,0.139917,0.283695,1.46733,0.149549,0.272021,1.45839,0.159181,0.260347,1.44946,0.168814,0.248672,1.44052,0.178446,0.236998,1.43158,0.188078,0.225324,1.42265,0.19771,0.21365,1.41371,0.207342,0.201976,1.40477,0.216974,0.190301,1.39584,0.226606,0.178627,1.3869,0.236238,0.166953,1.37796,0.24587,0.155279,1.36902,0.255502,0.143605,1.36009,0.265134,0.13193,1.35115,0.274767,0.120256,1.34221
Edge,10,Number,0
0,0,0,0,0,0,0,0,0,0,0,0,0,0,0,0,0,0,0,0,0,0,0,0,0,0,0,0,0,0,0,0,0,0,0,0,0,0,0,0,0,0,0,0,0,0,0,0,0,0,0,0,0,0,0,0,0,0,0,0
Edge,11,Number,0
0.0132331,0.363964,1.46625,0.00300544,0.3453,1.43805,-0.00819883,0.32479,1.41217,-0.0201625,0.302799,1.38802,-0.0327457,0.279548,1.36537,-0.0458386,0.25523,1.34419,-0.059327,0.23004,1.32453,-0.0732442,0.20389,1.30626,-0.0873908,0.17713,1.28961,-0.101961,0.149368,1.27434,-0.116705,0.121037,1.26074,-0.131632,0.0920804,1.24884,-0.146718,0.0624529,1.23863,-0.161764,0.0325027,1.23032,-0.176852,0.00197824,1.22385,-0.191845,-0.0290046,1.21931,-0.206567,-0.0601758,1.21672,-0.220993,-0.091731,1.2159,-0.235032,-0.123761,1.21627,-0.250414,-0.160514,1.214
Edge,12,Number,0
-0.248113,-0.184459,1.29594,-0.247369,-0.183056,1.30295,-0.246625,-0.181653,1.30995,-0.245881,-0.18025,1.31695,-0.245136,-0.178847,1.32396,-0.244392,-0.177444,1.33096,-0.243648,-0.176041,1.33796,-0.242904,-0.174639,1.34497,-0.24216,-0.173236,1.35197,-0.241415,-0.171833,1.35897,-0.240671,-0.17043,1.36598,-0.239927,-0.169027,1.37298,-0.239183,-0.167624,1.37998,-0.238438,-0.166222,1.38699,-0.237694,-0.164819,1.39399,-0.23695,-0.163416,1.40099,-0.236206,-0.162013,1.408,-0.235462,-0.16061,1.415,-0.234717,-0.159207,1.422,-0.233973,-0.157804,1.42901
Edge,13,Number,0
-0.170147,-0.15869,1.23219,-0.148035,-0.148123,1.23555,-0.125922,-0.137555,1.23891,-0.103809,-0.126988,1.24228,-0.0816964,-0.11642,1.24564,-0.0595837,-0.105853,1.249,-0.0374709,-0.0952852,1.25236,-0.0153582,-0.0847177,1.25572,0.00675461,-0.0741502,1.25909,0.0288674,-0.0635827,1.26245,0.0509801,-0.0530151,1.26581,0.0730929,-0.0424476,1.26917,0.0952057,-0.0318801,1.27253,0.117318,-0.0213126,1.27589,0.139431,-0.010745,1.27926,0.161544,-0.000177526,1.28262,0.183657,0.01039,1.28598,0.205769,0.0209575,1.28934,0.227882,0.031525,1.2927,0.249995,0.0420926,1.29607
Edge,14,Number,0
-0.215676,-0.118258,1.26501,-0.203568,-0.0939258,1.2787,-0.191459,-0.069594,1.29239,-0.179351,-0.0452623,1.30608,-0.167243,-0.0209305,1.31977,-0.155135,0.00340134,1.33346,-0.143026,0.0277331,1.34716,-0.130918,0.0520649,1.36085,-0.11881,0.0763967,1.37454,-0.106702,0.100729,1.38823,-0.0945934,0.12506,1.40192,-0.0824852,0.149392,1.41561,-0.0703769,0.173724,1.4293,-0.0582687,0.198056,1.44299,-0.0461604,0.222387,1.45669,-0.0340522,0.246719,1.47038,-0.0219439,0.271051,1.48407,-0.00983569,0.295383,1.49776,0.00227256,0.319715,1.51145,0.0143808,0.344046,1.52514
Edge,15,Number,0
0,0,0,0,0,0,0,0,0,0,0,0,0,0,0,0,0,0,0,0,0,0,0,0,0,0,0,0,0,0,0,0,0,0,0,0,0,0,0,0,0,0,0,0,0,0,0,0,0,0,0,0,0,0,0,0,0,0,0,0
