0.000000,0.000000,-1.000000,-1.000000,0.000000,-1.000000,0.043692,-0.441440,0.286072,1.075790
1.000000,0.000000,-1.000000,-1.000000,0.000000,-1.000000,0.040476,-0.439546,0.288102,1.081585
2.000000,0.000000,-1.000000,-1.000000,0.000000,-1.000000,0.037635,-0.437724,0.289811,1.087093
3.000000,0.000000,-1.000000,-1.000000,0.000000,-1.000000,0.035162,-0.436847,0.291649,1.090267
4.000000,0.000000,-1.000000,-1.000000,0.000000,-1.000000,0.032707,-0.436319,0.293775,1.092050
5.000000,0.000000,-1.000000,-1.000000,0.000000,-1.000000,0.029984,-0.435838,0.296296,1.093285
6.000000,0.000000,-1.000000,-1.000000,0.000000,-1.000000,0.027544,-0.435527,0.298605,1.094166
7.000000,0.000000,-1.000000,-1.000000,0.000000,-1.000000,0.025424,-0.435457,0.300671,1.094644
8.000000,0.000000,-1.000000,-1.000000,0.000000,-1.000000,0.023831,-0.435422,0.302211,1.095060
9.000000,0.000000,-1.000000,-1.000000,0.000000,-1.000000,0.020348,-0.434772,0.305216,1.097629
10.000000,0.000000,-1.000000,-1.000000,0.000000,-1.000000,0.017695,-0.434511,0.307687,1.098757
11.000000,0.000000,-1.000000,-1.000000,0.000000,-1.000000,0.015702,-0.434707,0.309701,1.098870
12.000000,0.000000,-1.000000,-1.000000,0.000000,-1.000000,0.014099,-0.434811,0.311377,1.098716
13.000000,0.000000,-1.000000,-1.000000,0.000000,-1.000000,0.013080,-0.434899,0.312448,1.098586
14.000000,0.000000,-1.000000,-1.000000,0.000000,-1.000000,0.012876,-0.435090,0.312673,1.098501
15.000000,0.000000,-1.000000,-1.000000,0.000000,-1.000000,0.012889,-0.435266,0.312646,1.098554
16.000000,0.000000,-1.000000,-1.000000,0.000000,-1.000000,0.013171,-0.435266,0.312330,1.098674
17.000000,0.000000,-1.000000,-1.000000,0.000000,-1.000000,0.013283,-0.435293,0.312194,1.098768
18.000000,0.000000,-1.000000,-1.000000,0.000000,-1.000000,0.012770,-0.435764,0.312471,1.099853
19.000000,0.000000,-1.000000,-1.000000,0.000000,-1.000000,0.011286,-0.436930,0.313541,1.101801
20.000000,0.000000,-1.000000,-1.000000,0.000000,-1.000000,0.009797,-0.438063,0.314650,1.103599
21.000000,0.000000,-1.000000,-1.000000,0.000000,-1.000000,0.008333,-0.439196,0.315737,1.105381
22.000000,0.000000,-1.000000,-1.000000,0.000000,-1.000000,0.006927,-0.440316,0.316783,1.107081
23.000000,0.000000,-1.000000,-1.000000,0.000000,-1.000000,0.005640,-0.441393,0.317709,1.108773
24.000000,0.000000,-1.000000,-1.000000,0.000000,-1.000000,0.004346,-0.442583,0.318659,1.110382
25.000000,0.000000,-1.000000,-1.000000,0.000000,-1.000000,0.003009,-0.443690,0.319628,1.112111
26.000000,0.000000,-1.000000,-1.000000,0.000000,-1.000000,0.001853,-0.444664,0.320449,1.113679
27.000000,0.000000,-1.000000,-1.000000,0.000000,-1.000000,0.001136,-0.445161,0.321058,1.114212
28.000000,0.000000,-1.000000,-1.000000,0.000000,-1.000000,0.001374,-0.444991,0.320876,1.113942
29.000000,0.000000,-1.000000,-1.000000,0.000000,-1.000000,0.001589,-0.444942,0.320684,1.113822
30.000000,0.000000,-1.000000,-1.000000,0.000000,-1.000000,0.001744,-0.445043,0.320526,1.113810
31.000000,0.000000,-1.000000,-1.000000,0.000000,-1.000000,0.001726,-0.445080,0.320534,1.113856
32.000000,0.000000,-1.000000,-1.000000,0.000000,-1.000000,0.001538,-0.445039,0.320730,1.113846
33.000000,0.000000,-1.000000,-1.000000,0.000000,-1.000000,0.001620,-0.444661,0.320695,1.113648
34.000000,0.000000,-1.000000,-1.000000,0.000000,-1.000000,0.001741,-0.444299,0.320636,1.113379
35.000000,0.000000,-1.000000,-1.000000,0.000000,-1.000000,0.001723,-0.444044,0.320700,1.113192
36.000000,0.000000,-1.000000,-1.000000,0.000000,-1.000000,0.001791,-0.443816,0.320662,1.113064
37.000000,0.000000,-1.000000,-1.000000,0.000000,-1.000000,0.001662,-0.443640,0.320797,1.113059
38.000000,0.000000,-1.000000,-1.000000,0.000000,-1.000000,0.001468,-0.443316,0.321044,1.112866
39.000000,0.000000,-1.000000,-1.000000,0.000000,-1.000000,0.001351,-0.442899,0.321187,1.112789
40.000000,0.000000,-1.000000,-1.000000,0.000000,-1.000000,0.001358,-0.442546,0.321212,1.112667
41.000000,0.000000,-1.000000,-1.000000,0.000000,-1.000000,0.001368,-0.442214,0.321255,1.112446
42.000000,0.000000,-1.000000,-1.000000,0.000000,-1.000000,0.001166,-0.442272,0.321461,1.112448
43.000000,0.000000,-1.000000,-1.000000,0.000000,-1.000000,0.001080,-0.442388,0.321541,1.112479
44.000000,0.000000,-1.000000,-1.000000,0.000000,-1.000000,0.001098,-0.442427,0.321504,1.112558
45.000000,0.000000,-1.000000,-1.000000,0.000000,-1.000000,0.000968,-0.442586,0.321578,1.112813
46.000000,0.000000,-1.000000,-1.000000,0.000000,-1.000000,0.001011,-0.442545,0.321524,1.112863
47.000000,0.000000,-1.000000,-1.000000,0.000000,-1.000000,0.001150,-0.442477,0.321385,1.112854
48.000000,0.000000,-1.000000,-1.000000,0.000000,-1.000000,0.001204,-0.442375,0.321366,1.112694
49.000000,0.000000,-1.000000,-1.000000,0.000000,-1.000000,0.001381,-0.442303,0.321153,1.112843
50.000000,0.000000,-1.000000,-1.000000,0.000000,-1.000000,0.001619,-0.442245,0.320877,1.112989
51.000000,0.000000,-1.000000,-1.000000,0.000000,-1.000000,0.002010,-0.441993,0.320480,1.112987
52.000000,3.000000,33.000000,33.000000,0.001245,0.000000,0.002270,-0.441799,0.320198,1.113068
53.000000,1.000000,33.000000,33.000000,0.001432,0.000000,0.002579,-0.441686,0.319864,1.113158
54.000000,1.000000,33.000000,33.000000,0.002287,0.000000,0.003248,-0.440761,0.319193,1.113150
55.000000,1.000000,33.000000,33.000000,0.003836,0.000000,0.004247,-0.439127,0.318171,1.113248
56.000000,1.000000,33.000000,33.000000,0.006161,0.000000,0.005603,-0.436571,0.316809,1.113284
57.000000,1.000000,33.000000,33.000000,0.009359,0.000000,0.007772,-0.433171,0.314643,1.113249
58.000000,1.000000,33.000000,33.000000,0.013301,0.000000,0.010834,-0.428974,0.311551,1.113307
59.000000,1.000000,33.000000,33.000000,0.018099,0.000000,0.014838,-0.423669,0.307575,1.113076
60.000000,1.000000,33.000000,33.000000,0.023906,0.000000,0.019151,-0.416509,0.303264,1.113043
61.000000,1.000000,33.000000,33.000000,0.030870,0.000000,0.024438,-0.407556,0.297991,1.112960
62.000000,1.000000,33.000000,33.000000,0.038959,0.000000,0.031357,-0.397030,0.291017,1.113107
63.000000,1.000000,33.000000,33.000000,0.047862,0.000000,0.040078,-0.385153,0.282133,1.113627
64.000000,1.000000,33.000000,33.000000,0.055769,0.000000,0.049384,-0.373051,0.272683,1.114008
65.000000,1.000000,0.000000,6.000000,0.063433,0.000000,0.059770,-0.360318,0.262027,1.114873
66.000000,1.000000,0.000000,6.000000,0.070151,0.000000,0.070595,-0.347293,0.250865,1.116014
67.000000,1.000000,0.000000,6.000000,0.075612,0.000000,0.081576,-0.334113,0.239598,1.116916
68.000000,1.000000,0.000000,6.000000,0.080099,0.000000,0.092738,-0.320754,0.228021,1.118390
69.000000,1.000000,0.000000,6.000000,0.083465,0.000000,0.105021,-0.308245,0.215292,1.119820
70.000000,1.000000,0.000000,6.000000,0.085485,0.000000,0.117688,-0.296585,0.202137,1.121346
71.000000,1.000000,0.000000,6.000000,0.086581,0.000000,0.130059,-0.284905,0.189269,1.122947
72.000000,1.000000,0.000000,6.000000,0.086519,0.000000,0.142309,-0.273833,0.176644,1.123974
73.000000,1.000000,0.000000,6.000000,0.086814,0.000000,0.154934,-0.262601,0.163476,1.125724
74.000000,1.000000,0.000000,6.000000,0.087333,0.000000,0.168054,-0.251516,0.149660,1.128097
75.000000,1.000000,0.000000,6.000000,0.088839,0.000000,0.182335,-0.240169,0.134634,1.130573
76.000000,1.000000,0.000000,6.000000,0.091527,0.000000,0.197896,-0.228332,0.118277,1.133177
77.000000,1.000000,0.000000,6.000000,0.093706,0.000000,0.213906,-0.217425,0.101446,1.135778
78.000000,1.000000,0.000000,6.000000,0.095914,0.000000,0.230372,-0.206797,0.084101,1.138571
79.000000,1.000000,0.000000,6.000000,0.097845,0.000000,0.246590,-0.196208,0.066868,1.141999
80.000000,1.000000,0.000000,6.000000,0.098809,0.000000,0.262177,-0.185989,0.050245,1.145571
81.000000,1.000000,0.000000,6.000000,0.099016,0.000000,0.277268,-0.176262,0.034010,1.149648
82.000000,1.000000,0.000000,6.000000,0.098207,0.000000,0.291629,-0.166968,0.018455,1.154002
83.000000,1.000000,0.000000,6.000000,0.096430,0.000000,0.305766,-0.158300,0.003321,1.157459
84.000000,1.000000,0.000000,6.000000,0.093707,0.000000,0.319253,-0.150402,-0.011149,1.160876
85.000000,1.000000,0.000000,6.000000,0.089693,0.000000,0.331180,-0.142938,-0.024045,1.164376
86.000000,1.000000,0.000000,6.000000,0.085697,0.000000,0.342298,-0.134884,-0.036033,1.167557
87.000000,1.000000,0.000000,6.000000,0.081354,0.000000,0.352719,-0.127119,-0.047191,1.170199
88.000000,1.000000,0.000000,6.000000,0.076790,0.000000,0.362380,-0.119351,-0.057379,1.171989
89.000000,1.000000,0.000000,6.000000,0.072374,0.000000,0.371901,-0.112426,-0.067333,1.173318
90.000000,1.000000,0.000000,6.000000,0.067831,0.000000,0.380433,-0.105514,-0.076165,1.174156
91.000000,1.000000,0.000000,6.000000,0.063937,0.000000,0.389042,-0.098701,-0.084854,1.173992
92.000000,1.000000,0.000000,6.000000,0.059811,0.000000,0.396452,-0.092199,-0.092317,1.173819
93.000000,1.000000,0.000000,6.000000,0.056012,0.000000,0.403146,-0.085654,-0.098977,1.173343
94.000000,1.000000,0.000000,6.000000,0.052538,0.000000,0.409546,-0.079784,-0.105425,1.173218
95.000000,1.000000,0.000000,6.000000,0.049795,0.000000,0.415985,-0.074151,-0.112065,1.173767
96.000000,1.000000,0.000000,6.000000,0.047387,0.000000,0.422134,-0.068948,-0.118625,1.175261
97.000000,1.000000,0.000000,6.000000,0.045151,0.000000,0.428035,-0.064396,-0.125100,1.177468
98.000000,1.000000,0.000000,6.000000,0.043837,0.000000,0.434061,-0.059894,-0.131875,1.180447
99.000000,1.000000,0.000000,6.000000,0.043521,0.000000,0.440572,-0.056092,-0.139416,1.184588
100.000000,1.000000,0.000000,6.000000,0.043510,0.000000,0.446511,-0.053018,-0.146661,1.189986
101.000000,1.000000,39.000000,39.000000,0.043770,0.000000,0.451664,-0.050080,-0.153239,1.195991
102.000000,1.000000,39.000000,39.000000,0.044170,0.000000,0.455767,-0.047550,-0.158985,1.203064
103.000000,1.000000,39.000000,39.000000,0.044525,0.000000,0.459259,-0.045249,-0.164154,1.210346
104.000000,1.000000,39.000000,39.000000,0.044519,0.000000,0.461867,-0.043271,-0.168474,1.217862
105.000000,1.000000,39.000000,39.000000,0.044150,0.000000,0.463587,-0.041399,-0.171906,1.225468
106.000000,1.000000,39.000000,39.000000,0.043721,0.000000,0.465126,-0.039820,-0.175149,1.233039
107.000000,1.000000,39.000000,39.000000,0.042576,0.000000,0.466007,-0.038662,-0.177643,1.240248
108.000000,1.000000,39.000000,39.000000,0.040685,0.000000,0.466232,-0.037397,-0.179319,1.246813
109.000000,1.000000,39.000000,39.000000,0.038008,0.000000,0.466268,-0.036163,-0.180577,1.252367
110.000000,1.000000,39.000000,39.000000,0.035400,0.000000,0.466451,-0.035308,-0.181923,1.257616
111.000000,1.000000,39.000000,39.000000,0.032295,0.000000,0.466867,-0.034787,-0.183313,1.261971
112.000000,1.000000,39.000000,39.000000,0.028925,0.000000,0.467390,-0.034368,-0.184641,1.265552
113.000000,1.000000,39.000000,39.000000,0.025282,0.000000,0.467749,-0.034523,-0.185654,1.268438
114.000000,1.000000,39.000000,39.000000,0.021515,0.000000,0.467879,-0.034742,-0.186280,1.270633
115.000000,1.000000,39.000000,39.000000,0.017803,0.000000,0.468072,-0.034899,-0.186820,1.272160
116.000000,1.000000,39.000000,39.000000,0.014422,0.000000,0.468022,-0.035029,-0.187034,1.273338
117.000000,1.000000,39.000000,39.000000,0.011334,0.000000,0.467919,-0.035563,-0.187104,1.274092
118.000000,1.000000,39.000000,39.000000,0.008962,0.000000,0.468034,-0.036143,-0.187378,1.274758
119.000000,1.000000,39.000000,39.000000,0.006801,0.000000,0.468173,-0.036852,-0.187578,1.274969
120.000000,1.000000,39.000000,39.000000,0.005286,0.000000,0.468253,-0.037736,-0.187692,1.275056
121.000000,1.000000,39.000000,39.000000,0.004357,0.000000,0.468213,-0.038679,-0.187646,1.274976
122.000000,1.000000,39.000000,39.000000,0.004048,0.000000,0.467954,-0.039690,-0.187362,1.274828
123.000000,1.000000,39.000000,39.000000,0.003924,0.000000,0.467840,-0.040435,-0.187219,1.274664
124.000000,1.000000,39.000000,39.000000,0.003908,0.000000,0.467874,-0.041122,-0.187248,1.274596
125.000000,1.000000,39.000000,39.000000,0.003760,0.000000,0.468113,-0.041667,-0.187441,1.274326
126.000000,1.000000,39.000000,39.000000,0.003465,0.000000,0.468222,-0.042052,-0.187490,1.274022
127.000000,1.000000,39.000000,39.000000,0.003065,0.000000,0.468119,-0.042295,-0.187330,1.273763
128.000000,1.000000,39.000000,39.000000,0.002486,0.000000,0.467975,-0.042315,-0.187142,1.273581
129.000000,1.000000,39.000000,39.000000,0.001824,0.000000,0.467800,-0.042111,-0.186924,1.273416
130.000000,1.000000,39.000000,39.000000,0.001260,0.000000,0.467750,-0.041798,-0.186835,1.273270
131.000000,1.000000,39.000000,39.000000,0.001029,0.000000,0.468212,-0.041318,-0.187251,1.273039
132.000000,1.000000,39.000000,39.000000,0.001558,0.000000,0.468820,-0.040828,-0.187788,1.272683
133.000000,1.000000,39.000000,39.000000,0.002064,0.000000,0.469405,-0.040364,-0.188341,1.272506
134.000000,1.000000,39.000000,39.000000,0.002389,0.000000,0.469941,-0.039961,-0.188913,1.272637
135.000000,1.000000,39.000000,39.000000,0.002593,0.000000,0.470364,-0.039657,-0.189346,1.272653
136.000000,1.000000,39.000000,39.000000,0.002762,0.000000,0.470766,-0.039322,-0.189789,1.272813
137.000000,1.000000,39.000000,39.000000,0.002892,0.000000,0.471166,-0.038999,-0.190253,1.273078
138.000000,1.000000,39.000000,39.000000,0.003032,0.000000,0.471550,-0.038628,-0.190720,1.273430
139.000000,1.000000,39.000000,39.000000,0.002697,0.000000,0.471267,-0.038356,-0.190551,1.273990
140.000000,1.000000,39.000000,39.000000,0.002765,0.000000,0.470771,-0.037903,-0.190220,1.274813
141.000000,1.000000,39.000000,39.000000,0.003218,0.000000,0.470106,-0.037519,-0.189759,1.275826
142.000000,1.000000,39.000000,39.000000,0.003661,0.000000,0.469608,-0.037201,-0.189443,1.276718
143.000000,1.000000,39.000000,39.000000,0.003908,0.000000,0.469298,-0.036822,-0.189275,1.277412
144.000000,1.000000,39.000000,39.000000,0.004181,0.000000,0.468990,-0.036481,-0.189135,1.278222
145.000000,1.000000,39.000000,39.000000,0.004077,0.000000,0.468789,-0.036337,-0.189057,1.278808
146.000000,1.000000,39.000000,39.000000,0.003924,0.000000,0.468344,-0.036449,-0.188737,1.279407
147.000000,1.000000,39.000000,39.000000,0.003379,0.000000,0.467853,-0.036731,-0.188268,1.279542
148.000000,1.000000,39.000000,39.000000,0.002289,0.000000,0.467981,-0.037298,-0.188334,1.279217
149.000000,1.000000,39.000000,39.000000,0.001743,0.000000,0.468438,-0.038600,-0.188529,1.277910
150.000000,1.000000,39.000000,39.000000,0.004616,0.000000,0.469212,-0.040774,-0.188793,1.275397
151.000000,1.000000,39.000000,39.000000,0.009369,0.000000,0.469391,-0.043593,-0.188052,1.271074
152.000000,1.000000,39.000000,39.000000,0.015915,0.000000,0.469002,-0.047023,-0.186233,1.264481
153.000000,1.000000,39.000000,39.000000,0.023750,0.000000,0.467840,-0.051251,-0.183245,1.256154
154.000000,1.000000,39.000000,39.000000,0.031825,0.000000,0.466752,-0.055753,-0.180035,1.246473
155.000000,1.000000,39.000000,39.000000,0.040701,0.000000,0.465940,-0.060816,-0.176659,1.234743
156.000000,1.000000,39.000000,39.000000,0.050258,0.000000,0.464988,-0.066309,-0.172679,1.220919
157.000000,1.000000,39.000000,39.000000,0.060571,0.000000,0.463321,-0.072049,-0.167465,1.204831
158.000000,1.000000,6.000000,4.000000,0.070834,1.000000,0.460268,-0.077851,-0.160502,1.187270
159.000000,1.000000,6.000000,4.000000,0.080413,1.000000,0.455269,-0.084091,-0.151443,1.169214
160.000000,1.000000,6.000000,4.000000,0.089128,1.000000,0.449921,-0.090909,-0.141862,1.150391
161.000000,1.000000,6.000000,4.000000,0.096456,1.000000,0.443230,-0.098611,-0.131000,1.131940
162.000000,1.000000,6.000000,4.000000,0.102586,1.000000,0.435573,-0.106224,-0.119147,1.113484
163.000000,1.000000,6.000000,4.000000,0.108325,1.000000,0.425479,-0.114074,-0.104855,1.095272
164.000000,1.000000,6.000000,4.000000,0.113352,1.000000,0.412836,-0.122177,-0.088166,1.078012
165.000000,1.000000,6.000000,4.000000,0.116814,1.000000,0.397918,-0.130348,-0.069628,1.062910
166.000000,1.000000,6.000000,4.000000,0.117806,1.000000,0.381870,-0.137913,-0.050555,1.050637
167.000000,1.000000,6.000000,4.000000,0.117469,1.000000,0.364750,-0.144929,-0.030871,1.040588
168.000000,1.000000,6.000000,4.000000,0.116793,1.000000,0.346593,-0.151009,-0.010422,1.031931
169.000000,1.000000,6.000000,4.000000,0.115729,1.000000,0.326783,-0.156298,0.011126,1.025996
170.000000,1.000000,6.000000,4.000000,0.114165,1.000000,0.306549,-0.160988,0.032642,1.022182
171.000000,1.000000,6.000000,4.000000,0.112832,1.000000,0.285479,-0.165148,0.054576,1.020371
172.000000,1.000000,6.000000,4.000000,0.111434,1.000000,0.264030,-0.168640,0.076461,1.020568
173.000000,1.000000,6.000000,4.000000,0.110270,1.000000,0.242250,-0.171020,0.098333,1.022416
174.000000,1.000000,6.000000,4.000000,0.109005,1.000000,0.221066,-0.172742,0.119478,1.024823
175.000000,1.000000,6.000000,4.000000,0.108204,1.000000,0.200049,-0.174608,0.140442,1.027266
176.000000,1.000000,6.000000,4.000000,0.106638,1.000000,0.180118,-0.177065,0.160262,1.029811
177.000000,1.000000,6.000000,4.000000,0.104051,1.000000,0.161411,-0.180068,0.178739,1.032723
178.000000,1.000000,6.000000,4.000000,0.101001,1.000000,0.143460,-0.183088,0.196443,1.035623
179.000000,1.000000,6.000000,4.000000,0.097835,1.000000,0.126029,-0.186099,0.213575,1.038703
180.000000,1.000000,6.000000,4.000000,0.093845,1.000000,0.109825,-0.188844,0.229420,1.041928
181.000000,1.000000,37.000000,37.000000,0.089127,1.000000,0.094973,-0.191477,0.243882,1.045156
182.000000,1.000000,37.000000,37.000000,0.083049,1.000000,0.082393,-0.194687,0.256137,1.047798
183.000000,1.000000,37.000000,37.000000,0.076856,1.000000,0.071022,-0.198042,0.267212,1.050173
184.000000,1.000000,37.000000,37.000000,0.070177,1.000000,0.061234,-0.201268,0.276703,1.052383
185.000000,1.000000,37.000000,37.000000,0.063449,1.000000,0.052605,-0.203769,0.285067,1.054367
186.000000,1.000000,37.000000,37.000000,0.056266,1.000000,0.045527,-0.205437,0.291890,1.056188
187.000000,1.000000,37.000000,37.000000,0.049058,1.000000,0.039702,-0.206632,0.297432,1.058023
188.000000,1.000000,37.000000,37.000000,0.041546,1.000000,0.035399,-0.206972,0.301497,1.059547
189.000000,1.000000,37.000000,37.000000,0.034229,1.000000,0.032423,-0.207251,0.304267,1.060787
190.000000,1.000000,37.000000,37.000000,0.027389,1.000000,0.030503,-0.207694,0.306093,1.061388
191.000000,1.000000,37.000000,37.000000,0.021512,1.000000,0.028967,-0.207572,0.307587,1.061754
192.000000,1.000000,37.000000,37.000000,0.016913,1.000000,0.027423,-0.207308,0.309103,1.062068
193.000000,1.000000,37.000000,37.000000,0.014129,1.000000,0.025220,-0.206910,0.311308,1.062324
194.000000,1.000000,37.000000,37.000000,0.012755,1.000000,0.022564,-0.206484,0.313934,1.062786
195.000000,1.000000,37.000000,37.000000,0.012424,1.000000,0.019583,-0.206125,0.316900,1.063203
196.000000,2.000000,37.000000,37.000000,0.012187,1.000000,0.017011,-0.205648,0.319514,1.063328
197.000000,0.000000,37.000000,37.000000,0.000000,1.000000,0.014139,-0.205471,0.322428,1.063470
198.000000,0.000000,37.000000,37.000000,0.000000,1.000000,0.011437,-0.205277,0.325217,1.063391
199.000000,0.000000,37.000000,37.000000,0.000000,1.000000,0.009064,-0.205086,0.327690,1.063220
200.000000,0.000000,37.000000,37.000000,0.000000,1.000000,0.007024,-0.204953,0.329808,1.063098
201.000000,0.000000,37.000000,37.000000,0.000000,1.000000,0.005517,-0.204916,0.331349,1.063113
202.000000,0.000000,37.000000,37.000000,0.000000,1.000000,0.004754,-0.204993,0.332142,1.063061
203.000000,0.000000,37.000000,37.000000,0.000000,1.000000,0.004492,-0.205008,0.332454,1.062863
204.000000,0.000000,37.000000,37.000000,0.000000,1.000000,0.004421,-0.204787,0.332602,1.062543
205.000000,0.000000,37.000000,37.000000,0.000000,1.000000,0.004402,-0.204566,0.332695,1.062224
206.000000,0.000000,37.000000,37.000000,0.000000,1.000000,0.004743,-0.204007,0.332452,1.061787
207.000000,0.000000,37.000000,37.000000,0.000000,1.000000,0.004897,-0.203494,0.332372,1.061466
208.000000,0.000000,37.000000,37.000000,0.000000,1.000000,0.005034,-0.202941,0.332345,1.060997
209.000000,0.000000,37.000000,37.000000,0.000000,1.000000,0.005150,-0.202394,0.332327,1.060577
210.000000,0.000000,37.000000,37.000000,0.000000,1.000000,0.005334,-0.201928,0.332223,1.060230
211.000000,0.000000,37.000000,37.000000,0.000000,1.000000,0.005525,-0.201544,0.332106,1.059899
212.000000,0.000000,37.000000,37.000000,0.000000,1.000000,0.005557,-0.201376,0.332097,1.059798
213.000000,0.000000,37.000000,37.000000,0.000000,1.000000,0.005553,-0.201307,0.332091,1.059850
214.000000,0.000000,37.000000,37.000000,0.000000,1.000000,0.005387,-0.201364,0.332244,1.059927
215.000000,0.000000,37.000000,37.000000,0.000000,1.000000,0.005218,-0.201470,0.332376,1.060104
216.000000,0.000000,37.000000,37.000000,0.000000,1.000000,0.005060,-0.201587,0.332503,1.060248
217.000000,0.000000,37.000000,37.000000,0.000000,1.000000,0.004906,-0.201822,0.332611,1.060457
218.000000,0.000000,37.000000,37.000000,0.000000,1.000000,0.004780,-0.201987,0.332727,1.060511
219.000000,0.000000,37.000000,37.000000,0.000000,1.000000,0.004806,-0.202085,0.332713,1.060448
220.000000,0.000000,37.000000,37.000000,0.000000,1.000000,0.004869,-0.202096,0.332660,1.060390
221.000000,0.000000,37.000000,37.000000,0.000000,1.000000,0.004773,-0.202115,0.332765,1.060362
222.000000,0.000000,37.000000,37.000000,0.000000,1.000000,0.004907,-0.202250,0.332616,1.060407
223.000000,0.000000,37.000000,37.000000,0.000000,1.000000,0.004866,-0.202455,0.332622,1.060557
224.000000,0.000000,37.000000,37.000000,0.000000,1.000000,0.004841,-0.202722,0.332629,1.060621
225.000000,0.000000,37.000000,37.000000,0.000000,1.000000,0.004900,-0.203161,0.332547,1.060690
226.000000,0.000000,37.000000,37.000000,0.000000,1.000000,0.004975,-0.203552,0.332458,1.060718
227.000000,0.000000,37.000000,37.000000,0.000000,1.000000,0.005008,-0.203977,0.332352,1.061017
228.000000,0.000000,37.000000,37.000000,0.000000,1.000000,0.004856,-0.204350,0.332428,1.061351
229.000000,0.000000,37.000000,37.000000,0.000000,1.000000,0.004482,-0.204741,0.332718,1.061746
230.000000,0.000000,37.000000,37.000000,0.000000,1.000000,0.004311,-0.204911,0.332867,1.061852
231.000000,0.000000,37.000000,37.000000,0.000000,1.000000,0.004163,-0.204916,0.333044,1.061736
232.000000,0.000000,37.000000,37.000000,0.000000,1.000000,0.004150,-0.204748,0.333105,1.061537
233.000000,0.000000,37.000000,37.000000,0.000000,1.000000,0.004148,-0.204506,0.333144,1.061383
234.000000,0.000000,37.000000,37.000000,0.000000,1.000000,0.004544,-0.204109,0.332768,1.061273
235.000000,0.000000,37.000000,37.000000,0.000000,1.000000,0.005757,-0.204049,0.331528,1.061267
236.000000,0.000000,37.000000,37.000000,0.000000,1.000000,0.007444,-0.204120,0.329809,1.061222
237.000000,0.000000,37.000000,37.000000,0.000000,1.000000,0.009214,-0.204241,0.328031,1.061050
238.000000,0.000000,37.000000,37.000000,0.000000,1.000000,0.011126,-0.204359,0.326132,1.060774
239.000000,3.000000,37.000000,37.000000,0.007129,1.000000,0.013137,-0.205097,0.324099,1.060607
240.000000,1.000000,37.000000,37.000000,0.008093,1.000000,0.014942,-0.205888,0.322242,1.060586
241.000000,1.000000,37.000000,37.000000,0.009140,1.000000,0.016978,-0.206767,0.320121,1.060684
242.000000,1.000000,37.000000,37.000000,0.009964,1.000000,0.019087,-0.207420,0.317933,1.060766
243.000000,1.000000,37.000000,37.000000,0.009835,1.000000,0.020601,-0.207797,0.316391,1.060701
244.000000,1.000000,37.000000,37.000000,0.008694,1.000000,0.021375,-0.207552,0.315577,1.060812
245.000000,1.000000,37.000000,37.000000,0.007509,1.000000,0.022166,-0.206585,0.314781,1.060808
246.000000,1.000000,37.000000,37.000000,0.007427,1.000000,0.023592,-0.204982,0.313271,1.061126
247.000000,1.000000,37.000000,37.000000,0.008699,1.000000,0.025698,-0.202898,0.310997,1.061779
248.000000,1.000000,37.000000,37.000000,0.011535,1.000000,0.028379,-0.199560,0.308019,1.063023
249.000000,1.000000,37.000000,37.000000,0.016113,1.000000,0.032861,-0.195609,0.303178,1.064390
250.000000,1.000000,37.000000,37.000000,0.021599,1.000000,0.038939,-0.191186,0.296734,1.065642
251.000000,1.000000,37.000000,37.000000,0.027988,1.000000,0.046458,-0.186143,0.288737,1.067271
252.000000,1.000000,37.000000,37.000000,0.035860,1.000000,0.055631,-0.179886,0.278852,1.069848
253.000000,1.000000,37.000000,37.000000,0.043726,1.000000,0.065868,-0.173180,0.267843,1.072599
254.000000,1.000000,37.000000,37.000000,0.051560,1.000000,0.076823,-0.165565,0.255972,1.075979
255.000000,1.000000,4.000000,6.000000,0.058721,0.000000,0.088578,-0.158015,0.243189,1.079764
256.000000,1.000000,4.000000,6.000000,0.064851,0.000000,0.100830,-0.150509,0.229889,1.083587
257.000000,1.000000,4.000000,6.000000,0.070235,0.000000,0.113890,-0.143215,0.215730,1.087536
258.000000,1.000000,4.000000,6.000000,0.074619,0.000000,0.126901,-0.135763,0.201480,1.092126
259.000000,1.000000,4.000000,6.000000,0.078370,0.000000,0.140103,-0.127901,0.186963,1.097058
260.000000,1.000000,4.000000,6.000000,0.081760,0.000000,0.153915,-0.120155,0.171725,1.102416
261.000000,1.000000,4.000000,6.000000,0.084829,0.000000,0.168689,-0.113185,0.155450,1.107960
262.000000,1.000000,4.000000,6.000000,0.087159,0.000000,0.183850,-0.107007,0.138797,1.113362
263.000000,1.000000,4.000000,6.000000,0.088456,0.000000,0.199204,-0.102376,0.121967,1.118579
264.000000,1.000000,4.000000,6.000000,0.089435,0.000000,0.214538,-0.097596,0.105182,1.123694
265.000000,1.000000,4.000000,6.000000,0.090383,0.000000,0.230267,-0.093262,0.087986,1.128808
266.000000,1.000000,4.000000,6.000000,0.091670,0.000000,0.246870,-0.089496,0.069923,1.133759
267.000000,1.000000,4.000000,6.000000,0.092490,0.000000,0.263457,-0.086157,0.051929,1.138446
268.000000,1.000000,4.000000,6.000000,0.092862,0.000000,0.279732,-0.083565,0.034154,1.143539
269.000000,1.000000,4.000000,6.000000,0.091500,0.000000,0.295089,-0.081947,0.017558,1.147500
270.000000,1.000000,4.000000,6.000000,0.088638,0.000000,0.309170,-0.080756,0.002413,1.150792
271.000000,1.000000,4.000000,6.000000,0.085561,0.000000,0.322411,-0.079348,-0.011977,1.154567
272.000000,1.000000,4.000000,6.000000,0.083084,0.000000,0.335659,-0.077548,-0.026444,1.158687
273.000000,1.000000,4.000000,6.000000,0.080902,0.000000,0.348652,-0.075969,-0.040766,1.163310
274.000000,1.000000,4.000000,6.000000,0.078651,0.000000,0.361196,-0.074479,-0.054650,1.168029
275.000000,1.000000,4.000000,6.000000,0.075777,0.000000,0.372387,-0.072293,-0.067235,1.173178
276.000000,1.000000,4.000000,6.000000,0.073397,0.000000,0.382840,-0.069943,-0.079295,1.179381
277.000000,1.000000,4.000000,6.000000,0.070777,0.000000,0.392375,-0.067522,-0.090392,1.185487
278.000000,1.000000,4.000000,6.000000,0.069628,0.000000,0.401670,-0.064956,-0.101584,1.193123
279.000000,1.000000,4.000000,6.000000,0.068596,0.000000,0.409864,-0.062400,-0.111837,1.201618
280.000000,1.000000,39.000000,39.000000,0.067483,0.000000,0.417294,-0.059847,-0.121356,1.210328
281.000000,1.000000,39.000000,39.000000,0.065276,0.000000,0.423204,-0.057768,-0.129282,1.218848
282.000000,1.000000,39.000000,39.000000,0.062539,0.000000,0.428044,-0.055984,-0.136066,1.227142
283.000000,1.000000,39.000000,39.000000,0.059873,0.000000,0.432011,-0.054028,-0.141974,1.235534
284.000000,1.000000,39.000000,39.000000,0.056655,0.000000,0.435107,-0.052769,-0.146894,1.243450
285.000000,1.000000,39.000000,39.000000,0.051959,0.000000,0.437157,-0.052079,-0.150431,1.249937
286.000000,1.000000,39.000000,39.000000,0.047322,0.000000,0.438519,-0.051735,-0.153208,1.256154
287.000000,1.000000,39.000000,39.000000,0.041906,0.000000,0.438932,-0.051317,-0.154775,1.261310
288.000000,1.000000,39.000000,39.000000,0.036329,0.000000,0.439281,-0.051210,-0.156026,1.265327
289.000000,1.000000,39.000000,39.000000,0.030940,0.000000,0.439749,-0.051162,-0.157191,1.268401
290.000000,1.000000,39.000000,39.000000,0.026283,0.000000,0.440213,-0.050969,-0.158273,1.271138
291.000000,1.000000,39.000000,39.000000,0.021801,0.000000,0.440447,-0.050865,-0.158972,1.273202
292.000000,1.000000,39.000000,39.000000,0.017674,0.000000,0.440323,-0.050811,-0.159205,1.274823
293.000000,1.000000,39.000000,39.000000,0.013896,0.000000,0.440141,-0.050771,-0.159248,1.275851
294.000000,1.000000,39.000000,39.000000,0.010968,0.000000,0.440140,-0.050878,-0.159450,1.276759
295.000000,1.000000,39.000000,39.000000,0.008475,0.000000,0.439964,-0.050698,-0.159418,1.277433
296.000000,1.000000,39.000000,39.000000,0.006635,0.000000,0.439838,-0.050499,-0.159426,1.278059
297.000000,1.000000,39.000000,39.000000,0.005310,0.000000,0.439693,-0.050273,-0.159407,1.278654
298.000000,1.000000,39.000000,39.000000,0.004431,0.000000,0.439497,-0.050244,-0.159351,1.279307
299.000000,1.000000,39.000000,39.000000,0.003704,0.000000,0.439349,-0.050254,-0.159313,1.279816
300.000000,1.000000,39.000000,39.000000,0.003108,0.000000,0.439448,-0.050247,-0.159496,1.280184
301.000000,1.000000,39.000000,39.000000,0.002988,0.000000,0.439504,-0.050297,-0.159701,1.280838
302.000000,1.000000,39.000000,39.000000,0.003311,0.000000,0.439468,-0.050345,-0.159883,1.281821
303.000000,1.000000,39.000000,39.000000,0.003785,0.000000,0.439439,-0.050308,-0.160103,1.282942
304.000000,1.000000,39.000000,39.000000,0.004368,0.000000,0.439548,-0.050331,-0.160488,1.284164
305.000000,1.000000,39.000000,39.000000,0.004994,0.000000,0.439549,-0.050367,-0.160789,1.285513
306.000000,1.000000,39.000000,39.000000,0.005584,0.000000,0.439761,-0.050308,-0.161306,1.286859
307.000000,1.000000,39.000000,39.000000,0.006218,0.000000,0.440191,-0.049889,-0.162052,1.288254
308.000000,1.000000,39.000000,39.000000,0.007065,0.000000,0.440864,-0.049584,-0.163093,1.289851
309.000000,1.000000,39.000000,39.000000,0.007905,0.000000,0.442272,-0.049057,-0.164825,1.291182
310.000000,1.000000,39.000000,39.000000,0.008619,0.000000,0.443779,-0.048613,-0.166630,1.292380
311.000000,1.000000,39.000000,39.000000,0.008989,0.000000,0.445011,-0.048127,-0.168128,1.293462
312.000000,1.000000,39.000000,39.000000,0.009048,0.000000,0.446153,-0.047852,-0.169498,1.294382
313.000000,1.000000,39.000000,39.000000,0.009083,0.000000,0.447345,-0.047727,-0.170926,1.295318
314.000000,1.000000,39.000000,39.000000,0.009109,0.000000,0.448570,-0.047526,-0.172387,1.296249
315.000000,1.000000,39.000000,39.000000,0.008930,0.000000,0.449542,-0.047356,-0.173608,1.297269
316.000000,1.000000,39.000000,39.000000,0.008329,0.000000,0.450267,-0.047224,-0.174525,1.298061
317.000000,1.000000,39.000000,39.000000,0.007126,0.000000,0.450525,-0.047139,-0.174893,1.298532
318.000000,1.000000,39.000000,39.000000,0.005471,0.000000,0.449558,-0.047664,-0.174104,1.299403
319.000000,1.000000,39.000000,39.000000,0.003866,0.000000,0.448643,-0.048239,-0.173219,1.299600
320.000000,1.000000,39.000000,39.000000,0.002472,0.000000,0.447922,-0.048810,-0.172377,1.299103
321.000000,1.000000,39.000000,39.000000,0.001923,0.000000,0.447420,-0.049129,-0.171522,1.297557
322.000000,1.000000,39.000000,39.000000,0.004068,0.000000,0.446977,-0.049302,-0.170516,1.295069
323.000000,1.000000,39.000000,39.000000,0.007750,0.000000,0.446755,-0.049716,-0.169433,1.291207
324.000000,1.000000,39.000000,39.000000,0.012820,0.000000,0.446260,-0.050105,-0.167692,1.285646
325.000000,1.000000,39.000000,39.000000,0.018730,0.000000,0.445265,-0.050987,-0.165151,1.278764
326.000000,1.000000,39.000000,39.000000,0.024550,0.000000,0.444343,-0.051300,-0.162472,1.270966
327.000000,1.000000,39.000000,39.000000,0.031279,0.000000,0.442831,-0.050984,-0.158807,1.261498
328.000000,1.000000,39.000000,39.000000,0.038292,0.000000,0.440718,-0.050467,-0.154256,1.250831
329.000000,1.000000,39.000000,39.000000,0.045266,0.000000,0.438712,-0.049686,-0.149539,1.238941
330.000000,1.000000,39.000000,39.000000,0.050950,0.000000,0.436547,-0.048133,-0.144661,1.227110
331.000000,1.000000,39.000000,39.000000,0.056321,0.000000,0.433517,-0.046069,-0.138776,1.214771
332.000000,1.000000,39.000000,39.000000,0.061557,0.000000,0.429521,-0.043479,-0.131761,1.201840
333.000000,1.000000,6.000000,3.000000,0.066184,0.000000,0.424869,-0.039776,-0.124039,1.188819
334.000000,1.000000,6.000000,3.000000,0.069420,0.000000,0.420926,-0.035190,-0.117091,1.176067
335.000000,1.000000,6.000000,3.000000,0.072711,0.000000,0.417046,-0.028956,-0.110072,1.162811
336.000000,1.000000,6.000000,3.000000,0.075067,0.000000,0.413574,-0.021993,-0.103515,1.149798
337.000000,1.000000,6.000000,3.000000,0.077217,0.000000,0.409658,-0.014074,-0.096543,1.137022
338.000000,1.000000,6.000000,3.000000,0.079455,0.000000,0.404756,-0.005084,-0.088639,1.124671
339.000000,1.000000,6.000000,3.000000,0.081651,0.000000,0.398684,0.003996,-0.079609,1.112654
340.000000,1.000000,6.000000,3.000000,0.083590,0.000000,0.392424,0.013628,-0.070432,1.100869
341.000000,1.000000,6.000000,3.000000,0.085020,0.000000,0.385437,0.023978,-0.060733,1.090133
342.000000,1.000000,6.000000,3.000000,0.085272,0.000000,0.378624,0.034103,-0.051427,1.080344
343.000000,1.000000,6.000000,3.000000,0.085642,0.000000,0.370716,0.044589,-0.041169,1.071342
344.000000,1.000000,6.000000,3.000000,0.084439,0.000000,0.362146,0.053668,-0.030567,1.063751
345.000000,1.000000,6.000000,3.000000,0.083239,0.000000,0.352845,0.062497,-0.019369,1.056832
346.000000,1.000000,6.000000,3.000000,0.081407,0.000000,0.343847,0.071433,-0.008704,1.050916
347.000000,1.000000,6.000000,3.000000,0.078580,0.000000,0.335199,0.079643,0.001383,1.045933
348.000000,1.000000,6.000000,3.000000,0.076189,0.000000,0.326161,0.087645,0.011811,1.041208
349.000000,1.000000,6.000000,3.000000,0.074076,0.000000,0.317168,0.095694,0.022123,1.036794
350.000000,1.000000,6.000000,3.000000,0.072424,0.000000,0.307690,0.103305,0.032890,1.032544
351.000000,1.000000,6.000000,3.000000,0.071567,0.000000,0.297474,0.110680,0.044373,1.028451
352.000000,1.000000,6.000000,3.000000,0.071991,0.000000,0.286100,0.118014,0.057086,1.024170
353.000000,1.000000,6.000000,3.000000,0.074205,0.000000,0.273762,0.125843,0.071025,1.018847
354.000000,1.000000,6.000000,3.000000,0.077265,0.000000,0.260730,0.134041,0.085762,1.013165
355.000000,1.000000,6.000000,3.000000,0.081688,0.000000,0.246008,0.142359,0.102273,1.007290
356.000000,1.000000,6.000000,3.000000,0.087261,0.000000,0.229585,0.150837,0.120563,1.001268
357.000000,1.000000,6.000000,3.000000,0.091226,0.000000,0.213802,0.158722,0.138175,0.995310
358.000000,1.000000,6.000000,3.000000,0.092980,0.000000,0.198681,0.165440,0.154885,0.990280
359.000000,1.000000,6.000000,3.000000,0.091034,0.000000,0.186087,0.171069,0.168770,0.986236
360.000000,1.000000,6.000000,3.000000,0.085896,0.000000,0.175986,0.175429,0.179961,0.982744
361.000000,1.000000,6.000000,3.000000,0.076857,0.000000,0.169050,0.177937,0.187644,0.980322
362.000000,1.000000,6.000000,3.000000,0.064017,0.000000,0.165265,0.178050,0.191683,0.979603
363.000000,1.000000,6.000000,3.000000,0.048800,0.000000,0.164535,0.176633,0.192322,0.980001
364.000000,1.000000,6.000000,3.000000,0.032221,0.000000,0.166291,0.173139,0.190123,0.981573
365.000000,1.000000,6.000000,3.000000,0.016390,0.000000,0.170289,0.168439,0.185476,0.983745
366.000000,1.000000,6.000000,3.000000,0.008583,0.000000,0.174977,0.164027,0.180051,0.986258
367.000000,1.000000,6.000000,3.000000,0.014460,0.000000,0.179632,0.160352,0.174731,0.988491
368.000000,1.000000,6.000000,3.000000,0.020768,0.000000,0.183297,0.157156,0.170480,0.990508
369.000000,1.000000,6.000000,3.000000,0.023831,0.000000,0.185678,0.154729,0.167602,0.992328
370.000000,1.000000,6.000000,3.000000,0.022696,0.000000,0.186476,0.154009,0.166507,0.993521
371.000000,1.000000,6.000000,3.000000,0.017387,0.000000,0.185170,0.155410,0.167764,0.993976
372.000000,2.000000,36.000000,36.000000,0.010126,0.000000,0.182142,0.157620,0.170908,0.993925
373.000000,0.000000,36.000000,36.000000,0.000000,0.000000,0.178093,0.160868,0.175269,0.993181
374.000000,0.000000,36.000000,36.000000,0.000000,0.000000,0.173067,0.165655,0.180830,0.991642
375.000000,0.000000,36.000000,36.000000,0.000000,0.000000,0.167383,0.170788,0.187164,0.989683
376.000000,0.000000,36.000000,36.000000,0.000000,0.000000,0.160856,0.175479,0.194419,0.987433
377.000000,0.000000,36.000000,36.000000,0.000000,0.000000,0.154117,0.180271,0.201948,0.984938
378.000000,0.000000,36.000000,36.000000,0.000000,0.000000,0.146528,0.184938,0.210293,0.982680
379.000000,0.000000,36.000000,36.000000,0.000000,0.000000,0.138426,0.189364,0.219270,0.979936
380.000000,0.000000,36.000000,36.000000,0.000000,0.000000,0.130108,0.193049,0.228460,0.977177
381.000000,3.000000,36.000000,36.000000,0.048333,0.000000,0.121314,0.196662,0.238119,0.974496
382.000000,1.000000,36.000000,36.000000,0.049401,0.000000,0.113335,0.200774,0.246878,0.972140
383.000000,1.000000,36.000000,36.000000,0.048791,0.000000,0.105910,0.203921,0.254919,0.970399
384.000000,1.000000,36.000000,36.000000,0.047363,0.000000,0.098805,0.206804,0.262485,0.969296
385.000000,1.000000,36.000000,36.000000,0.044932,0.000000,0.092465,0.209538,0.269118,0.968855
386.000000,1.000000,36.000000,36.000000,0.042125,0.000000,0.086675,0.212126,0.275167,0.968499
387.000000,1.000000,36.000000,36.000000,0.038530,0.000000,0.082060,0.214584,0.280039,0.968013
388.000000,1.000000,36.000000,36.000000,0.033909,0.000000,0.078373,0.216038,0.283778,0.968278
389.000000,1.000000,36.000000,36.000000,0.028967,0.000000,0.075736,0.217455,0.286390,0.968771
390.000000,1.000000,36.000000,36.000000,0.023755,0.000000,0.073995,0.218453,0.287961,0.969787
391.000000,1.000000,36.000000,36.000000,0.019712,0.000000,0.071872,0.218774,0.289964,0.970584
392.000000,1.000000,36.000000,36.000000,0.016580,0.000000,0.069428,0.218174,0.292238,0.971575
393.000000,1.000000,36.000000,36.000000,0.013906,0.000000,0.067335,0.216788,0.294245,0.972105
394.000000,1.000000,36.000000,36.000000,0.012027,0.000000,0.065563,0.214613,0.295978,0.972338
395.000000,1.000000,36.000000,36.000000,0.011179,0.000000,0.063948,0.212678,0.297660,0.972095
396.000000,1.000000,36.000000,36.000000,0.011783,0.000000,0.061778,0.210500,0.299896,0.971901
397.000000,1.000000,36.000000,36.000000,0.013598,0.000000,0.058306,0.208521,0.303262,0.972637
398.000000,1.000000,36.000000,36.000000,0.016349,0.000000,0.053213,0.207112,0.308273,0.973481
399.000000,1.000000,36.000000,36.000000,0.019062,0.000000,0.047309,0.206878,0.314134,0.974310
400.000000,1.000000,36.000000,36.000000,0.021335,0.000000,0.041243,0.208148,0.320171,0.975189
401.000000,1.000000,36.000000,36.000000,0.023393,0.000000,0.035401,0.211327,0.326094,0.975674
402.000000,1.000000,36.000000,36.000000,0.027107,0.000000,0.028664,0.216122,0.333112,0.975463
403.000000,1.000000,36.000000,36.000000,0.031432,0.000000,0.021591,0.221300,0.340488,0.975212
404.000000,2.000000,36.000000,36.000000,0.035839,0.000000,0.013483,0.225569,0.348781,0.975548
405.000000,0.000000,36.000000,36.000000,0.000000,0.000000,0.005252,0.229757,0.357275,0.975543
406.000000,0.000000,36.000000,36.000000,0.000000,0.000000,-0.001417,0.234251,0.364437,0.974356
407.000000,3.000000,36.000000,36.000000,0.040581,0.000000,-0.006257,0.238180,0.369794,0.972817
408.000000,1.000000,36.000000,36.000000,0.038013,0.000000,-0.009968,0.240856,0.373973,0.971298
409.000000,2.000000,36.000000,36.000000,0.034049,0.000000,-0.012942,0.241941,0.377397,0.969679
410.000000,0.000000,36.000000,36.000000,0.000000,0.000000,-0.015124,0.241669,0.379898,0.968471
411.000000,3.000000,36.000000,36.000000,0.022585,0.000000,-0.016378,0.239876,0.381220,0.968195
412.000000,1.000000,36.000000,36.000000,0.017631,0.000000,-0.017596,0.238164,0.382572,0.967620
413.000000,1.000000,36.000000,36.000000,0.013386,0.000000,-0.018010,0.236999,0.383147,0.966867
414.000000,1.000000,36.000000,36.000000,0.009998,0.000000,-0.017891,0.236143,0.383184,0.966101
415.000000,2.000000,36.000000,36.000000,0.008571,0.000000,-0.018280,0.235346,0.383810,0.965031
416.000000,0.000000,36.000000,36.000000,0.000000,0.000000,-0.018891,0.234952,0.384771,0.963503
417.000000,0.000000,36.000000,36.000000,0.000000,0.000000,-0.019538,0.234847,0.385836,0.961695
418.000000,3.000000,36.000000,36.000000,0.008250,0.000000,-0.020233,0.234923,0.386917,0.960044
419.000000,1.000000,36.000000,36.000000,0.008369,0.000000,-0.020892,0.235282,0.387959,0.958418
420.000000,1.000000,36.000000,36.000000,0.008694,0.000000,-0.021362,0.236115,0.388836,0.956700
421.000000,1.000000,36.000000,36.000000,0.008640,0.000000,-0.021439,0.237043,0.389235,0.955324
422.000000,1.000000,36.000000,36.000000,0.008574,0.000000,-0.021229,0.238216,0.389325,0.954030
423.000000,1.000000,36.000000,36.000000,0.008087,0.000000,-0.020732,0.239427,0.389012,0.953224
424.000000,1.000000,36.000000,36.000000,0.007430,0.000000,-0.019851,0.240631,0.388234,0.952743
425.000000,1.000000,36.000000,36.000000,0.006256,0.000000,-0.018964,0.241329,0.387281,0.952984
426.000000,1.000000,36.000000,36.000000,0.005448,0.000000,-0.018233,0.241875,0.386482,0.953245
427.000000,1.000000,36.000000,36.000000,0.005005,0.000000,-0.017530,0.242308,0.385741,0.953363
428.000000,1.000000,36.000000,36.000000,0.004707,0.000000,-0.016905,0.242693,0.385071,0.953520
429.000000,1.000000,36.000000,36.000000,0.004507,0.000000,-0.016240,0.242962,0.384330,0.953807
430.000000,1.000000,36.000000,36.000000,0.004359,0.000000,-0.015637,0.243255,0.383670,0.954016
431.000000,1.000000,36.000000,36.000000,0.003961,0.000000,-0.015194,0.243443,0.383220,0.954007
432.000000,1.000000,36.000000,36.000000,0.003366,0.000000,-0.014949,0.243580,0.382977,0.953980
433.000000,1.000000,36.000000,36.000000,0.002732,0.000000,-0.014861,0.243665,0.382853,0.954135
434.000000,1.000000,36.000000,36.000000,0.001919,0.000000,-0.015006,0.243785,0.383025,0.954038
435.000000,1.000000,36.000000,36.000000,0.001327,0.000000,-0.015040,0.243824,0.383078,0.953961
436.000000,1.000000,36.000000,36.000000,0.000000,0.000000,-0.015041,0.243766,0.383065,0.954021
437.000000,1.000000,36.000000,36.000000,0.000000,0.000000,-0.015243,0.243738,0.383290,0.953936
438.000000,1.000000,36.000000,36.000000,0.000000,0.000000,-0.015663,0.243556,0.383746,0.953808
439.000000,1.000000,36.000000,36.000000,0.001063,0.000000,-0.016094,0.243442,0.384215,0.953681
440.000000,1.000000,36.000000,36.000000,0.001277,0.000000,-0.016413,0.243230,0.384482,0.953934
441.000000,1.000000,36.000000,36.000000,0.001337,0.000000,-0.016609,0.243144,0.384661,0.954029
442.000000,1.000000,36.000000,36.000000,0.001189,0.000000,-0.016639,0.243099,0.384690,0.954035
443.000000,1.000000,36.000000,36.000000,0.000000,0.000000,-0.016424,0.243040,0.384428,0.954215
444.000000,1.000000,36.000000,36.000000,0.000000,0.000000,-0.016145,0.243102,0.384130,0.954273
445.000000,1.000000,36.000000,36.000000,0.000000,0.000000,-0.015920,0.243308,0.383898,0.954293
446.000000,1.000000,36.000000,36.000000,0.000000,0.000000,-0.015601,0.243489,0.383562,0.954346
447.000000,1.000000,36.000000,36.000000,0.001283,0.000000,-0.015124,0.243731,0.383059,0.954424
448.000000,1.000000,36.000000,36.000000,0.001610,0.000000,-0.014764,0.243883,0.382675,0.954505
449.000000,1.000000,36.000000,36.000000,0.001776,0.000000,-0.014429,0.244129,0.382369,0.954348
450.000000,1.000000,36.000000,36.000000,0.001796,0.000000,-0.014200,0.244341,0.382169,0.954208
451.000000,1.000000,36.000000,36.000000,0.001713,0.000000,-0.014043,0.244533,0.382066,0.953963
452.000000,1.000000,36.000000,36.000000,0.001435,0.000000,-0.014099,0.244613,0.382181,0.953704
453.000000,1.000000,36.000000,36.000000,0.001145,0.000000,-0.014110,0.244641,0.382192,0.953714
454.000000,1.000000,36.000000,36.000000,0.000000,0.000000,-0.014147,0.244608,0.382220,0.953753
455.000000,1.000000,36.000000,36.000000,0.000000,0.000000,-0.014222,0.244580,0.382328,0.953612
456.000000,1.000000,36.000000,36.000000,0.000000,0.000000,-0.014331,0.244538,0.382472,0.953463
457.000000,1.000000,36.000000,36.000000,0.000000,0.000000,-0.014373,0.244528,0.382522,0.953433
458.000000,1.000000,36.000000,36.000000,0.000000,0.000000,-0.014248,0.244541,0.382395,0.953430
459.000000,1.000000,36.000000,36.000000,0.000000,0.000000,-0.014159,0.244593,0.382299,0.953454
460.000000,1.000000,36.000000,36.000000,0.000000,0.000000,-0.014079,0.244592,0.382195,0.953551
461.000000,1.000000,36.000000,36.000000,0.000000,0.000000,-0.013884,0.244650,0.381966,0.953686
462.000000,1.000000,36.000000,36.000000,0.000000,0.000000,-0.013806,0.244646,0.381881,0.953710
463.000000,1.000000,36.000000,36.000000,0.000000,0.000000,-0.013693,0.244653,0.381765,0.953712
464.000000,1.000000,36.000000,36.000000,0.000000,0.000000,-0.013450,0.244658,0.381508,0.953748
465.000000,1.000000,36.000000,36.000000,0.000000,0.000000,-0.013252,0.244718,0.381299,0.953779
466.000000,1.000000,36.000000,36.000000,0.000000,0.000000,-0.013109,0.244838,0.381148,0.953805
467.000000,1.000000,36.000000,36.000000,0.000000,0.000000,-0.013221,0.244896,0.381260,0.953822
468.000000,1.000000,36.000000,36.000000,0.000000,0.000000,-0.013339,0.244762,0.381369,0.953864
469.000000,1.000000,36.000000,36.000000,0.000000,0.000000,-0.013603,0.244651,0.381603,0.954026
470.000000,1.000000,36.000000,36.000000,0.000000,0.000000,-0.014037,0.244385,0.382024,0.954110
471.000000,1.000000,36.000000,36.000000,0.001101,0.000000,-0.014450,0.244125,0.382440,0.954128
472.000000,1.000000,36.000000,36.000000,0.001700,0.000000,-0.015037,0.243756,0.383044,0.954096
473.000000,1.000000,36.000000,36.000000,0.002234,0.000000,-0.015686,0.243448,0.383672,0.954240
474.000000,1.000000,36.000000,36.000000,0.002673,0.000000,-0.016310,0.243080,0.384281,0.954354
475.000000,1.000000,36.000000,36.000000,0.003011,0.000000,-0.016876,0.242615,0.384836,0.954437
476.000000,1.000000,36.000000,36.000000,0.003238,0.000000,-0.017423,0.242153,0.385387,0.954446
477.000000,1.000000,36.000000,36.000000,0.003408,0.000000,-0.018009,0.241755,0.386002,0.954362
478.000000,1.000000,36.000000,36.000000,0.003444,0.000000,-0.018453,0.241298,0.386480,0.954227
479.000000,1.000000,36.000000,36.000000,0.003331,0.000000,-0.018841,0.240959,0.386901,0.954103
480.000000,1.000000,36.000000,36.000000,0.003137,0.000000,-0.019166,0.240650,0.387246,0.954026
481.000000,1.000000,36.000000,36.000000,0.003131,0.000000,-0.019611,0.240287,0.387754,0.953771
482.000000,1.000000,36.000000,36.000000,0.003405,0.000000,-0.020180,0.239625,0.388373,0.953569
483.000000,1.000000,36.000000,36.000000,0.003564,0.000000,-0.020679,0.239008,0.388914,0.953393
484.000000,1.000000,36.000000,36.000000,0.003858,0.000000,-0.021283,0.238319,0.389578,0.953150
485.000000,1.000000,36.000000,36.000000,0.004057,0.000000,-0.021825,0.237647,0.390173,0.952927
486.000000,1.000000,36.000000,36.000000,0.004184,0.000000,-0.022343,0.237079,0.390767,0.952609
487.000000,1.000000,36.000000,36.000000,0.004656,0.000000,-0.023028,0.236294,0.391579,0.952066
488.000000,1.000000,36.000000,36.000000,0.004265,0.000000,-0.023285,0.235969,0.391860,0.951966
489.000000,1.000000,36.000000,36.000000,0.003820,0.000000,-0.023566,0.235734,0.392155,0.951918
490.000000,1.000000,36.000000,36.000000,0.003120,0.000000,-0.023612,0.235595,0.392190,0.951964
491.000000,1.000000,36.000000,36.000000,0.002338,0.000000,-0.023588,0.235604,0.392159,0.951996
492.000000,1.000000,36.000000,36.000000,0.001567,0.000000,-0.023468,0.235662,0.392029,0.952029
493.000000,1.000000,36.000000,36.000000,0.000000,0.000000,-0.023139,0.235893,0.391654,0.952212
494.000000,1.000000,36.000000,36.000000,0.000000,0.000000,-0.022902,0.236069,0.391359,0.952457
495.000000,1.000000,36.000000,36.000000,0.000000,0.000000,-0.022733,0.236134,0.391133,0.952699
496.000000,1.000000,36.000000,36.000000,0.001490,0.000000,-0.022453,0.236374,0.390760,0.953102
497.000000,1.000000,36.000000,36.000000,0.001136,0.000000,-0.022570,0.236203,0.390899,0.953004
498.000000,1.000000,36.000000,36.000000,0.000000,0.000000,-0.022696,0.236086,0.390996,0.953144
499.000000,1.000000,36.000000,36.000000,0.000000,0.000000,-0.022719,0.236013,0.391008,0.953191
500.000000,1.000000,36.000000,36.000000,0.000000,0.000000,-0.022629,0.236092,0.390916,0.953196
501.000000,1.000000,36.000000,36.000000,0.000000,0.000000,-0.022722,0.236122,0.391023,0.953139
502.000000,1.000000,36.000000,36.000000,0.000000,0.000000,-0.023038,0.235975,0.391378,0.952996
503.000000,1.000000,36.000000,36.000000,0.000000,0.000000,-0.023256,0.235779,0.391650,0.952763
504.000000,1.000000,36.000000,36.000000,0.000000,0.000000,-0.023398,0.235624,0.391823,0.952631
505.000000,1.000000,36.000000,36.000000,0.000000,0.000000,-0.023476,0.235614,0.391882,0.952724
506.000000,1.000000,36.000000,36.000000,0.000000,0.000000,-0.023427,0.235879,0.391823,0.952777
507.000000,1.000000,36.000000,36.000000,0.000000,0.000000,-0.023454,0.235876,0.391927,0.952434
508.000000,1.000000,36.000000,36.000000,0.000000,0.000000,-0.023463,0.235797,0.391941,0.952412
509.000000,1.000000,36.000000,36.000000,0.000000,0.000000,-0.023541,0.235670,0.391995,0.952516
