101,0,0.31217,-0.213529,1.76217,-0.0609307,0.448986,1.81955
102,0,0.310108,-0.21324,1.76002,-0.0609307,0.448986,1.81955
103,0,0.30988,-0.213605,1.76034,-0.0609307,0.448986,1.81955
104,0,0.310753,-0.213735,1.7626,-0.0609307,0.448986,1.81955
105,0,0.311095,-0.213776,1.76326,-0.0609307,0.448986,1.81955
106,0,0.309991,-0.213601,1.76119,-0.0609307,0.448986,1.81955
107,0,0.310918,-0.213792,1.76265,-0.0609307,0.448986,1.81955
108,0,0.310489,-0.212417,1.76338,-0.0609307,0.448986,1.81955
109,0,0.310319,-0.213125,1.76325,-0.0609307,0.448986,1.81955
110,0,0.309848,-0.213789,1.76287,-0.0609307,0.448986,1.81955
111,0,0.312069,-0.213597,1.7632,-0.0609307,0.448986,1.81955
112,0,0.310643,-0.213241,1.76273,-0.0609307,0.448986,1.81955
113,0,0.310635,-0.2139,1.76094,-0.0609307,0.448986,1.81955
114,0,0.310772,-0.214037,1.76178,-0.0609307,0.448986,1.81955
115,0,0.309688,-0.213125,1.76141,-0.0609307,0.448986,1.81955
116,0,0.310381,-0.213749,1.76316,-0.0609307,0.448986,1.81955
117,0,0.312817,-0.21454,1.76163,-0.0609307,0.448986,1.81955
118,0,0.308862,-0.213618,1.7626,-0.0609307,0.448986,1.81955
119,0,0.311175,-0.213742,1.76114,-0.0609307,0.448986,1.81955
120,0,0.311212,-0.215144,1.76005,-0.0609307,0.448986,1.81955
121,0,0.311678,-0.213154,1.76206,-0.0609307,0.448986,1.81955
122,0,0.310946,-0.215919,1.75945,-0.0609307,0.448986,1.81955
123,0,0.309427,-0.213992,1.76083,-0.0609307,0.448986,1.81955
124,0,0.312199,-0.214587,1.75875,-0.0609307,0.448986,1.81955
125,0,0.3111,-0.213719,1.76103,-0.0609307,0.448986,1.81955
126,0,0.310731,-0.213837,1.76285,-0.0609307,0.448986,1.81955
127,0,0.31015,-0.213564,1.76178,-0.0609307,0.448986,1.81955
128,0,0.309392,-0.213462,1.76222,-0.0609307,0.448986,1.81955
129,0,0.311756,-0.213912,1.75918,-0.0609307,0.448986,1.81955
130,0,0.310619,-0.213878,1.75998,-0.0609307,0.448986,1.81955
131,1,0.31335,-0.216599,1.75521,-0.0609307,0.448986,1.81955
132,1,0.308442,-0.211802,1.75062,-0.0609307,0.448986,1.81955
133,1,0.310895,-0.211915,1.75482,-0.0609307,0.448986,1.81955
134,1,0.309981,-0.212622,1.75413,-0.0609307,0.448986,1.81955
135,1,0.311668,-0.213087,1.75402,-0.0609307,0.448986,1.81955
136,1,0.309906,-0.212827,1.74722,-0.0609307,0.448986,1.81955
137,1,0.311396,-0.214157,1.75256,-0.0609307,0.448986,1.81955
138,1,0.313827,-0.214664,1.75447,-0.0609307,0.448986,1.81955
139,1,0.31562,-0.214778,1.75288,-0.0609307,0.448986,1.81955
140,1,0.313451,-0.214733,1.74776,-0.0609307,0.448986,1.81955
141,1,0.314363,-0.214572,1.74932,-0.0609307,0.448986,1.81955
142,1,0.313946,-0.214985,1.74762,-0.0609307,0.448986,1.81955
143,1,0.314393,-0.214612,1.7469,-0.0609307,0.448986,1.81955
144,1,0.313453,-0.215051,1.74519,-0.0609307,0.448986,1.81955
145,1,0.3147,-0.215643,1.74779,-0.0609307,0.448986,1.81955
146,1,0.315115,-0.215765,1.7479,-0.0609307,0.448986,1.81955
147,1,0.313215,-0.217048,1.74901,-0.0609307,0.448986,1.81955
148,1,0.314868,-0.216454,1.75049,-0.0609307,0.448986,1.81955
149,1,0.314879,-0.215673,1.74996,-0.0609307,0.448986,1.81955
150,1,0.314419,-0.215668,1.74726,-0.0609307,0.448986,1.81955
151,1,0.316413,-0.215005,1.75004,-0.0609307,0.448986,1.81955
152,1,0.315357,-0.215722,1.75047,-0.0609307,0.448986,1.81955
153,1,0.314744,-0.215002,1.74625,-0.0609307,0.448986,1.81955
154,1,0.315041,-0.215661,1.74973,-0.0609307,0.448986,1.81955
155,1,0.313821,-0.215691,1.74674,-0.0609307,0.448986,1.81955
156,1,0.314749,-0.215967,1.74937,-0.0609307,0.448986,1.81955
157,1,0.315253,-0.215641,1.74981,-0.0609307,0.448986,1.81955
158,1,0.316022,-0.216402,1.75055,-0.0609307,0.448986,1.81955
159,1,0.317353,-0.215289,1.75211,-0.0609307,0.448986,1.81955
160,1,0.318175,-0.21389,1.74906,-0.0609307,0.448986,1.81955
161,1,0.318122,-0.214941,1.75049,-0.0609307,0.448986,1.81955
162,1,0.317779,-0.215732,1.75252,-0.0609307,0.448986,1.81955
163,1,0.318228,-0.215051,1.75168,-0.0609307,0.448986,1.81955
164,1,0.319148,-0.211219,1.75014,-0.0609307,0.448986,1.81955
165,1,0.321817,-0.203577,1.74631,-0.0609307,0.448986,1.81955
166,1,0.321281,-0.192834,1.73451,-0.0609307,0.448986,1.81955
167,1,0.321938,-0.18514,1.72858,-0.0609307,0.448986,1.81955
168,1,0.314758,-0.178665,1.7122,-0.0609307,0.448986,1.81955
169,1,0.309689,-0.171529,1.69518,-0.0609307,0.448986,1.81955
170,1,0.299848,-0.167023,1.67308,-0.0609307,0.448986,1.81955
171,1,0.289031,-0.165292,1.65148,-0.0609307,0.448986,1.81955
172,1,0.278982,-0.166011,1.63104,-0.0609307,0.448986,1.81955
173,1,0.265436,-0.168402,1.61154,-0.0609307,0.448986,1.81955
174,1,0.248117,-0.176194,1.592,-0.0609307,0.448986,1.81955
175,1,0.234765,-0.184975,1.5783,-0.0609307,0.448986,1.81955
176,1,0.221338,-0.194915,1.56241,-0.0609307,0.448986,1.81955
177,1,0.204858,-0.206997,1.54938,-0.0609307,0.448986,1.81955
178,1,0.199219,-0.215175,1.54969,-0.0609307,0.448986,1.81955
179,1,0.189896,-0.225361,1.54645,-0.0609307,0.448986,1.81955
180,1,0.18518,-0.232206,1.54807,-0.0609307,0.448986,1.81955
181,1,0.182549,-0.240059,1.54982,-0.0609307,0.448986,1.81955
182,1,0.17988,-0.247166,1.551,-0.0609307,0.448986,1.81955
183,1,0.18117,-0.253675,1.55187,-0.0609307,0.448986,1.81955
184,1,0.179428,-0.261327,1.55231,-0.0609307,0.448986,1.81955
185,1,0.187949,-0.26815,1.54995,-0.0609307,0.448986,1.81955
186,1,0.186143,-0.272412,1.5387,-0.0609307,0.448986,1.81955
187,1,0.192025,-0.274272,1.52059,-0.0609307,0.448986,1.81955
188,1,0.19054,-0.278263,1.49637,-0.0609307,0.448986,1.81955
189,1,0.1947,-0.281801,1.46916,-0.0609307,0.448986,1.81955
190,1,0.19775,-0.283225,1.44692,-0.0609307,0.448986,1.81955
191,1,0.196364,-0.287494,1.41849,-0.0609307,0.448986,1.81955
192,1,0.196566,-0.292228,1.39654,-0.0609307,0.448986,1.81955
193,1,0.19337,-0.296053,1.37882,-0.0609307,0.448986,1.81955
194,1,0.192122,-0.299183,1.3628,-0.0609307,0.448986,1.81955
195,1,0.190316,-0.300213,1.35617,-0.0609307,0.448986,1.81955
196,1,0.187831,-0.300698,1.35552,-0.0609307,0.448986,1.81955
197,1,0.18916,-0.300701,1.35993,-0.0609307,0.448986,1.81955
198,1,0.193739,-0.298143,1.37337,-0.0609307,0.448986,1.81955
199,1,0.194248,-0.298681,1.39015,-0.0609307,0.448986,1.81955
200,1,0.195501,-0.294735,1.41338,-0.0609307,0.448986,1.81955
201,1,0.197409,-0.28976,1.44308,-0.0609307,0.448986,1.81955
202,1,0.196792,-0.28466,1.47099,-0.0609307,0.448986,1.81955
203,1,0.192939,-0.28023,1.49986,-0.0609307,0.448986,1.81955
204,1,0.189904,-0.277041,1.5257,-0.0609307,0.448986,1.81955
205,1,0.184371,-0.274647,1.54839,-0.0609307,0.448986,1.81955
206,1,0.182171,-0.268692,1.56263,-0.0609307,0.448986,1.81955
207,1,0.18046,-0.266477,1.56517,-0.0609307,0.448986,1.81955
208,1,0.179266,-0.264718,1.56127,-0.0609307,0.448986,1.81955
209,1,0.180027,-0.265319,1.54541,-0.0609307,0.448986,1.81955
210,1,0.18039,-0.269081,1.52092,-0.0609307,0.448986,1.81955
211,1,0.177237,-0.275408,1.48857,-0.0609307,0.448986,1.81955
212,1,0.17879,-0.278514,1.45454,-0.0609307,0.448986,1.81955
213,1,0.179707,-0.284306,1.42048,-0.0609307,0.448986,1.81955
214,1,0.177663,-0.289467,1.38978,-0.0609307,0.448986,1.81955
215,1,0.171231,-0.293421,1.36134,-0.0609307,0.448986,1.81955
216,1,0.169634,-0.297663,1.34361,-0.0609307,0.448986,1.81955
217,1,0.165488,-0.299658,1.33057,-0.0609307,0.448986,1.81955
218,1,0.161624,-0.302429,1.3262,-0.0609307,0.448986,1.81955
219,1,0.162831,-0.303421,1.33115,-0.0609307,0.448986,1.81955
220,1,0.16458,-0.302535,1.34473,-0.0609307,0.448986,1.81955
221,1,0.167719,-0.299138,1.36308,-0.0609307,0.448986,1.81955
222,1,0.171117,-0.293445,1.39029,-0.0609307,0.448986,1.81955
223,1,0.172187,-0.286691,1.42279,-0.0609307,0.448986,1.81955
224,1,0.176993,-0.279942,1.46118,-0.0609307,0.448986,1.81955
225,1,0.175706,-0.275172,1.49771,-0.0609307,0.448986,1.81955
226,1,0.17088,-0.271236,1.52817,-0.0609307,0.448986,1.81955
227,1,0.167929,-0.268278,1.55568,-0.0609307,0.448986,1.81955
228,1,0.160886,-0.26448,1.57106,-0.0609307,0.448986,1.81955
229,1,0.150664,-0.264683,1.57458,-0.0609307,0.448986,1.81955
230,1,0.155424,-0.261198,1.57449,-0.0609307,0.448986,1.81955
231,1,0.157787,-0.264573,1.56412,-0.0609307,0.448986,1.81955
232,1,0.157236,-0.268827,1.54095,-0.0609307,0.448986,1.81955
233,1,0.156069,-0.271767,1.50878,-0.0609307,0.448986,1.81955
234,1,0.160171,-0.276117,1.47765,-0.0609307,0.448986,1.81955
235,1,0.164813,-0.278096,1.44565,-0.0609307,0.448986,1.81955
236,1,0.163095,-0.284612,1.40974,-0.0609307,0.448986,1.81955
237,1,0.155835,-0.289496,1.37864,-0.0609307,0.448986,1.81955
238,1,0.152315,-0.292079,1.35163,-0.0609307,0.448986,1.81955
239,1,0.146392,-0.297297,1.33187,-0.0609307,0.448986,1.81955
240,1,0.143958,-0.300271,1.31774,-0.0609307,0.448986,1.81955
241,1,0.139142,-0.301664,1.3145,-0.0609307,0.448986,1.81955
242,1,0.136976,-0.303514,1.3203,-0.0609307,0.448986,1.81955
243,1,0.139572,-0.301377,1.3334,-0.0609307,0.448986,1.81955
244,1,0.143421,-0.299113,1.35343,-0.0609307,0.448986,1.81955
245,1,0.152636,-0.294723,1.38389,-0.0609307,0.448986,1.81955
246,1,0.157967,-0.289356,1.41701,-0.0609307,0.448986,1.81955
247,1,0.162597,-0.281794,1.45323,-0.0609307,0.448986,1.81955
248,1,0.16056,-0.277008,1.4896,-0.0609307,0.448986,1.81955
249,1,0.16077,-0.272215,1.52228,-0.0609307,0.448986,1.81955
250,1,0.160562,-0.265115,1.55296,-0.0609307,0.448986,1.81955
251,1,0.158193,-0.260836,1.57218,-0.0609307,0.448986,1.81955
252,1,0.152952,-0.259989,1.57682,-0.0609307,0.448986,1.81955
253,1,0.144517,-0.260272,1.56913,-0.0609307,0.448986,1.81955
254,1,0.146318,-0.263341,1.55529,-0.0609307,0.448986,1.81955
255,1,0.150001,-0.266532,1.53451,-0.0609307,0.448986,1.81955
256,1,0.150265,-0.272718,1.50347,-0.0609307,0.448986,1.81955
257,1,0.154729,-0.27659,1.47011,-0.0609307,0.448986,1.81955
258,1,0.154789,-0.283108,1.43411,-0.0609307,0.448986,1.81955
259,1,0.157623,-0.287379,1.40663,-0.0609307,0.448986,1.81955
260,1,0.153794,-0.290606,1.38278,-0.0609307,0.448986,1.81955
261,1,0.153515,-0.294149,1.36867,-0.0609307,0.448986,1.81955
262,1,0.15273,-0.295263,1.3605,-0.0609307,0.448986,1.81955
263,1,0.156997,-0.291816,1.36212,-0.0609307,0.448986,1.81955
264,1,0.159988,-0.287589,1.36777,-0.0609307,0.448986,1.81955
265,1,0.164092,-0.28249,1.37807,-0.0609307,0.448986,1.81955
266,1,0.167368,-0.273434,1.39642,-0.0609307,0.448986,1.81955
267,1,0.172061,-0.263114,1.41701,-0.0609307,0.448986,1.81955
268,1,0.175194,-0.249906,1.43746,-0.0609307,0.448986,1.81955
269,1,0.175237,-0.235623,1.46174,-0.0609307,0.448986,1.81955
270,1,0.172004,-0.21988,1.47581,-0.0609307,0.448986,1.81955
271,1,0.170534,-0.201742,1.49775,-0.0609307,0.448986,1.81955
272,1,0.167007,-0.182702,1.51337,-0.0609307,0.448986,1.81955
273,1,0.158439,-0.165627,1.52292,-0.0609307,0.448986,1.81955
274,1,0.148806,-0.149165,1.52668,-0.0609307,0.448986,1.81955
275,1,0.136528,-0.132717,1.5328,-0.0609307,0.448986,1.81955
276,1,0.122644,-0.121203,1.53832,-0.0609307,0.448986,1.81955
277,1,0.106579,-0.11336,1.54339,-0.0609307,0.448986,1.81955
278,1,0.0925907,-0.107104,1.54831,-0.0609307,0.448986,1.81955
279,1,0.0756226,-0.106088,1.56053,-0.0609307,0.448986,1.81955
280,1,0.0566398,-0.111038,1.57101,-0.0609307,0.448986,1.81955
281,1,0.0405403,-0.116204,1.58618,-0.0609307,0.448986,1.81955
282,1,0.0223618,-0.122719,1.60312,-0.0609307,0.448986,1.81955
283,1,0.00960167,-0.132992,1.61973,-0.0609307,0.448986,1.81955
284,1,-0.00246416,-0.142783,1.63646,-0.0609307,0.448986,1.81955
285,1,-0.0116005,-0.151442,1.65611,-0.0609307,0.448986,1.81955
286,1,-0.0202039,-0.16307,1.67355,-0.0609307,0.448986,1.81955
287,1,-0.0292899,-0.176556,1.68488,-0.0609307,0.448986,1.81955
288,1,-0.0343227,-0.186632,1.6981,-0.0609307,0.448986,1.81955
289,1,-0.0356151,-0.195953,1.70615,-0.0609307,0.448986,1.81955
290,1,-0.0423387,-0.204968,1.7068,-0.0609307,0.448986,1.81955
291,1,-0.0404109,-0.210968,1.71095,-0.0609307,0.448986,1.81955
292,1,-0.0372382,-0.217452,1.71837,-0.0609307,0.448986,1.81955
293,1,-0.0350971,-0.219615,1.72353,-0.0609307,0.448986,1.81955
294,1,-0.0332783,-0.223383,1.72106,-0.0609307,0.448986,1.81955
295,1,-0.0329897,-0.223452,1.72111,-0.0609307,0.448986,1.81955
296,1,-0.0326934,-0.223674,1.72027,-0.0609307,0.448986,1.81955
297,1,-0.0324835,-0.223786,1.71923,-0.0609307,0.448986,1.81955
298,1,-0.0355447,-0.222522,1.72188,-0.0609307,0.448986,1.81955
299,1,-0.0381604,-0.222441,1.72526,-0.0609307,0.448986,1.81955
300,0,-0.0364493,-0.222688,1.7263,-0.0609307,0.448986,1.81955
301,0,-0.0363671,-0.222308,1.7233,-0.0609307,0.448986,1.81955
302,0,-0.0369424,-0.222738,1.72566,-0.0609307,0.448986,1.81955
303,0,-0.0367754,-0.222786,1.72516,-0.0609307,0.448986,1.81955
304,0,-0.0359138,-0.22271,1.72477,-0.0609307,0.448986,1.81955
305,0,-0.0360365,-0.222785,1.72562,-0.0609307,0.448986,1.81955
306,0,-0.035807,-0.222582,1.72455,-0.0609307,0.448986,1.81955
307,0,-0.0357837,-0.222541,1.72402,-0.0609307,0.448986,1.81955
308,0,-0.0342252,-0.223274,1.72305,-0.0609307,0.448986,1.81955
309,0,-0.0379302,-0.221822,1.72379,-0.0609307,0.448986,1.81955
310,0,-0.0362607,-0.22379,1.72263,-0.0609307,0.448986,1.81955
311,0,-0.0382418,-0.2222,1.72438,-0.0609307,0.448986,1.81955
312,0,-0.0374652,-0.221846,1.72317,-0.0609307,0.448986,1.81955
313,0,-0.0366927,-0.221247,1.72337,-0.0609307,0.448986,1.81955
314,0,-0.0363676,-0.222342,1.72681,-0.0609307,0.448986,1.81955
315,0,-0.0362983,-0.221762,1.72248,-0.0609307,0.448986,1.81955
316,0,-0.0360826,-0.221643,1.72181,-0.0609307,0.448986,1.81955
317,0,-0.0363636,-0.221692,1.72346,-0.0609307,0.448986,1.81955
318,0,-0.0370153,-0.222547,1.7216,-0.0609307,0.448986,1.81955
319,0,-0.0359296,-0.22212,1.72679,-0.0609307,0.448986,1.81955
320,0,-0.036506,-0.221879,1.72353,-0.0609307,0.448986,1.81955
321,0,-0.0359122,-0.222891,1.72621,-0.0609307,0.448986,1.81955
322,0,-0.0361638,-0.222585,1.72586,-0.0609307,0.448986,1.81955
323,0,-0.0354251,-0.222667,1.72449,-0.0609307,0.448986,1.81955
324,0,-0.0354957,-0.222526,1.72443,-0.0609307,0.448986,1.81955
325,0,-0.0361394,-0.221815,1.72653,-0.0609307,0.448986,1.81955
326,0,-0.0370141,-0.221926,1.72608,-0.0609307,0.448986,1.81955
327,0,-0.0359528,-0.222014,1.72494,-0.0609307,0.448986,1.81955
328,0,-0.0372277,-0.221445,1.72482,-0.0609307,0.448986,1.81955
329,0,-0.0359837,-0.221976,1.72564,-0.0609307,0.448986,1.81955
330,0,-0.0360845,-0.222428,1.72444,-0.0609307,0.448986,1.81955
331,0,-0.0358348,-0.221697,1.72386,-0.0609307,0.448986,1.81955
332,0,-0.036672,-0.221402,1.72517,-0.0609307,0.448986,1.81955
333,0,-0.0373703,-0.221587,1.72484,-0.0609307,0.448986,1.81955
334,0,-0.0364431,-0.22254,1.72073,-0.0609307,0.448986,1.81955
335,0,-0.0373263,-0.222556,1.71988,-0.0609307,0.448986,1.81955
336,0,-0.0372228,-0.221557,1.72439,-0.0609307,0.448986,1.81955
337,0,-0.0359938,-0.223373,1.72218,-0.0609307,0.448986,1.81955
338,0,-0.0365919,-0.22195,1.72599,-0.0609307,0.448986,1.81955
339,0,-0.0358458,-0.221849,1.72498,-0.0609307,0.448986,1.81955
340,0,-0.0367619,-0.222924,1.7207,-0.0609307,0.448986,1.81955
341,0,-0.0373756,-0.222037,1.72437,-0.0609307,0.448986,1.81955
342,0,-0.0368142,-0.221585,1.7233,-0.0609307,0.448986,1.81955
343,0,-0.0362955,-0.222888,1.72182,-0.0609307,0.448986,1.81955
344,0,-0.0364362,-0.221904,1.72753,-0.0609307,0.448986,1.81955
345,0,-0.0360313,-0.221176,1.72551,-0.0609307,0.448986,1.81955
346,0,-0.036034,-0.222304,1.7203,-0.0609307,0.448986,1.81955
347,0,-0.0347229,-0.222286,1.72312,-0.0609307,0.448986,1.81955
348,0,-0.0356641,-0.222822,1.72168,-0.0609307,0.448986,1.81955
349,0,-0.0364907,-0.221816,1.72475,-0.0609307,0.448986,1.81955
350,0,-0.0356264,-0.221643,1.72246,-0.0609307,0.448986,1.81955
351,0,-0.0354347,-0.221711,1.72396,-0.0609307,0.448986,1.81955
352,0,-0.0358389,-0.221331,1.72327,-0.0609307,0.448986,1.81955
353,0,-0.036419,-0.221503,1.72337,-0.0609307,0.448986,1.81955
354,0,-0.0359808,-0.221812,1.72545,-0.0609307,0.448986,1.81955
355,0,-0.0355969,-0.222275,1.72178,-0.0609307,0.448986,1.81955
356,0,-0.0365062,-0.222025,1.72681,-0.0609307,0.448986,1.81955
357,0,-0.0353256,-0.221475,1.72548,-0.0609307,0.448986,1.81955
358,0,-0.036059,-0.221924,1.72588,-0.0609307,0.448986,1.81955
359,0,-0.0368843,-0.222416,1.72759,-0.0609307,0.448986,1.81955
360,0,-0.0380055,-0.221789,1.72766,-0.0609307,0.448986,1.81955
361,0,-0.0366856,-0.221966,1.72721,-0.0609307,0.448986,1.81955
362,0,-0.0361443,-0.221475,1.72368,-0.0609307,0.448986,1.81955
363,0,-0.0371151,-0.22178,1.72416,-0.0609307,0.448986,1.81955
364,0,-0.0375344,-0.221848,1.72641,-0.0609307,0.448986,1.81955
365,0,-0.0368981,-0.221405,1.72491,-0.0609307,0.448986,1.81955
366,0,-0.03695,-0.221346,1.72362,-0.0609307,0.448986,1.81955
367,0,-0.0370982,-0.221103,1.72397,-0.0609307,0.448986,1.81955
368,0,-0.0370395,-0.2219,1.72719,-0.0609307,0.448986,1.81955
369,0,-0.0363409,-0.221495,1.72639,-0.0609307,0.448986,1.81955
370,0,-0.0372772,-0.221693,1.72766,-0.0609307,0.448986,1.81955
371,0,-0.0366075,-0.221383,1.72659,-0.0609307,0.448986,1.81955
372,0,-0.03725,-0.221515,1.72743,-0.0609307,0.448986,1.81955
373,0,-0.0365738,-0.221285,1.72568,-0.0609307,0.448986,1.81955
374,0,-0.037393,-0.221865,1.72572,-0.0609307,0.448986,1.81955
375,0,-0.0367241,-0.221086,1.72454,-0.0609307,0.448986,1.81955
376,0,-0.0357007,-0.222075,1.72458,-0.0609307,0.448986,1.81955
377,0,-0.0360074,-0.221603,1.72591,-0.0609307,0.448986,1.81955
378,0,-0.0350541,-0.221593,1.72778,-0.0609307,0.448986,1.81955
379,0,-0.0368202,-0.221796,1.72708,-0.0609307,0.448986,1.81955
380,0,-0.0369497,-0.221515,1.72736,-0.0609307,0.448986,1.81955
381,0,-0.036035,-0.221479,1.72659,-0.0609307,0.448986,1.81955
382,0,-0.0356753,-0.221236,1.7251,-0.0609307,0.448986,1.81955
383,0,-0.0366454,-0.221824,1.7241,-0.0609307,0.448986,1.81955
384,0,-0.036967,-0.222025,1.72931,-0.0609307,0.448986,1.81955
385,0,-0.0366942,-0.222151,1.72786,-0.0609307,0.448986,1.81955
386,0,-0.0366248,-0.222055,1.72758,-0.0609307,0.448986,1.81955
387,0,-0.0360558,-0.221574,1.72693,-0.0609307,0.448986,1.81955
388,0,-0.0367618,-0.222384,1.72326,-0.0609307,0.448986,1.81955
389,0,-0.0372292,-0.221631,1.72606,-0.0609307,0.448986,1.81955
390,0,-0.0369132,-0.22185,1.72505,-0.0609307,0.448986,1.81955
391,0,-0.0365321,-0.221884,1.72575,-0.0609307,0.448986,1.81955
392,0,-0.0368685,-0.222101,1.72514,-0.0609307,0.448986,1.81955
393,0,-0.0373432,-0.222723,1.72485,-0.0609307,0.448986,1.81955
394,0,-0.0368941,-0.222018,1.72648,-0.0609307,0.448986,1.81955
395,0,-0.0366737,-0.221923,1.72446,-0.0609307,0.448986,1.81955
396,0,-0.0365817,-0.222029,1.72409,-0.0609307,0.448986,1.81955
397,0,-0.0361572,-0.222201,1.72459,-0.0609307,0.448986,1.81955
398,0,-0.036213,-0.222107,1.72602,-0.0609307,0.448986,1.81955
399,0,-0.035747,-0.221986,1.72491,-0.0609307,0.448986,1.81955
400,0,-0.0345234,-0.223403,1.72243,-0.0609307,0.448986,1.81955
401,0,-0.0361725,-0.221763,1.72251,-0.0609307,0.448986,1.81955
402,0,-0.0362943,-0.221548,1.72381,-0.0609307,0.448986,1.81955
403,0,-0.0363577,-0.222129,1.72233,-0.0609307,0.448986,1.81955
404,0,-0.0364482,-0.222324,1.72442,-0.0609307,0.448986,1.81955
405,0,-0.0339738,-0.223687,1.72213,-0.0609307,0.448986,1.81955
406,0,-0.0405421,-0.21782,1.71385,-0.0609307,0.448986,1.81955
407,0,-0.0380345,-0.219932,1.71701,-0.0609307,0.448986,1.81955
408,1,-0.0365683,-0.221121,1.72025,-0.0609307,0.448986,1.81955
409,1,-0.0378609,-0.221843,1.71606,-0.0609307,0.448986,1.81955
410,1,-0.0355861,-0.222074,1.71698,-0.0609307,0.448986,1.81955
411,1,-0.036478,-0.222353,1.72087,-0.0609307,0.448986,1.81955
412,1,-0.0358719,-0.22239,1.71802,-0.0609307,0.448986,1.81955
413,1,-0.0363389,-0.221762,1.71871,-0.0609307,0.448986,1.81955
414,1,-0.0359279,-0.221742,1.71947,-0.0609307,0.448986,1.81955
415,1,-0.0355277,-0.221781,1.72199,-0.0609307,0.448986,1.81955
416,1,-0.0362121,-0.222588,1.72288,-0.0609307,0.448986,1.81955
417,1,-0.0360661,-0.222435,1.72103,-0.0609307,0.448986,1.81955
418,1,-0.0349814,-0.222269,1.7209,-0.0609307,0.448986,1.81955
419,1,-0.0359901,-0.222548,1.71981,-0.0609307,0.448986,1.81955
420,1,-0.0349053,-0.223663,1.71989,-0.0609307,0.448986,1.81955
421,1,-0.0346139,-0.223365,1.72068,-0.0609307,0.448986,1.81955
422,1,-0.0348976,-0.223731,1.72345,-0.0609307,0.448986,1.81955
423,1,-0.0336881,-0.223448,1.71928,-0.0609307,0.448986,1.81955
424,1,-0.0338917,-0.223501,1.72277,-0.0609307,0.448986,1.81955
425,1,-0.0339592,-0.223305,1.72078,-0.0609307,0.448986,1.81955
426,1,-0.0331351,-0.223364,1.72176,-0.0609307,0.448986,1.81955
427,1,-0.0342163,-0.223173,1.72026,-0.0609307,0.448986,1.81955
428,1,-0.033857,-0.223623,1.72228,-0.0609307,0.448986,1.81955
429,1,-0.0331609,-0.22305,1.72043,-0.0609307,0.448986,1.81955
430,1,-0.0345795,-0.223128,1.71991,-0.0609307,0.448986,1.81955
431,1,-0.0346358,-0.222876,1.72099,-0.0609307,0.448986,1.81955
432,1,-0.0353222,-0.222842,1.71979,-0.0609307,0.448986,1.81955
433,1,-0.0350067,-0.22356,1.72211,-0.0609307,0.448986,1.81955
434,1,-0.0364671,-0.223328,1.72119,-0.0609307,0.448986,1.81955
435,1,-0.0358821,-0.223103,1.72228,-0.0609307,0.448986,1.81955
436,1,-0.0344445,-0.22259,1.72085,-0.0609307,0.448986,1.81955
437,1,-0.0357644,-0.22337,1.72226,-0.0609307,0.448986,1.81955
438,1,-0.035144,-0.223174,1.72132,-0.0609307,0.448986,1.81955
439,1,-0.035876,-0.223054,1.72349,-0.0609307,0.448986,1.81955
440,1,-0.0356396,-0.223417,1.72187,-0.0609307,0.448986,1.81955
441,1,-0.0350696,-0.223095,1.72349,-0.0609307,0.448986,1.81955
442,1,-0.034853,-0.222945,1.71992,-0.0609307,0.448986,1.81955
443,1,-0.0341085,-0.22284,1.72218,-0.0609307,0.448986,1.81955
444,1,-0.0346674,-0.223163,1.72192,-0.0609307,0.448986,1.81955
445,1,-0.0348181,-0.222538,1.72232,-0.0609307,0.448986,1.81955
446,1,-0.0350147,-0.223166,1.72133,-0.0609307,0.448986,1.81955
447,1,-0.033654,-0.222331,1.7242,-0.0609307,0.448986,1.81955
448,1,-0.0328981,-0.221254,1.72302,-0.0609307,0.448986,1.81955
449,1,-0.0337122,-0.219047,1.71372,-0.0609307,0.448986,1.81955
450,1,-0.0348734,-0.212497,1.70517,-0.0609307,0.448986,1.81955
451,1,-0.0357939,-0.20283,1.69553,-0.0609307,0.448986,1.81955
452,1,-0.0404538,-0.195694,1.68031,-0.0609307,0.448986,1.81955
453,1,-0.0494139,-0.190398,1.66028,-0.0609307,0.448986,1.81955
454,1,-0.0592873,-0.188212,1.64153,-0.0609307,0.448986,1.81955
455,1,-0.0694561,-0.186943,1.62061,-0.0609307,0.448986,1.81955
456,1,-0.0779947,-0.187779,1.59385,-0.0609307,0.448986,1.81955
457,1,-0.0954067,-0.193314,1.58079,-0.0609307,0.448986,1.81955
458,1,-0.107568,-0.20018,1.56515,-0.0609307,0.448986,1.81955
459,1,-0.116236,-0.208676,1.55235,-0.0609307,0.448986,1.81955
460,1,-0.126922,-0.218972,1.54472,-0.0609307,0.448986,1.81955
461,1,-0.133324,-0.228818,1.53842,-0.0609307,0.448986,1.81955
462,1,-0.137134,-0.238675,1.53463,-0.0609307,0.448986,1.81955
463,1,-0.138581,-0.247469,1.53702,-0.0609307,0.448986,1.81955
464,1,-0.13661,-0.252624,1.53697,-0.0609307,0.448986,1.81955
465,1,-0.133749,-0.256457,1.53809,-0.0609307,0.448986,1.81955
466,1,-0.131898,-0.262049,1.53979,-0.0609307,0.448986,1.81955
467,1,-0.129111,-0.267832,1.52736,-0.0609307,0.448986,1.81955
468,1,-0.129659,-0.272981,1.51058,-0.0609307,0.448986,1.81955
469,1,-0.127542,-0.273388,1.48957,-0.0609307,0.448986,1.81955
470,1,-0.124859,-0.278819,1.46289,-0.0609307,0.448986,1.81955
471,1,-0.123717,-0.282445,1.43301,-0.0609307,0.448986,1.81955
472,1,-0.121035,-0.285295,1.40296,-0.0609307,0.448986,1.81955
473,1,-0.121481,-0.290565,1.37658,-0.0609307,0.448986,1.81955
474,1,-0.123282,-0.295403,1.35414,-0.0609307,0.448986,1.81955
475,1,-0.124558,-0.299313,1.33801,-0.0609307,0.448986,1.81955
476,1,-0.124024,-0.301293,1.32772,-0.0609307,0.448986,1.81955
477,1,-0.125171,-0.302315,1.32584,-0.0609307,0.448986,1.81955
478,1,-0.125151,-0.302899,1.3306,-0.0609307,0.448986,1.81955
479,1,-0.126007,-0.303152,1.34324,-0.0609307,0.448986,1.81955
480,1,-0.129128,-0.302218,1.36155,-0.0609307,0.448986,1.81955
481,1,-0.131949,-0.299986,1.388,-0.0609307,0.448986,1.81955
482,1,-0.134371,-0.295344,1.41936,-0.0609307,0.448986,1.81955
483,1,-0.136715,-0.289529,1.45381,-0.0609307,0.448986,1.81955
484,1,-0.138629,-0.285268,1.48074,-0.0609307,0.448986,1.81955
485,1,-0.140853,-0.278733,1.50367,-0.0609307,0.448986,1.81955
486,1,-0.144988,-0.276449,1.51802,-0.0609307,0.448986,1.81955
487,1,-0.149096,-0.274194,1.52364,-0.0609307,0.448986,1.81955
488,1,-0.150639,-0.272902,1.517,-0.0609307,0.448986,1.81955
489,1,-0.150225,-0.272958,1.50223,-0.0609307,0.448986,1.81955
490,1,-0.149785,-0.276785,1.47944,-0.0609307,0.448986,1.81955
491,1,-0.149233,-0.280436,1.44979,-0.0609307,0.448986,1.81955
492,1,-0.145272,-0.283654,1.41626,-0.0609307,0.448986,1.81955
493,1,-0.143537,-0.288084,1.38313,-0.0609307,0.448986,1.81955
494,1,-0.142617,-0.293731,1.35554,-0.0609307,0.448986,1.81955
495,1,-0.141148,-0.298978,1.33406,-0.0609307,0.448986,1.81955
496,1,-0.141756,-0.302239,1.31984,-0.0609307,0.448986,1.81955
497,1,-0.139535,-0.302196,1.31259,-0.0609307,0.448986,1.81955
498,1,-0.139384,-0.303909,1.31098,-0.0609307,0.448986,1.81955
499,1,-0.140421,-0.303562,1.31432,-0.0609307,0.448986,1.81955
500,1,-0.140484,-0.301896,1.3249,-0.0609307,0.448986,1.81955
501,1,-0.142215,-0.300551,1.3417,-0.0609307,0.448986,1.81955
502,1,-0.146486,-0.298843,1.36431,-0.0609307,0.448986,1.81955
503,1,-0.150327,-0.294861,1.39367,-0.0609307,0.448986,1.81955
504,1,-0.150917,-0.289295,1.4264,-0.0609307,0.448986,1.81955
505,1,-0.153064,-0.281557,1.45918,-0.0609307,0.448986,1.81955
506,1,-0.158114,-0.273929,1.48891,-0.0609307,0.448986,1.81955
507,1,-0.16299,-0.26733,1.51054,-0.0609307,0.448986,1.81955
508,1,-0.166271,-0.263971,1.52259,-0.0609307,0.448986,1.81955
509,1,-0.171497,-0.263229,1.53307,-0.0609307,0.448986,1.81955
510,1,-0.171036,-0.26231,1.53478,-0.0609307,0.448986,1.81955
511,1,-0.169688,-0.260833,1.52823,-0.0609307,0.448986,1.81955
512,1,-0.169463,-0.261857,1.51153,-0.0609307,0.448986,1.81955
513,1,-0.168114,-0.263062,1.48517,-0.0609307,0.448986,1.81955
514,1,-0.164435,-0.265202,1.45552,-0.0609307,0.448986,1.81955
515,1,-0.16243,-0.269338,1.42147,-0.0609307,0.448986,1.81955
516,1,-0.158129,-0.271457,1.387,-0.0609307,0.448986,1.81955
517,1,-0.155758,-0.274687,1.36133,-0.0609307,0.448986,1.81955
518,1,-0.153329,-0.277587,1.34031,-0.0609307,0.448986,1.81955
519,1,-0.150999,-0.279551,1.32412,-0.0609307,0.448986,1.81955
520,1,-0.147997,-0.277752,1.31691,-0.0609307,0.448986,1.81955
521,1,-0.145903,-0.277602,1.31245,-0.0609307,0.448986,1.81955
522,1,-0.146571,-0.277167,1.3128,-0.0609307,0.448986,1.81955
523,1,-0.147173,-0.275261,1.32105,-0.0609307,0.448986,1.81955
524,1,-0.148409,-0.273064,1.33501,-0.0609307,0.448986,1.81955
525,1,-0.149943,-0.271339,1.35717,-0.0609307,0.448986,1.81955
526,1,-0.151403,-0.268098,1.3807,-0.0609307,0.448986,1.81955
527,1,-0.152837,-0.262483,1.41065,-0.0609307,0.448986,1.81955
528,1,-0.156655,-0.258032,1.44519,-0.0609307,0.448986,1.81955
529,1,-0.158963,-0.25512,1.47444,-0.0609307,0.448986,1.81955
530,1,-0.16155,-0.252,1.49952,-0.0609307,0.448986,1.81955
531,1,-0.165441,-0.250951,1.52005,-0.0609307,0.448986,1.81955
532,1,-0.16635,-0.247809,1.53456,-0.0609307,0.448986,1.81955
533,1,-0.166115,-0.244693,1.54003,-0.0609307,0.448986,1.81955
534,1,-0.167079,-0.24547,1.53527,-0.0609307,0.448986,1.81955
535,1,-0.164219,-0.247921,1.51979,-0.0609307,0.448986,1.81955
536,1,-0.162443,-0.252082,1.50183,-0.0609307,0.448986,1.81955
537,1,-0.159858,-0.25811,1.47496,-0.0609307,0.448986,1.81955
538,1,-0.15341,-0.263443,1.44603,-0.0609307,0.448986,1.81955
539,1,-0.150381,-0.268144,1.41258,-0.0609307,0.448986,1.81955
540,1,-0.146945,-0.271894,1.38129,-0.0609307,0.448986,1.81955
541,1,-0.143402,-0.273866,1.35341,-0.0609307,0.448986,1.81955
542,1,-0.142082,-0.276241,1.33452,-0.0609307,0.448986,1.81955
543,1,-0.140285,-0.27934,1.32032,-0.0609307,0.448986,1.81955
544,1,-0.135874,-0.279823,1.31372,-0.0609307,0.448986,1.81955
545,1,-0.133415,-0.280285,1.3107,-0.0609307,0.448986,1.81955
546,1,-0.131258,-0.280356,1.31037,-0.0609307,0.448986,1.81955
547,1,-0.130942,-0.280578,1.31761,-0.0609307,0.448986,1.81955
548,1,-0.1304,-0.280688,1.331,-0.0609307,0.448986,1.81955
549,1,-0.128548,-0.281026,1.34777,-0.0609307,0.448986,1.81955
550,1,-0.129015,-0.279752,1.36634,-0.0609307,0.448986,1.81955
551,1,-0.12934,-0.276956,1.38921,-0.0609307,0.448986,1.81955
552,1,-0.132369,-0.275405,1.40988,-0.0609307,0.448986,1.81955
553,1,-0.137558,-0.273206,1.43066,-0.0609307,0.448986,1.81955
554,1,-0.141511,-0.272711,1.44879,-0.0609307,0.448986,1.81955
555,1,-0.145195,-0.27218,1.46431,-0.0609307,0.448986,1.81955
556,1,-0.145968,-0.271077,1.47517,-0.0609307,0.448986,1.81955
557,1,-0.147539,-0.270675,1.48039,-0.0609307,0.448986,1.81955
558,1,-0.146611,-0.269714,1.48763,-0.0609307,0.448986,1.81955
559,1,-0.145494,-0.269325,1.49142,-0.0609307,0.448986,1.81955
560,1,-0.145154,-0.270824,1.49107,-0.0609307,0.448986,1.81955
561,1,-0.144807,-0.26927,1.49018,-0.0609307,0.448986,1.81955
562,1,-0.146285,-0.266093,1.48564,-0.0609307,0.448986,1.81955
563,1,-0.146024,-0.258127,1.48087,-0.0609307,0.448986,1.81955
564,1,-0.146359,-0.246455,1.47707,-0.0609307,0.448986,1.81955
565,1,-0.146682,-0.231308,1.47548,-0.0609307,0.448986,1.81955
566,1,-0.148025,-0.21456,1.47393,-0.0609307,0.448986,1.81955
567,1,-0.153084,-0.195621,1.47357,-0.0609307,0.448986,1.81955
568,1,-0.162075,-0.17647,1.47488,-0.0609307,0.448986,1.81955
569,1,-0.169567,-0.155268,1.48076,-0.0609307,0.448986,1.81955
570,1,-0.18272,-0.135748,1.48852,-0.0609307,0.448986,1.81955
571,1,-0.194262,-0.115568,1.49569,-0.0609307,0.448986,1.81955
572,1,-0.213585,-0.0962539,1.50357,-0.0609307,0.448986,1.81955
573,1,-0.226248,-0.0763721,1.51245,-0.0609307,0.448986,1.81955
574,1,-0.248311,-0.062269,1.52327,-0.0609307,0.448986,1.81955
575,1,-0.267059,-0.0510887,1.53565,-0.0609307,0.448986,1.81955
576,1,-0.292241,-0.0463405,1.55122,-0.0609307,0.448986,1.81955
577,1,-0.311056,-0.04595,1.56986,-0.0609307,0.448986,1.81955
578,1,-0.326761,-0.0511094,1.58691,-0.0609307,0.448986,1.81955
579,1,-0.341804,-0.0629822,1.59915,-0.0609307,0.448986,1.81955
580,1,-0.359227,-0.0753801,1.62075,-0.0609307,0.448986,1.81955
581,1,-0.35956,-0.089882,1.62866,-0.0609307,0.448986,1.81955
582,1,-0.377654,-0.100376,1.65235,-0.0609307,0.448986,1.81955
583,1,-0.378967,-0.120321,1.66685,-0.0609307,0.448986,1.81955
584,1,-0.381486,-0.13691,1.67527,-0.0609307,0.448986,1.81955
585,1,-0.384611,-0.150848,1.68511,-0.0609307,0.448986,1.81955
586,1,-0.382729,-0.162051,1.68022,-0.0609307,0.448986,1.81955
587,1,-0.388275,-0.172166,1.68891,-0.0609307,0.448986,1.81955
588,1,-0.388903,-0.176024,1.69939,-0.0609307,0.448986,1.81955
589,1,-0.389307,-0.180312,1.6965,-0.0609307,0.448986,1.81955
590,1,-0.386106,-0.183002,1.68976,-0.0609307,0.448986,1.81955
591,1,-0.386195,-0.183077,1.68953,-0.0609307,0.448986,1.81955
592,1,-0.386059,-0.182932,1.68818,-0.0609307,0.448986,1.81955
593,1,-0.386972,-0.18119,1.6914,-0.0609307,0.448986,1.81955
594,1,-0.385781,-0.182807,1.69131,-0.0609307,0.448986,1.81955
595,1,-0.386878,-0.183301,1.69012,-0.0609307,0.448986,1.81955
596,1,-0.385121,-0.182554,1.69019,-0.0609307,0.448986,1.81955
597,0,-0.384087,-0.183699,1.69064,-0.0609307,0.448986,1.81955
598,0,-0.384691,-0.183368,1.69062,-0.0609307,0.448986,1.81955
599,0,-0.38362,-0.18384,1.68786,-0.0609307,0.448986,1.81955
600,0,-0.384219,-0.183341,1.69012,-0.0609307,0.448986,1.81955
601,0,-0.384362,-0.183235,1.68992,-0.0609307,0.448986,1.81955
602,0,-0.383525,-0.184413,1.68742,-0.0609307,0.448986,1.81955
603,0,-0.38563,-0.182215,1.69376,-0.0609307,0.448986,1.81955
604,0,-0.38577,-0.182557,1.69197,-0.0609307,0.448986,1.81955
605,0,-0.385044,-0.182587,1.69366,-0.0609307,0.448986,1.81955
606,0,-0.385447,-0.183291,1.69288,-0.0609307,0.448986,1.81955
607,0,-0.384014,-0.183894,1.69177,-0.0609307,0.448986,1.81955
608,0,-0.383996,-0.183076,1.68912,-0.0609307,0.448986,1.81955
609,0,-0.384179,-0.183786,1.69056,-0.0609307,0.448986,1.81955
610,0,-0.384346,-0.183133,1.68987,-0.0609307,0.448986,1.81955
611,0,-0.385705,-0.183221,1.68954,-0.0609307,0.448986,1.81955
612,0,-0.385344,-0.183043,1.69081,-0.0609307,0.448986,1.81955
613,0,-0.385577,-0.18362,1.69055,-0.0609307,0.448986,1.81955
614,0,-0.383862,-0.182953,1.68908,-0.0609307,0.448986,1.81955
615,0,-0.385427,-0.183165,1.69203,-0.0609307,0.448986,1.81955
616,0,-0.384386,-0.183396,1.68999,-0.0609307,0.448986,1.81955
617,0,-0.382835,-0.181831,1.68747,-0.0609307,0.448986,1.81955
618,0,-0.384502,-0.182085,1.68931,-0.0609307,0.448986,1.81955
619,0,-0.384263,-0.180808,1.68881,-0.0609307,0.448986,1.81955
620,0,-0.385334,-0.181437,1.69019,-0.0609307,0.448986,1.81955
621,0,-0.385902,-0.181933,1.69117,-0.0609307,0.448986,1.81955
622,0,-0.384824,-0.182313,1.68913,-0.0609307,0.448986,1.81955
623,0,-0.386848,-0.180926,1.69485,-0.0609307,0.448986,1.81955
624,0,-0.383985,-0.182175,1.68896,-0.0609307,0.448986,1.81955
625,0,-0.383886,-0.182425,1.68853,-0.0609307,0.448986,1.81955
626,0,-0.383607,-0.182021,1.6898,-0.0609307,0.448986,1.81955
627,0,-0.383895,-0.182553,1.68613,-0.0609307,0.448986,1.81955
628,0,-0.384343,-0.182453,1.68897,-0.0609307,0.448986,1.81955
629,0,-0.383548,-0.182199,1.6873,-0.0609307,0.448986,1.81955
630,0,-0.383024,-0.182136,1.689,-0.0609307,0.448986,1.81955
631,0,-0.38366,-0.182017,1.69038,-0.0609307,0.448986,1.81955
632,0,-0.384133,-0.182911,1.68394,-0.0609307,0.448986,1.81955
633,0,-0.384604,-0.183512,1.68741,-0.0609307,0.448986,1.81955
634,0,-0.384767,-0.182241,1.68944,-0.0609307,0.448986,1.81955
635,0,-0.382441,-0.182129,1.68908,-0.0609307,0.448986,1.81955
636,0,-0.386423,-0.181248,1.69294,-0.0609307,0.448986,1.81955
637,0,-0.384679,-0.182238,1.68803,-0.0609307,0.448986,1.81955
638,0,-0.38315,-0.18296,1.68773,-0.0609307,0.448986,1.81955
639,0,-0.385141,-0.182193,1.68794,-0.0609307,0.448986,1.81955
640,0,-0.385995,-0.18185,1.69272,-0.0609307,0.448986,1.81955
641,0,-0.384686,-0.183165,1.68772,-0.0609307,0.448986,1.81955
642,0,-0.383288,-0.181625,1.68722,-0.0609307,0.448986,1.81955
643,0,-0.383517,-0.182651,1.68785,-0.0609307,0.448986,1.81955
644,0,-0.385139,-0.181522,1.69138,-0.0609307,0.448986,1.81955
645,0,-0.384514,-0.182561,1.68732,-0.0609307,0.448986,1.81955
646,0,-0.382871,-0.181408,1.68636,-0.0609307,0.448986,1.81955
647,0,-0.383419,-0.181748,1.68765,-0.0609307,0.448986,1.81955
648,0,-0.383259,-0.182333,1.68669,-0.0609307,0.448986,1.81955
649,0,-0.383129,-0.182359,1.68682,-0.0609307,0.448986,1.81955
650,0,-0.382701,-0.182224,1.68549,-0.0609307,0.448986,1.81955
651,0,-0.38295,-0.181944,1.68717,-0.0609307,0.448986,1.81955
652,0,-0.383463,-0.182318,1.68753,-0.0609307,0.448986,1.81955
653,0,-0.3829,-0.182073,1.68751,-0.0609307,0.448986,1.81955
654,0,-0.383109,-0.181312,1.68794,-0.0609307,0.448986,1.81955
655,0,-0.383536,-0.181628,1.6868,-0.0609307,0.448986,1.81955
656,0,-0.38339,-0.181854,1.6857,-0.0609307,0.448986,1.81955
657,0,-0.38304,-0.181998,1.68636,-0.0609307,0.448986,1.81955
658,0,-0.384256,-0.182167,1.68615,-0.0609307,0.448986,1.81955
659,0,-0.383354,-0.182458,1.68694,-0.0609307,0.448986,1.81955
660,0,-0.383648,-0.182314,1.68644,-0.0609307,0.448986,1.81955
661,0,-0.38512,-0.18281,1.68864,-0.0609307,0.448986,1.81955
662,0,-0.383482,-0.181583,1.6866,-0.0609307,0.448986,1.81955
663,0,-0.383767,-0.181748,1.68872,-0.0609307,0.448986,1.81955
664,0,-0.385753,-0.181323,1.69045,-0.0609307,0.448986,1.81955
665,0,-0.384087,-0.181819,1.68796,-0.0609307,0.448986,1.81955
666,0,-0.385409,-0.18204,1.68774,-0.0609307,0.448986,1.81955
667,0,-0.384255,-0.182325,1.68737,-0.0609307,0.448986,1.81955
668,0,-0.385052,-0.182905,1.68792,-0.0609307,0.448986,1.81955
669,0,-0.385118,-0.181728,1.68906,-0.0609307,0.448986,1.81955
670,0,-0.384121,-0.183027,1.68642,-0.0609307,0.448986,1.81955
671,0,-0.383657,-0.181579,1.68896,-0.0609307,0.448986,1.81955
672,0,-0.384533,-0.182718,1.68833,-0.0609307,0.448986,1.81955
673,0,-0.385033,-0.182669,1.68541,-0.0609307,0.448986,1.81955
674,0,-0.384266,-0.18232,1.68591,-0.0609307,0.448986,1.81955
675,0,-0.384575,-0.182228,1.6882,-0.0609307,0.448986,1.81955
676,0,-0.384525,-0.182052,1.68696,-0.0609307,0.448986,1.81955
677,0,-0.384998,-0.182893,1.68738,-0.0609307,0.448986,1.81955
678,0,-0.384451,-0.182037,1.68696,-0.0609307,0.448986,1.81955
679,0,-0.382995,-0.182473,1.68647,-0.0609307,0.448986,1.81955
680,0,-0.383844,-0.182843,1.68629,-0.0609307,0.448986,1.81955
681,0,-0.385599,-0.182698,1.68764,-0.0609307,0.448986,1.81955
682,0,-0.383878,-0.182135,1.68782,-0.0609307,0.448986,1.81955
683,0,-0.385041,-0.183457,1.68729,-0.0609307,0.448986,1.81955
684,0,-0.384452,-0.183522,1.68604,-0.0609307,0.448986,1.81955
685,0,-0.383745,-0.182549,1.68774,-0.0609307,0.448986,1.81955
686,0,-0.384905,-0.183578,1.68634,-0.0609307,0.448986,1.81955
687,0,-0.383529,-0.183525,1.68604,-0.0609307,0.448986,1.81955
688,0,-0.38473,-0.183046,1.68949,-0.0609307,0.448986,1.81955
689,0,-0.384095,-0.182937,1.68687,-0.0609307,0.448986,1.81955
690,0,-0.384848,-0.183583,1.68752,-0.0609307,0.448986,1.81955
691,0,-0.384405,-0.182388,1.68889,-0.0609307,0.448986,1.81955
692,0,-0.384589,-0.182768,1.68825,-0.0609307,0.448986,1.81955
693,0,-0.383536,-0.181495,1.68723,-0.0609307,0.448986,1.81955
694,0,-0.385085,-0.182572,1.6876,-0.0609307,0.448986,1.81955
695,0,-0.384127,-0.183353,1.68714,-0.0609307,0.448986,1.81955
696,0,-0.384719,-0.183466,1.68718,-0.0609307,0.448986,1.81955
697,0,-0.385217,-0.182941,1.68676,-0.0609307,0.448986,1.81955
698,0,-0.384291,-0.182785,1.68917,-0.0609307,0.448986,1.81955
699,0,-0.384979,-0.182875,1.68595,-0.0609307,0.448986,1.81955
700,0,-0.384826,-0.183141,1.68845,-0.0609307,0.448986,1.81955
701,0,-0.384349,-0.182724,1.68902,-0.0609307,0.448986,1.81955
702,0,-0.384172,-0.183381,1.6864,-0.0609307,0.448986,1.81955
703,0,-0.383429,-0.183286,1.68685,-0.0609307,0.448986,1.81955
704,0,-0.384175,-0.182112,1.68812,-0.0609307,0.448986,1.81955
705,0,-0.384842,-0.183242,1.68971,-0.0609307,0.448986,1.81955
706,0,-0.384838,-0.18328,1.68737,-0.0609307,0.448986,1.81955
707,0,-0.384727,-0.183371,1.6861,-0.0609307,0.448986,1.81955
708,0,-0.384646,-0.182269,1.68992,-0.0609307,0.448986,1.81955
709,0,-0.383478,-0.183292,1.68768,-0.0609307,0.448986,1.81955
710,0,-0.383736,-0.182892,1.68751,-0.0609307,0.448986,1.81955
711,0,-0.385054,-0.182103,1.69195,-0.0609307,0.448986,1.81955
712,0,-0.384194,-0.182853,1.68868,-0.0609307,0.448986,1.81955
713,0,-0.384179,-0.18255,1.68635,-0.0609307,0.448986,1.81955
714,0,-0.385105,-0.182499,1.69086,-0.0609307,0.448986,1.81955
715,0,-0.38704,-0.181609,1.69133,-0.0609307,0.448986,1.81955
716,0,-0.385212,-0.182046,1.68808,-0.0609307,0.448986,1.81955
717,0,-0.384702,-0.181679,1.68544,-0.0609307,0.448986,1.81955
718,1,-0.385599,-0.181435,1.68602,-0.0609307,0.448986,1.81955
719,1,-0.383172,-0.181448,1.68475,-0.0609307,0.448986,1.81955
720,1,-0.384721,-0.181775,1.68722,-0.0609307,0.448986,1.81955
721,1,-0.384567,-0.183036,1.68669,-0.0609307,0.448986,1.81955
722,1,-0.385337,-0.182318,1.68807,-0.0609307,0.448986,1.81955
723,1,-0.384689,-0.181062,1.68683,-0.0609307,0.448986,1.81955
724,1,-0.385754,-0.181127,1.68955,-0.0609307,0.448986,1.81955
725,1,-0.383976,-0.181389,1.68549,-0.0609307,0.448986,1.81955
726,1,-0.382654,-0.181744,1.68809,-0.0609307,0.448986,1.81955
727,1,-0.383434,-0.181275,1.6859,-0.0609307,0.448986,1.81955
728,1,-0.38471,-0.181215,1.68776,-0.0609307,0.448986,1.81955
729,1,-0.384224,-0.1825,1.68663,-0.0609307,0.448986,1.81955
730,1,-0.384411,-0.181746,1.69239,-0.0609307,0.448986,1.81955
731,1,-0.384855,-0.180586,1.69203,-0.0609307,0.448986,1.81955
732,1,-0.383541,-0.182229,1.6885,-0.0609307,0.448986,1.81955
733,1,-0.383903,-0.18095,1.68757,-0.0609307,0.448986,1.81955
734,1,-0.383596,-0.181968,1.68758,-0.0609307,0.448986,1.81955
735,1,-0.383845,-0.181409,1.68794,-0.0609307,0.448986,1.81955
736,1,-0.38492,-0.179993,1.69275,-0.0609307,0.448986,1.81955
737,1,-0.383519,-0.182372,1.68624,-0.0609307,0.448986,1.81955
738,1,-0.382872,-0.18222,1.68504,-0.0609307,0.448986,1.81955
739,1,-0.38286,-0.181946,1.68464,-0.0609307,0.448986,1.81955
740,1,-0.384469,-0.179149,1.69315,-0.0609307,0.448986,1.81955
741,1,-0.383557,-0.181593,1.68699,-0.0609307,0.448986,1.81955
742,1,-0.384266,-0.181544,1.68874,-0.0609307,0.448986,1.81955
743,1,-0.384575,-0.180937,1.68471,-0.0609307,0.448986,1.81955
744,1,-0.382792,-0.181142,1.68567,-0.0609307,0.448986,1.81955
746,1,-0.384815,-0.181551,1.6871,-0.0609307,0.448986,1.81955
747,1,-0.386218,-0.181692,1.69213,-0.0609307,0.448986,1.81955
748,1,-0.386332,-0.180237,1.69337,-0.0609307,0.448986,1.81955
749,1,-0.386708,-0.180425,1.69349,-0.0609307,0.448986,1.81955
750,1,-0.386994,-0.180559,1.69391,-0.0609307,0.448986,1.81955
751,1,-0.385935,-0.181778,1.68615,-0.0609307,0.448986,1.81955
752,1,-0.386792,-0.181162,1.69169,-0.0609307,0.448986,1.81955
753,1,-0.386638,-0.181668,1.6901,-0.0609307,0.448986,1.81955
754,1,-0.384409,-0.18229,1.6868,-0.0609307,0.448986,1.81955
755,1,-0.385686,-0.183061,1.68698,-0.0609307,0.448986,1.81955
756,1,-0.384713,-0.182897,1.68604,-0.0609307,0.448986,1.81955
757,1,-0.384988,-0.18226,1.68789,-0.0609307,0.448986,1.81955
758,1,-0.384118,-0.182486,1.68498,-0.0609307,0.448986,1.81955
759,1,-0.387136,-0.18054,1.69228,-0.0609307,0.448986,1.81955
760,1,-0.385627,-0.180487,1.68835,-0.0609307,0.448986,1.81955
761,1,-0.385227,-0.181567,1.68643,-0.0609307,0.448986,1.81955
762,1,-0.387671,-0.180674,1.69205,-0.0609307,0.448986,1.81955
763,1,-0.383905,-0.182115,1.68521,-0.0609307,0.448986,1.81955
764,1,-0.386234,-0.182238,1.6888,-0.0609307,0.448986,1.81955
765,1,-0.386129,-0.182867,1.69037,-0.0609307,0.448986,1.81955
766,1,-0.385668,-0.180073,1.69142,-0.0609307,0.448986,1.81955
767,1,-0.387621,-0.181219,1.69391,-0.0609307,0.448986,1.81955
768,1,-0.386137,-0.180349,1.68927,-0.0609307,0.448986,1.81955
769,1,-0.387491,-0.180388,1.6922,-0.0609307,0.448986,1.81955
770,1,-0.385829,-0.18235,1.68694,-0.0609307,0.448986,1.81955
771,1,-0.383492,-0.182752,1.68462,-0.0609307,0.448986,1.81955
772,1,-0.384607,-0.181428,1.68801,-0.0609307,0.448986,1.81955
773,1,-0.384245,-0.182132,1.68568,-0.0609307,0.448986,1.81955
774,1,-0.383744,-0.181776,1.68562,-0.0609307,0.448986,1.81955
775,1,-0.384745,-0.182043,1.68622,-0.0609307,0.448986,1.81955
776,1,-0.382942,-0.182337,1.68588,-0.0609307,0.448986,1.81955
777,1,-0.383277,-0.182351,1.68508,-0.0609307,0.448986,1.81955
778,1,-0.384515,-0.183316,1.68714,-0.0609307,0.448986,1.81955
779,1,-0.383851,-0.182423,1.68833,-0.0609307,0.448986,1.81955
780,1,-0.388154,-0.180951,1.69449,-0.0609307,0.448986,1.81955
781,1,-0.386145,-0.181135,1.69382,-0.0609307,0.448986,1.81955
782,1,-0.386982,-0.180485,1.69299,-0.0609307,0.448986,1.81955
783,1,-0.385705,-0.182631,1.6881,-0.0609307,0.448986,1.81955
784,1,-0.383975,-0.180552,1.68758,-0.0609307,0.448986,1.81955
785,1,-0.385594,-0.181431,1.68957,-0.0609307,0.448986,1.81955
786,1,-0.387941,-0.181529,1.69507,-0.0609307,0.448986,1.81955
787,1,-0.384303,-0.18253,1.68951,-0.0609307,0.448986,1.81955
788,1,-0.386757,-0.180656,1.69261,-0.0609307,0.448986,1.81955
789,1,-0.387624,-0.181453,1.69275,-0.0609307,0.448986,1.81955
790,1,-0.386827,-0.181152,1.69156,-0.0609307,0.448986,1.81955
791,1,-0.385632,-0.183015,1.68745,-0.0609307,0.448986,1.81955
792,1,-0.38198,-0.182355,1.68574,-0.0609307,0.448986,1.81955
793,1,-0.383623,-0.181563,1.68644,-0.0609307,0.448986,1.81955
794,1,-0.383415,-0.182169,1.6869,-0.0609307,0.448986,1.81955
795,1,-0.38683,-0.179832,1.69328,-0.0609307,0.448986,1.81955
796,1,-0.38616,-0.179189,1.68711,-0.0609307,0.448986,1.81955
797,1,-0.3841,-0.177944,1.68307,-0.0609307,0.448986,1.81955
798,1,-0.380836,-0.171315,1.67381,-0.0609307,0.448986,1.81955
800,1,-0.372036,-0.155376,1.65984,-0.0609307,0.448986,1.81955
801,1,-0.362937,-0.139057,1.65222,-0.0609307,0.448986,1.81955
802,1,-0.35065,-0.126884,1.63763,-0.0609307,0.448986,1.81955
803,1,-0.335522,-0.111811,1.62726,-0.0609307,0.448986,1.81955
804,1,-0.319072,-0.0984733,1.61485,-0.0609307,0.448986,1.81955
805,1,-0.299293,-0.0870128,1.60477,-0.0609307,0.448986,1.81955
806,1,-0.276088,-0.0750513,1.59294,-0.0609307,0.448986,1.81955
807,1,-0.246763,-0.0627078,1.58304,-0.0609307,0.448986,1.81955
808,1,-0.219895,-0.0517143,1.57794,-0.0609307,0.448986,1.81955
809,1,-0.190931,-0.04175,1.57388,-0.0609307,0.448986,1.81955
810,1,-0.165432,-0.0344053,1.579,-0.0609307,0.448986,1.81955
811,1,-0.132824,-0.0275608,1.58315,-0.0609307,0.448986,1.81955
812,1,-0.0971955,-0.0218245,1.58585,-0.0609307,0.448986,1.81955
813,1,-0.0560871,-0.0209098,1.58629,-0.0609307,0.448986,1.81955
814,1,-0.025954,-0.0247947,1.59574,-0.0609307,0.448986,1.81955
815,1,0.0235853,-0.0300909,1.59821,-0.0609307,0.448986,1.81955
816,1,0.0528931,-0.0359676,1.61638,-0.0609307,0.448986,1.81955
817,1,0.0943875,-0.0442717,1.63216,-0.0609307,0.448986,1.81955
818,1,0.132048,-0.0558093,1.64368,-0.0609307,0.448986,1.81955
819,1,0.167561,-0.0671834,1.66172,-0.0609307,0.448986,1.81955
820,1,0.197454,-0.0818298,1.67887,-0.0609307,0.448986,1.81955
821,1,0.22906,-0.0946888,1.70048,-0.0609307,0.448986,1.81955
822,1,0.25079,-0.111889,1.71775,-0.0609307,0.448986,1.81955
823,1,0.273507,-0.125552,1.73193,-0.0609307,0.448986,1.81955
824,1,0.2831,-0.143393,1.73935,-0.0609307,0.448986,1.81955
825,1,0.295919,-0.156031,1.74855,-0.0609307,0.448986,1.81955
826,1,0.307131,-0.165018,1.75621,-0.0609307,0.448986,1.81955
827,1,0.309891,-0.175972,1.76368,-0.0609307,0.448986,1.81955
828,1,0.312232,-0.183937,1.76784,-0.0609307,0.448986,1.81955
829,1,0.317098,-0.191183,1.77297,-0.0609307,0.448986,1.81955
830,1,0.318853,-0.197775,1.77875,-0.0609307,0.448986,1.81955
831,1,0.318901,-0.204096,1.78043,-0.0609307,0.448986,1.81955
832,1,0.320656,-0.209031,1.78346,-0.0609307,0.448986,1.81955
833,1,0.321958,-0.211902,1.786,-0.0609307,0.448986,1.81955
834,1,0.317042,-0.215406,1.78179,-0.0609307,0.448986,1.81955
835,1,0.31912,-0.214758,1.78278,-0.0609307,0.448986,1.81955
836,1,0.318315,-0.218397,1.78091,-0.0609307,0.448986,1.81955
837,1,0.321897,-0.216362,1.78575,-0.0609307,0.448986,1.81955
838,1,0.320935,-0.215652,1.78288,-0.0609307,0.448986,1.81955
839,1,0.322117,-0.216784,1.7829,-0.0609307,0.448986,1.81955
840,1,0.321191,-0.217156,1.78257,-0.0609307,0.448986,1.81955
841,1,0.319893,-0.216295,1.78072,-0.0609307,0.448986,1.81955
842,1,0.317684,-0.215018,1.78351,-0.0609307,0.448986,1.81955
843,1,0.299278,-0.217805,1.77448,-0.0609307,0.448986,1.81955
844,1,0.315579,-0.215444,1.79223,-0.0609307,0.448986,1.81955
845,0,0.316151,-0.215552,1.79169,-0.0609307,0.448986,1.81955
846,0,0.315325,-0.215252,1.79056,-0.0609307,0.448986,1.81955
847,0,0.31508,-0.215245,1.79177,-0.0609307,0.448986,1.81955
848,0,0.314927,-0.215195,1.79386,-0.0609307,0.448986,1.81955
849,0,0.316641,-0.215198,1.79097,-0.0609307,0.448986,1.81955
850,0,0.316163,-0.214859,1.79173,-0.0609307,0.448986,1.81955
851,0,0.315323,-0.215162,1.79124,-0.0609307,0.448986,1.81955
852,0,0.315169,-0.214849,1.79377,-0.0609307,0.448986,1.81955
853,0,0.314974,-0.215115,1.79096,-0.0609307,0.448986,1.81955
854,0,0.314778,-0.214718,1.78898,-0.0609307,0.448986,1.81955
855,0,0.315193,-0.216224,1.78921,-0.0609307,0.448986,1.81955
856,0,0.315677,-0.214712,1.79091,-0.0609307,0.448986,1.81955
857,0,0.315501,-0.216291,1.78778,-0.0609307,0.448986,1.81955
858,0,0.316572,-0.215713,1.79147,-0.0609307,0.448986,1.81955
859,0,0.316799,-0.21527,1.79296,-0.0609307,0.448986,1.81955
860,0,0.31579,-0.215539,1.79111,-0.0609307,0.448986,1.81955
861,0,0.315163,-0.215033,1.79033,-0.0609307,0.448986,1.81955
862,0,0.315369,-0.214483,1.79062,-0.0609307,0.448986,1.81955
863,0,0.316803,-0.215,1.78938,-0.0609307,0.448986,1.81955
864,0,0.316096,-0.215303,1.79344,-0.0609307,0.448986,1.81955
865,0,0.315196,-0.215056,1.79305,-0.0609307,0.448986,1.81955
866,0,0.314908,-0.21472,1.79432,-0.0609307,0.448986,1.81955
867,0,0.315506,-0.215281,1.79484,-0.0609307,0.448986,1.81955
868,0,0.313815,-0.214461,1.79221,-0.0609307,0.448986,1.81955
869,0,0.314854,-0.214854,1.79091,-0.0609307,0.448986,1.81955
870,0,0.316172,-0.215569,1.78938,-0.0609307,0.448986,1.81955
871,0,0.315218,-0.214867,1.79068,-0.0609307,0.448986,1.81955
872,0,0.316297,-0.214666,1.79372,-0.0609307,0.448986,1.81955
873,0,0.315976,-0.214177,1.79327,-0.0609307,0.448986,1.81955
874,0,0.316833,-0.214636,1.79182,-0.0609307,0.448986,1.81955
875,0,0.315503,-0.215228,1.79153,-0.0609307,0.448986,1.81955
876,0,0.316477,-0.214859,1.79166,-0.0609307,0.448986,1.81955
877,0,0.313983,-0.21462,1.79092,-0.0609307,0.448986,1.81955
878,0,0.315522,-0.214362,1.79073,-0.0609307,0.448986,1.81955
879,0,0.315295,-0.215643,1.79269,-0.0609307,0.448986,1.81955
880,0,0.314818,-0.215332,1.79084,-0.0609307,0.448986,1.81955
881,0,0.313886,-0.214547,1.79289,-0.0609307,0.448986,1.81955
882,0,0.314655,-0.214755,1.79203,-0.0609307,0.448986,1.81955
883,0,0.314365,-0.213757,1.7946,-0.0609307,0.448986,1.81955
884,0,0.315914,-0.213202,1.79044,-0.0609307,0.448986,1.81955
885,0,0.315228,-0.214135,1.79212,-0.0609307,0.448986,1.81955
886,0,0.316478,-0.214736,1.79183,-0.0609307,0.448986,1.81955
887,0,0.316772,-0.21545,1.79464,-0.0609307,0.448986,1.81955
888,0,0.31769,-0.215179,1.79308,-0.0609307,0.448986,1.81955
889,0,0.316652,-0.216233,1.79212,-0.0609307,0.448986,1.81955
890,0,0.317144,-0.215904,1.79301,-0.0609307,0.448986,1.81955
891,0,0.316918,-0.215932,1.79166,-0.0609307,0.448986,1.81955
892,0,0.315842,-0.215075,1.79015,-0.0609307,0.448986,1.81955
893,0,0.317356,-0.214672,1.79072,-0.0609307,0.448986,1.81955
894,0,0.317126,-0.214846,1.79082,-0.0609307,0.448986,1.81955
895,0,0.317352,-0.214818,1.79026,-0.0609307,0.448986,1.81955
896,0,0.317234,-0.2147,1.7945,-0.0609307,0.448986,1.81955
897,0,0.31497,-0.214826,1.79031,-0.0609307,0.448986,1.81955
898,0,0.314889,-0.21399,1.7928,-0.0609307,0.448986,1.81955
899,0,0.316694,-0.215677,1.79345,-0.0609307,0.448986,1.81955
900,0,0.315348,-0.215333,1.78941,-0.0609307,0.448986,1.81955
901,0,0.317054,-0.214929,1.79141,-0.0609307,0.448986,1.81955
902,0,0.314273,-0.215012,1.79319,-0.0609307,0.448986,1.81955
903,0,0.316688,-0.21455,1.79299,-0.0609307,0.448986,1.81955
904,0,0.316836,-0.214564,1.79538,-0.0609307,0.448986,1.81955
905,0,0.31669,-0.215071,1.79313,-0.0609307,0.448986,1.81955
906,0,0.316481,-0.215628,1.7935,-0.0609307,0.448986,1.81955
907,0,0.316099,-0.215301,1.79437,-0.0609307,0.448986,1.81955
908,0,0.316702,-0.214963,1.79233,-0.0609307,0.448986,1.81955
909,0,0.31574,-0.21482,1.79173,-0.0609307,0.448986,1.81955
910,0,0.315693,-0.214628,1.79309,-0.0609307,0.448986,1.81955
911,0,0.316276,-0.215214,1.79215,-0.0609307,0.448986,1.81955
912,0,0.316177,-0.215162,1.79167,-0.0609307,0.448986,1.81955
913,0,0.31625,-0.215446,1.7921,-0.0609307,0.448986,1.81955
914,0,0.316162,-0.214748,1.79135,-0.0609307,0.448986,1.81955
915,0,0.316312,-0.2147,1.7899,-0.0609307,0.448986,1.81955
916,0,0.315561,-0.214312,1.79102,-0.0609307,0.448986,1.81955
917,0,0.317013,-0.214835,1.79405,-0.0609307,0.448986,1.81955
918,0,0.315519,-0.215316,1.79249,-0.0609307,0.448986,1.81955
919,0,0.315847,-0.214404,1.79114,-0.0609307,0.448986,1.81955
920,0,0.314704,-0.215549,1.78963,-0.0609307,0.448986,1.81955
921,0,0.315524,-0.214897,1.79228,-0.0609307,0.448986,1.81955
922,0,0.316751,-0.215423,1.79343,-0.0609307,0.448986,1.81955
923,0,0.315987,-0.215256,1.79156,-0.0609307,0.448986,1.81955
924,0,0.315076,-0.214997,1.79149,-0.0609307,0.448986,1.81955
925,0,0.316667,-0.215548,1.79016,-0.0609307,0.448986,1.81955
927,0,0.316441,-0.215479,1.79251,-0.0609307,0.448986,1.81955
928,0,0.316323,-0.215009,1.79008,-0.0609307,0.448986,1.81955
929,0,0.31538,-0.214747,1.78904,-0.0609307,0.448986,1.81955
930,0,0.316114,-0.21495,1.79036,-0.0609307,0.448986,1.81955
931,0,0.314439,-0.214755,1.78822,-0.0609307,0.448986,1.81955
932,0,0.314339,-0.214905,1.78892,-0.0609307,0.448986,1.81955
933,0,0.315054,-0.214804,1.78998,-0.0609307,0.448986,1.81955
934,0,0.31493,-0.214253,1.789,-0.0609307,0.448986,1.81955
935,0,0.315752,-0.215529,1.78538,-0.0609307,0.448986,1.81955
936,0,0.314712,-0.215391,1.7888,-0.0609307,0.448986,1.81955
937,0,0.315377,-0.214861,1.7875,-0.0609307,0.448986,1.81955
938,0,0.313931,-0.214062,1.79094,-0.0609307,0.448986,1.81955
939,0,0.315805,-0.215027,1.7935,-0.0609307,0.448986,1.81955
940,0,0.315615,-0.2147,1.79134,-0.0609307,0.448986,1.81955
941,0,0.314616,-0.214663,1.78835,-0.0609307,0.448986,1.81955
942,0,0.315389,-0.214058,1.79154,-0.0609307,0.448986,1.81955
943,0,0.315729,-0.215781,1.78949,-0.0609307,0.448986,1.81955
944,0,0.31538,-0.215143,1.79283,-0.0609307,0.448986,1.81955
945,0,0.316415,-0.215323,1.79227,-0.0609307,0.448986,1.81955
946,0,0.31423,-0.214452,1.78913,-0.0609307,0.448986,1.81955
947,0,0.314951,-0.214353,1.79314,-0.0609307,0.448986,1.81955
948,0,0.314714,-0.214601,1.79233,-0.0609307,0.448986,1.81955
949,0,0.315746,-0.21444,1.78995,-0.0609307,0.448986,1.81955
950,0,0.315094,-0.214906,1.7911,-0.0609307,0.448986,1.81955
951,0,0.315872,-0.214983,1.79126,-0.0609307,0.448986,1.81955
952,0,0.315241,-0.214801,1.7914,-0.0609307,0.448986,1.81955
953,0,0.315077,-0.215165,1.79009,-0.0609307,0.448986,1.81955
954,0,0.315959,-0.214759,1.79177,-0.0609307,0.448986,1.81955
955,0,0.316611,-0.2155,1.7909,-0.0609307,0.448986,1.81955
956,0,0.31594,-0.215137,1.79154,-0.0609307,0.448986,1.81955
957,0,0.316797,-0.215683,1.79454,-0.0609307,0.448986,1.81955
958,0,0.31695,-0.215154,1.79233,-0.0609307,0.448986,1.81955
959,0,0.31469,-0.214464,1.7923,-0.0609307,0.448986,1.81955
960,0,0.316134,-0.214632,1.79262,-0.0609307,0.448986,1.81955
961,0,0.316081,-0.215507,1.7942,-0.0609307,0.448986,1.81955
962,0,0.316,-0.215243,1.79582,-0.0609307,0.448986,1.81955
963,0,0.316053,-0.215096,1.79452,-0.0609307,0.448986,1.81955
964,0,0.31554,-0.214905,1.79255,-0.0609307,0.448986,1.81955
965,0,0.315459,-0.215418,1.79114,-0.0609307,0.448986,1.81955
966,0,0.316811,-0.215934,1.79548,-0.0609307,0.448986,1.81955
967,0,0.315325,-0.215041,1.79308,-0.0609307,0.448986,1.81955
968,0,0.315837,-0.215235,1.79583,-0.0609307,0.448986,1.81955
969,0,0.314772,-0.215007,1.7955,-0.0609307,0.448986,1.81955
970,0,0.315473,-0.215508,1.79679,-0.0609307,0.448986,1.81955
971,0,0.316,-0.215699,1.79669,-0.0609307,0.448986,1.81955
972,0,0.315571,-0.21474,1.7944,-0.0609307,0.448986,1.81955
973,0,0.31638,-0.214916,1.79681,-0.0609307,0.448986,1.81955
974,0,0.316056,-0.215799,1.79458,-0.0609307,0.448986,1.81955
975,0,0.316651,-0.215599,1.79281,-0.0609307,0.448986,1.81955
976,0,0.315947,-0.21544,1.79131,-0.0609307,0.448986,1.81955
977,0,0.317208,-0.215292,1.79075,-0.0609307,0.448986,1.81955
978,0,0.316872,-0.214739,1.79256,-0.0609307,0.448986,1.81955
979,0,0.315721,-0.215029,1.7937,-0.0609307,0.448986,1.81955
980,0,0.315775,-0.215627,1.79412,-0.0609307,0.448986,1.81955
981,0,0.315569,-0.215585,1.79331,-0.0609307,0.448986,1.81955
982,0,0.316185,-0.214484,1.7961,-0.0609307,0.448986,1.81955
983,0,0.316154,-0.215255,1.79179,-0.0609307,0.448986,1.81955
984,0,0.31598,-0.214586,1.7926,-0.0609307,0.448986,1.81955
985,0,0.316528,-0.215348,1.79142,-0.0609307,0.448986,1.81955
986,0,0.31602,-0.215621,1.79377,-0.0609307,0.448986,1.81955
987,0,0.314989,-0.215138,1.7913,-0.0609307,0.448986,1.81955
988,0,0.315958,-0.214562,1.7922,-0.0609307,0.448986,1.81955
989,0,0.316745,-0.214908,1.79475,-0.0609307,0.448986,1.81955
990,0,0.315449,-0.214228,1.79519,-0.0609307,0.448986,1.81955
