51,0,0.561807,-0.165386,1.87533,-nan,-nan,-nan
53,0,0.5639,-0.165336,1.87243,-nan,-nan,-nan
54,0,0.564579,-0.165198,1.87227,-nan,-nan,-nan
55,0,0.563018,-0.165321,1.87292,-nan,-nan,-nan
56,0,0.559969,-0.165705,1.87584,-nan,-nan,-nan
57,0,0.559948,-0.165294,1.87559,-nan,-nan,-nan
58,0,0.561771,-0.166294,1.87225,-nan,-nan,-nan
60,0,0.558614,-0.166845,1.87254,-nan,-nan,-nan
61,0,0.560241,-0.166712,1.87221,-nan,-nan,-nan
62,0,0.558035,-0.16651,1.87189,-nan,-nan,-nan
63,0,0.562327,-0.166023,1.87237,-nan,-nan,-nan
64,0,0.559137,-0.166192,1.87221,-nan,-nan,-nan
66,0,0.562205,-0.166161,1.87396,-nan,-nan,-nan
67,0,0.560122,-0.166295,1.87276,-nan,-nan,-nan
68,0,0.562451,-0.165478,1.87213,-nan,-nan,-nan
69,0,0.55906,-0.167983,1.87238,0.0968666,0.541845,1.82101
71,0,0.55962,-0.167256,1.8721,0.0968666,0.541845,1.82101
72,0,0.562477,-0.166877,1.87281,0.0968666,0.541845,1.82101
73,0,0.560749,-0.166673,1.8723,0.0968666,0.541845,1.82101
74,0,0.558477,-0.165939,1.87168,0.0968666,0.541845,1.82101
75,0,0.563443,-0.165964,1.87157,0.0968666,0.541845,1.82101
76,0,0.559706,-0.166891,1.87151,0.0968666,0.541845,1.82101
77,0,0.561822,-0.165851,1.87163,0.0968666,0.541845,1.82101
78,0,0.563062,-0.164449,1.87276,0.0968666,0.541845,1.82101
79,0,0.561827,-0.16617,1.87191,0.0968666,0.541845,1.82101
80,0,0.56022,-0.166901,1.87186,0.0968666,0.541845,1.82101
81,0,0.559128,-0.166292,1.87541,0.0968666,0.541845,1.82101
82,0,0.561894,-0.165817,1.87145,0.0968666,0.541845,1.82101
83,0,0.56084,-0.166229,1.87183,0.0968666,0.541845,1.82101
84,0,0.562598,-0.165757,1.8699,0.0968666,0.541845,1.82101
85,0,0.560811,-0.166072,1.87179,0.0968666,0.541845,1.82101
86,0,0.558435,-0.167265,1.87195,0.0968666,0.541845,1.82101
87,0,0.563052,-0.165178,1.87133,0.0968666,0.541845,1.82101
88,0,0.559483,-0.165797,1.87138,0.0968666,0.541845,1.82101
89,0,0.559116,-0.166251,1.87085,0.0968666,0.541845,1.82101
90,0,0.56147,-0.16697,1.87214,0.0968666,0.541845,1.82101
91,0,0.563737,-0.165019,1.8718,0.0968666,0.541845,1.82101
92,0,0.548066,-0.163248,1.83676,0.0968666,0.541845,1.82101
93,0,0.551898,-0.161653,1.83816,0.0968666,0.541845,1.82101
94,0,0.548365,-0.163489,1.83701,0.0968666,0.541845,1.82101
95,0,0.547736,-0.163063,1.8383,0.0968666,0.541845,1.82101
96,0,0.550073,-0.162602,1.83698,0.0968666,0.541845,1.82101
97,0,0.548726,-0.163809,1.83763,0.0968666,0.541845,1.82101
98,0,0.548781,-0.163412,1.83694,0.0968666,0.541845,1.82101
99,0,0.552477,-0.161788,1.83749,0.0968666,0.541845,1.82101
100,0,0.548968,-0.162891,1.83736,0.0968666,0.541845,1.82101
101,0,0.552171,-0.162544,1.8364,0.0968666,0.541845,1.82101
102,0,0.551672,-0.162656,1.83641,0.0968666,0.541845,1.82101
103,0,0.548944,-0.163026,1.83732,0.0968666,0.541845,1.82101
104,0,0.548559,-0.163586,1.83636,0.0968666,0.541845,1.82101
105,0,0.550519,-0.16229,1.83765,0.0968666,0.541845,1.82101
106,0,0.551113,-0.162712,1.83723,0.0968666,0.541845,1.82101
107,0,0.549795,-0.163216,1.83711,0.0968666,0.541845,1.82101
108,0,0.54968,-0.161879,1.83793,0.0968666,0.541845,1.82101
109,0,0.552234,-0.162156,1.83746,0.0968666,0.541845,1.82101
110,0,0.548842,-0.162559,1.83977,0.0968666,0.541845,1.82101
111,0,0.548192,-0.162992,1.83724,0.0968666,0.541845,1.82101
112,0,0.550813,-0.161477,1.83624,0.0968666,0.541845,1.82101
113,0,0.550788,-0.162727,1.83777,0.0968666,0.541845,1.82101
114,0,0.55064,-0.16281,1.83698,0.0968666,0.541845,1.82101
115,0,0.548624,-0.16322,1.83934,0.0968666,0.541845,1.82101
116,0,0.552119,-0.162435,1.83761,0.0968666,0.541845,1.82101
117,0,0.547979,-0.162731,1.83607,0.0968666,0.541845,1.82101
118,0,0.548457,-0.163395,1.83679,0.0968666,0.541845,1.82101
119,0,0.551941,-0.162871,1.83658,0.0968666,0.541845,1.82101
120,0,0.550304,-0.162937,1.83686,0.0968666,0.541845,1.82101
121,0,0.548954,-0.163238,1.83684,0.0968666,0.541845,1.82101
122,0,0.55135,-0.162156,1.83945,0.0968666,0.541845,1.82101
123,0,0.548426,-0.163882,1.83757,0.0968666,0.541845,1.82101
124,0,0.548757,-0.163633,1.83699,0.0968666,0.541845,1.82101
125,0,0.550442,-0.163334,1.83788,0.0968666,0.541845,1.82101
126,0,0.549431,-0.162269,1.84018,0.0968666,0.541845,1.82101
127,0,0.551981,-0.162489,1.8376,0.0968666,0.541845,1.82101
128,0,0.549016,-0.163758,1.83757,0.0968666,0.541845,1.82101
129,0,0.551292,-0.163223,1.83887,0.0968666,0.541845,1.82101
130,0,0.550804,-0.162894,1.83794,0.0968666,0.541845,1.82101
131,0,0.551289,-0.162164,1.84012,0.0968666,0.541845,1.82101
132,0,0.549023,-0.163476,1.83719,0.0968666,0.541845,1.82101
133,0,0.548794,-0.163916,1.83881,0.0968666,0.541845,1.82101
134,0,0.548846,-0.16326,1.83841,0.0968666,0.541845,1.82101
135,0,0.551787,-0.163339,1.84096,0.0968666,0.541845,1.82101
136,0,0.551338,-0.160813,1.84046,0.0968666,0.541845,1.82101
137,0,0.549275,-0.163227,1.84032,0.0968666,0.541845,1.82101
138,0,0.550445,-0.163767,1.83784,0.0968666,0.541845,1.82101
139,0,0.552791,-0.162053,1.83747,0.0968666,0.541845,1.82101
140,0,0.552141,-0.162834,1.83793,0.0968666,0.541845,1.82101
141,0,0.551918,-0.163301,1.83689,0.0968666,0.541845,1.82101
142,0,0.549199,-0.163028,1.83989,0.0968666,0.541845,1.82101
143,0,0.548752,-0.163741,1.83698,0.0968666,0.541845,1.82101
144,0,0.553375,-0.161449,1.83942,0.0968666,0.541845,1.82101
145,0,0.550277,-0.162068,1.84019,0.0968666,0.541845,1.82101
146,0,0.552578,-0.162182,1.83714,0.0968666,0.541845,1.82101
147,0,0.550997,-0.162802,1.83753,0.0968666,0.541845,1.82101
148,0,0.551601,-0.163232,1.83642,0.0968666,0.541845,1.82101
149,0,0.54858,-0.162833,1.83722,0.0968666,0.541845,1.82101
150,0,0.547661,-0.163997,1.83599,0.0968666,0.541845,1.82101
151,0,0.549322,-0.16364,1.83601,0.0968666,0.541845,1.82101
152,0,0.5499,-0.162797,1.83881,0.0968666,0.541845,1.82101
153,0,0.547995,-0.163511,1.83632,0.0968666,0.541845,1.82101
154,0,0.549887,-0.161234,1.83885,0.0968666,0.541845,1.82101
155,0,0.55212,-0.161547,1.83576,0.0968666,0.541845,1.82101
156,0,0.54821,-0.164075,1.83644,0.0968666,0.541845,1.82101
157,0,0.548053,-0.163628,1.83682,0.0968666,0.541845,1.82101
158,0,0.547671,-0.162868,1.83914,0.0968666,0.541845,1.82101
159,0,0.551466,-0.162758,1.83686,0.0968666,0.541845,1.82101
160,0,0.55301,-0.16248,1.83757,0.0968666,0.541845,1.82101
161,0,0.54817,-0.164027,1.83641,0.0968666,0.541845,1.82101
162,0,0.550212,-0.162061,1.83584,0.0968666,0.541845,1.82101
163,0,0.548757,-0.163738,1.83668,0.0968666,0.541845,1.82101
164,0,0.479751,-0.112427,1.735,0.0968666,0.541845,1.82101
165,0,0.479375,-0.10682,1.72633,0.0968666,0.541845,1.82101
166,0,0.483097,-0.109339,1.73153,0.0968666,0.541845,1.82101
167,1,0.489561,-0.106438,1.73821,0.0968666,0.541845,1.82101
169,1,0.497552,-0.10352,1.74379,0.0968666,0.541845,1.82101
170,1,0.501619,-0.100127,1.74337,0.0968666,0.541845,1.82101
171,1,0.506865,-0.099208,1.7518,0.0968666,0.541845,1.82101
172,0,0.507441,-0.0959966,1.768,0.0968666,0.541845,1.82101
173,0,0.519541,-0.0981684,1.7515,0.0968666,0.541845,1.82101
174,0,0.555898,-0.148213,1.80825,0.0968666,0.541845,1.82101
175,0,0.551841,-0.164002,1.84476,0.0968666,0.541845,1.82101
176,1,0.550673,-0.165847,1.84395,0.0968666,0.541845,1.82101
177,0,0.568942,-0.152563,1.82203,0.0968666,0.541845,1.82101
178,1,0.551293,-0.164211,1.84859,0.0968666,0.541845,1.82101
179,1,0.526569,-0.101404,1.777,0.0968666,0.541845,1.82101
180,1,0.552463,-0.137833,1.81068,0.0968666,0.541845,1.82101
181,1,0.550425,-0.139239,1.81771,0.0968666,0.541845,1.82101
182,1,0.54757,-0.140129,1.82173,0.0968666,0.541845,1.82101
183,1,0.555207,-0.136539,1.82089,0.0968666,0.541845,1.82101
184,1,0.548601,-0.131206,1.81322,0.0968666,0.541845,1.82101
185,1,0.549396,-0.132031,1.81197,0.0968666,0.541845,1.82101
186,1,0.558139,-0.146231,1.82858,0.0968666,0.541845,1.82101
187,1,0.559096,-0.144182,1.81623,0.0968666,0.541845,1.82101
188,1,0.551234,-0.156959,1.83204,0.0968666,0.541845,1.82101
189,1,0.548245,-0.159837,1.83426,0.0968666,0.541845,1.82101
190,1,0.545746,-0.161057,1.83442,0.0968666,0.541845,1.82101
191,1,0.546019,-0.162231,1.83584,0.0968666,0.541845,1.82101
192,1,0.548107,-0.162467,1.83637,0.0968666,0.541845,1.82101
193,1,0.548872,-0.161339,1.83565,0.0968666,0.541845,1.82101
194,1,0.548707,-0.161095,1.83627,0.0968666,0.541845,1.82101
195,1,0.54513,-0.162131,1.83453,0.0968666,0.541845,1.82101
196,1,0.545081,-0.163623,1.83642,0.0968666,0.541845,1.82101
197,1,0.545939,-0.162462,1.83678,0.0968666,0.541845,1.82101
198,1,0.54694,-0.162103,1.83514,0.0968666,0.541845,1.82101
199,1,0.545065,-0.163617,1.83555,0.0968666,0.541845,1.82101
200,1,0.545532,-0.162589,1.83693,0.0968666,0.541845,1.82101
201,1,0.545252,-0.163309,1.83701,0.0968666,0.541845,1.82101
202,1,0.544443,-0.162776,1.83704,0.0968666,0.541845,1.82101
203,1,0.54564,-0.161502,1.83567,0.0968666,0.541845,1.82101
204,1,0.544977,-0.162642,1.8363,0.0968666,0.541845,1.82101
205,1,0.546551,-0.164411,1.83859,0.0968666,0.541845,1.82101
206,1,0.546177,-0.164139,1.83813,0.0968666,0.541845,1.82101
207,1,0.545628,-0.164537,1.83719,0.0968666,0.541845,1.82101
208,1,0.542957,-0.16529,1.83932,0.0968666,0.541845,1.82101
209,1,0.543781,-0.165852,1.84069,0.0968666,0.541845,1.82101
210,1,0.546535,-0.163726,1.83709,0.0968666,0.541845,1.82101
211,1,0.547931,-0.163688,1.83745,0.0968666,0.541845,1.82101
212,1,0.547514,-0.163417,1.83833,0.0968666,0.541845,1.82101
213,1,0.546536,-0.16425,1.83959,0.0968666,0.541845,1.82101
214,1,0.551156,-0.165967,1.84072,0.0968666,0.541845,1.82101
215,1,0.553528,-0.163512,1.83532,0.0968666,0.541845,1.82101
216,1,0.55205,-0.16478,1.83632,0.0968666,0.541845,1.82101
217,1,0.547197,-0.169654,1.83788,0.0968666,0.541845,1.82101
218,1,0.55105,-0.167156,1.83313,0.0968666,0.541845,1.82101
219,1,0.548743,-0.174613,1.84178,0.0968666,0.541845,1.82101
220,1,0.547802,-0.173132,1.83626,0.0968666,0.541845,1.82101
221,1,0.546693,-0.175183,1.83668,0.0968666,0.541845,1.82101
222,1,0.546504,-0.175333,1.83711,0.0968666,0.541845,1.82101
223,1,0.548214,-0.176069,1.83734,0.0968666,0.541845,1.82101
224,1,0.548301,-0.177143,1.83932,0.0968666,0.541845,1.82101
225,1,0.546304,-0.176521,1.83881,0.0968666,0.541845,1.82101
226,0,0.546747,-0.177298,1.83868,0.0968666,0.541845,1.82101
227,0,0.543394,-0.166228,1.82555,0.0968666,0.541845,1.82101
228,1,0.543253,-0.175756,1.83694,0.0968666,0.541845,1.82101
229,1,0.543342,-0.168101,1.82516,0.0968666,0.541845,1.82101
230,1,0.542204,-0.166075,1.82518,0.0968666,0.541845,1.82101
231,1,0.547177,-0.169485,1.8319,0.0968666,0.541845,1.82101
232,1,0.54345,-0.16993,1.83366,0.0968666,0.541845,1.82101
233,1,0.542076,-0.16763,1.83509,0.0968666,0.541845,1.82101
234,1,0.546241,-0.152221,1.81925,0.0968666,0.541845,1.82101
235,1,0.538171,-0.166976,1.83887,0.0968666,0.541845,1.82101
236,1,0.539565,-0.161325,1.83312,0.0968666,0.541845,1.82101
237,1,0.535943,-0.149081,1.81639,0.0968666,0.541845,1.82101
238,1,0.531329,-0.154904,1.8212,0.0968666,0.541845,1.82101
239,1,0.531387,-0.145026,1.81008,0.0968666,0.541845,1.82101
240,1,0.533208,-0.137323,1.80098,0.0968666,0.541845,1.82101
241,1,0.534825,-0.128024,1.79204,0.0968666,0.541845,1.82101
242,1,0.531381,-0.13712,1.8074,0.0968666,0.541845,1.82101
243,1,0.53021,-0.131375,1.79786,0.0968666,0.541845,1.82101
244,1,0.528185,-0.131423,1.79761,0.0968666,0.541845,1.82101
245,1,0.526103,-0.126161,1.78436,0.0968666,0.541845,1.82101
246,1,0.522525,-0.119642,1.77127,0.0968666,0.541845,1.82101
247,1,0.518175,-0.117991,1.76622,0.0968666,0.541845,1.82101
248,1,0.512068,-0.117268,1.75691,0.0968666,0.541845,1.82101
249,1,0.505242,-0.109241,1.73929,0.0968666,0.541845,1.82101
250,1,0.499636,-0.112468,1.72896,0.0968666,0.541845,1.82101
251,1,0.49063,-0.102922,1.70877,0.0968666,0.541845,1.82101
252,1,0.483983,-0.109581,1.70046,0.0968666,0.541845,1.82101
253,1,0.478687,-0.109954,1.68991,0.0968666,0.541845,1.82101
254,1,0.470893,-0.110272,1.67297,0.0968666,0.541845,1.82101
255,1,0.459654,-0.11434,1.6588,0.0968666,0.541845,1.82101
256,1,0.45413,-0.116515,1.64115,0.0968666,0.541845,1.82101
257,1,0.443883,-0.11905,1.62582,0.0968666,0.541845,1.82101
258,1,0.433395,-0.12473,1.61028,0.0968666,0.541845,1.82101
259,1,0.419971,-0.131974,1.59763,0.0968666,0.541845,1.82101
260,1,0.406483,-0.137001,1.58432,0.0968666,0.541845,1.82101
261,1,0.394591,-0.141569,1.56955,0.0968666,0.541845,1.82101
262,1,0.382778,-0.146088,1.55538,0.0968666,0.541845,1.82101
263,1,0.371635,-0.150061,1.54173,0.0968666,0.541845,1.82101
264,1,0.359255,-0.156346,1.53147,0.0968666,0.541845,1.82101
265,1,0.351563,-0.157183,1.51541,0.0968666,0.541845,1.82101
266,1,0.340699,-0.162485,1.50289,0.0968666,0.541845,1.82101
267,1,0.331717,-0.164114,1.48887,0.0968666,0.541845,1.82101
268,1,0.320079,-0.170361,1.48148,0.0968666,0.541845,1.82101
269,1,0.311499,-0.173278,1.47163,0.0968666,0.541845,1.82101
270,1,0.306748,-0.17426,1.45935,0.0968666,0.541845,1.82101
271,1,0.300072,-0.175078,1.44863,0.0968666,0.541845,1.82101
272,1,0.300681,-0.172223,1.43497,0.0968666,0.541845,1.82101
273,1,0.297514,-0.17241,1.42553,0.0968666,0.541845,1.82101
274,1,0.296231,-0.171834,1.41484,0.0968666,0.541845,1.82101
275,1,0.293619,-0.172216,1.40691,0.0968666,0.541845,1.82101
276,1,0.298041,-0.170043,1.39572,0.0968666,0.541845,1.82101
277,1,0.299176,-0.169348,1.38921,0.0968666,0.541845,1.82101
278,1,0.302327,-0.170757,1.38166,0.0968666,0.541845,1.82101
279,1,0.304552,-0.171669,1.37678,0.0968666,0.541845,1.82101
280,1,0.314247,-0.171439,1.36603,0.0968666,0.541845,1.82101
281,1,0.317612,-0.173163,1.36319,0.0968666,0.541845,1.82101
282,1,0.325687,-0.175169,1.35862,0.0968666,0.541845,1.82101
283,1,0.336165,-0.174036,1.35279,0.0968666,0.541845,1.82101
284,1,0.341634,-0.177007,1.35045,0.0968666,0.541845,1.82101
285,1,0.352373,-0.178716,1.34759,0.0968666,0.541845,1.82101
286,1,0.358196,-0.18186,1.34792,0.0968666,0.541845,1.82101
287,1,0.367139,-0.183992,1.34863,0.0968666,0.541845,1.82101
288,1,0.374654,-0.188024,1.34933,0.0968666,0.541845,1.82101
289,1,0.383542,-0.189373,1.34864,0.0968666,0.541845,1.82101
290,1,0.387085,-0.193738,1.35153,0.0968666,0.541845,1.82101
291,1,0.390825,-0.196889,1.35402,0.0968666,0.541845,1.82101
292,1,0.395888,-0.199599,1.35588,0.0968666,0.541845,1.82101
293,1,0.400952,-0.201263,1.35724,0.0968666,0.541845,1.82101
294,1,0.405562,-0.203017,1.35721,0.0968666,0.541845,1.82101
295,1,0.407262,-0.202624,1.36012,0.0968666,0.541845,1.82101
296,1,0.411668,-0.201513,1.36228,0.0968666,0.541845,1.82101
297,1,0.416159,-0.200238,1.36579,0.0968666,0.541845,1.82101
298,1,0.418485,-0.199665,1.36666,0.0968666,0.541845,1.82101
299,1,0.421768,-0.199102,1.3671,0.0968666,0.541845,1.82101
300,1,0.42498,-0.197228,1.36906,0.0968666,0.541845,1.82101
301,1,0.441558,-0.188427,1.3621,0.0968666,0.541845,1.82101
302,1,0.437149,-0.193021,1.36431,0.0968666,0.541845,1.82101
303,1,0.430879,-0.194779,1.36751,0.0968666,0.541845,1.82101
304,1,0.439692,-0.18905,1.36369,0.0968666,0.541845,1.82101
305,1,0.434309,-0.191905,1.36762,0.0968666,0.541845,1.82101
306,1,0.432815,-0.191437,1.36961,0.0968666,0.541845,1.82101
307,1,0.434854,-0.189958,1.37035,0.0968666,0.541845,1.82101
308,1,0.437743,-0.189312,1.37159,0.0968666,0.541845,1.82101
309,1,0.441104,-0.187578,1.37222,0.0968666,0.541845,1.82101
310,1,0.445313,-0.186541,1.37173,0.0968666,0.541845,1.82101
311,1,0.447021,-0.186617,1.37172,0.0968666,0.541845,1.82101
312,1,0.449293,-0.187179,1.37154,0.0968666,0.541845,1.82101
313,1,0.450999,-0.186577,1.37112,0.0968666,0.541845,1.82101
314,1,0.450293,-0.188189,1.37095,0.0968666,0.541845,1.82101
315,1,0.451167,-0.189657,1.3715,0.0968666,0.541845,1.82101
316,1,0.451464,-0.191877,1.37305,0.0968666,0.541845,1.82101
317,1,0.453496,-0.194262,1.37761,0.0968666,0.541845,1.82101
318,1,0.455299,-0.197668,1.38055,0.0968666,0.541845,1.82101
319,1,0.458442,-0.196204,1.37884,0.0968666,0.541845,1.82101
320,1,0.456621,-0.201463,1.3837,0.0968666,0.541845,1.82101
321,1,0.458728,-0.202336,1.38509,0.0968666,0.541845,1.82101
322,1,0.459053,-0.208348,1.38962,0.0968666,0.541845,1.82101
323,1,0.462807,-0.202672,1.38626,0.0968666,0.541845,1.82101
324,1,0.461289,-0.208594,1.39014,0.0968666,0.541845,1.82101
325,1,0.462095,-0.208965,1.38993,0.0968666,0.541845,1.82101
326,1,0.46339,-0.209152,1.39088,0.0968666,0.541845,1.82101
327,1,0.463181,-0.209493,1.38922,0.0968666,0.541845,1.82101
328,1,0.463405,-0.210582,1.38986,0.0968666,0.541845,1.82101
329,1,0.463659,-0.211172,1.39015,0.0968666,0.541845,1.82101
330,1,0.463293,-0.211934,1.38879,0.0968666,0.541845,1.82101
331,1,0.461956,-0.214049,1.38833,0.0968666,0.541845,1.82101
332,1,0.461943,-0.213724,1.38833,0.0968666,0.541845,1.82101
333,1,0.462362,-0.212818,1.38795,0.0968666,0.541845,1.82101
334,1,0.462642,-0.21359,1.38923,0.0968666,0.541845,1.82101
335,1,0.461906,-0.213405,1.3886,0.0968666,0.541845,1.82101
336,1,0.461392,-0.212924,1.38872,0.0968666,0.541845,1.82101
337,1,0.462055,-0.213243,1.38999,0.0968666,0.541845,1.82101
338,1,0.461989,-0.212329,1.38943,0.0968666,0.541845,1.82101
339,1,0.461454,-0.212847,1.39031,0.0968666,0.541845,1.82101
340,1,0.461684,-0.211831,1.39001,0.0968666,0.541845,1.82101
341,1,0.461242,-0.211489,1.38996,0.0968666,0.541845,1.82101
342,1,0.461179,-0.21027,1.38954,0.0968666,0.541845,1.82101
343,1,0.460988,-0.212122,1.38992,0.0968666,0.541845,1.82101
344,1,0.461197,-0.212322,1.39059,0.0968666,0.541845,1.82101
345,1,0.460931,-0.211978,1.39,0.0968666,0.541845,1.82101
346,1,0.461317,-0.211444,1.39007,0.0968666,0.541845,1.82101
347,1,0.461288,-0.21142,1.39106,0.0968666,0.541845,1.82101
348,1,0.460864,-0.211522,1.39008,0.0968666,0.541845,1.82101
349,1,0.461003,-0.211424,1.39049,0.0968666,0.541845,1.82101
350,1,0.460775,-0.211454,1.39022,0.0968666,0.541845,1.82101
351,1,0.460667,-0.211613,1.39011,0.0968666,0.541845,1.82101
352,1,0.460157,-0.21165,1.39004,0.0968666,0.541845,1.82101
353,1,0.460537,-0.211409,1.39057,0.0968666,0.541845,1.82101
354,1,0.459342,-0.213856,1.39157,0.0968666,0.541845,1.82101
355,1,0.460305,-0.211817,1.38944,0.0968666,0.541845,1.82101
356,1,0.460215,-0.212997,1.3914,0.0968666,0.541845,1.82101
357,1,0.460473,-0.21246,1.39024,0.0968666,0.541845,1.82101
358,1,0.460693,-0.21094,1.39018,0.0968666,0.541845,1.82101
359,1,0.460377,-0.212894,1.39112,0.0968666,0.541845,1.82101
360,1,0.462097,-0.206085,1.3871,0.0968666,0.541845,1.82101
361,1,0.46045,-0.212509,1.39171,0.0968666,0.541845,1.82101
362,1,0.460901,-0.211468,1.39097,0.0968666,0.541845,1.82101
363,1,0.460323,-0.212414,1.39152,0.0968666,0.541845,1.82101
364,1,0.460061,-0.212023,1.39114,0.0968666,0.541845,1.82101
365,1,0.459489,-0.213105,1.39047,0.0968666,0.541845,1.82101
366,1,0.459936,-0.213427,1.39104,0.0968666,0.541845,1.82101
367,1,0.459827,-0.213482,1.39104,0.0968666,0.541845,1.82101
368,1,0.460508,-0.212249,1.39102,0.0968666,0.541845,1.82101
369,1,0.459273,-0.212534,1.39094,0.0968666,0.541845,1.82101
370,1,0.46012,-0.212078,1.39017,0.0968666,0.541845,1.82101
371,1,0.460193,-0.212151,1.39047,0.0968666,0.541845,1.82101
372,1,0.460012,-0.212326,1.39046,0.0968666,0.541845,1.82101
373,1,0.459884,-0.212677,1.39033,0.0968666,0.541845,1.82101
374,1,0.459854,-0.212625,1.3907,0.0968666,0.541845,1.82101
375,1,0.460256,-0.211442,1.39009,0.0968666,0.541845,1.82101
376,1,0.46038,-0.21184,1.39056,0.0968666,0.541845,1.82101
377,1,0.459955,-0.212606,1.39061,0.0968666,0.541845,1.82101
378,1,0.460504,-0.211411,1.39019,0.0968666,0.541845,1.82101
379,1,0.460153,-0.211083,1.39036,0.0968666,0.541845,1.82101
380,1,0.460402,-0.211694,1.39077,0.0968666,0.541845,1.82101
381,1,0.460841,-0.211443,1.39078,0.0968666,0.541845,1.82101
382,1,0.460463,-0.212248,1.39102,0.0968666,0.541845,1.82101
383,1,0.460999,-0.211596,1.39098,0.0968666,0.541845,1.82101
384,1,0.459443,-0.212317,1.39001,0.0968666,0.541845,1.82101
385,1,0.460296,-0.211542,1.3898,0.0968666,0.541845,1.82101
386,1,0.459544,-0.211658,1.38921,0.0968666,0.541845,1.82101
387,1,0.46033,-0.212654,1.39085,0.0968666,0.541845,1.82101
388,1,0.460197,-0.211793,1.39031,0.0968666,0.541845,1.82101
389,1,0.460644,-0.212292,1.3906,0.0968666,0.541845,1.82101
390,1,0.460426,-0.211774,1.38948,0.0968666,0.541845,1.82101
391,1,0.460701,-0.211069,1.38933,0.0968666,0.541845,1.82101
392,1,0.461922,-0.209061,1.3882,0.0968666,0.541845,1.82101
393,1,0.462249,-0.210363,1.38939,0.0968666,0.541845,1.82101
394,1,0.462357,-0.210464,1.3902,0.0968666,0.541845,1.82101
395,1,0.461467,-0.21014,1.38974,0.0968666,0.541845,1.82101
396,1,0.461035,-0.203662,1.38307,0.0968666,0.541845,1.82101
397,1,0.460179,-0.209133,1.38882,0.0968666,0.541845,1.82101
398,1,0.459362,-0.208212,1.38775,0.0968666,0.541845,1.82101
399,1,0.458158,-0.208597,1.38922,0.0968666,0.541845,1.82101
400,1,0.457189,-0.207847,1.38998,0.0968666,0.541845,1.82101
401,1,0.456477,-0.206801,1.38965,0.0968666,0.541845,1.82101
402,1,0.456515,-0.204418,1.38886,0.0968666,0.541845,1.82101
403,1,0.453334,-0.205335,1.38996,0.0968666,0.541845,1.82101
404,1,0.452731,-0.204794,1.39051,0.0968666,0.541845,1.82101
405,1,0.451419,-0.205463,1.39096,0.0968666,0.541845,1.82101
406,1,0.448967,-0.204649,1.38881,0.0968666,0.541845,1.82101
407,1,0.447873,-0.200725,1.38513,0.0968666,0.541845,1.82101
408,1,0.444577,-0.203422,1.3861,0.0968666,0.541845,1.82101
409,1,0.442704,-0.20293,1.38608,0.0968666,0.541845,1.82101
410,1,0.441386,-0.201945,1.38871,0.0968666,0.541845,1.82101
411,1,0.438091,-0.20176,1.38886,0.0968666,0.541845,1.82101
412,1,0.435616,-0.200256,1.38949,0.0968666,0.541845,1.82101
413,1,0.432643,-0.202661,1.39389,0.0968666,0.541845,1.82101
414,1,0.433471,-0.197913,1.39122,0.0968666,0.541845,1.82101
415,1,0.432072,-0.195641,1.39008,0.0968666,0.541845,1.82101
416,1,0.425793,-0.196164,1.39188,0.0968666,0.541845,1.82101
417,1,0.421759,-0.197445,1.39699,0.0968666,0.541845,1.82101
418,1,0.419062,-0.197418,1.39872,0.0968666,0.541845,1.82101
419,1,0.412415,-0.19942,1.40056,0.0968666,0.541845,1.82101
420,1,0.408316,-0.200825,1.40646,0.0968666,0.541845,1.82101
421,1,0.400852,-0.203587,1.41094,0.0968666,0.541845,1.82101
422,1,0.396706,-0.204077,1.41166,0.0968666,0.541845,1.82101
423,1,0.389787,-0.205624,1.41471,0.0968666,0.541845,1.82101
424,1,0.384634,-0.207196,1.41952,0.0968666,0.541845,1.82101
425,1,0.37908,-0.207303,1.42222,0.0968666,0.541845,1.82101
426,1,0.372368,-0.208991,1.42827,0.0968666,0.541845,1.82101
427,1,0.365631,-0.21258,1.43363,0.0968666,0.541845,1.82101
428,1,0.360529,-0.211785,1.43838,0.0968666,0.541845,1.82101
429,1,0.351476,-0.216434,1.44809,0.0968666,0.541845,1.82101
430,1,0.34969,-0.215592,1.45279,0.0968666,0.541845,1.82101
431,1,0.340529,-0.215834,1.45927,0.0968666,0.541845,1.82101
432,1,0.333957,-0.215102,1.46936,0.0968666,0.541845,1.82101
433,1,0.329219,-0.214278,1.47015,0.0968666,0.541845,1.82101
434,1,0.320633,-0.213184,1.47935,0.0968666,0.541845,1.82101
435,1,0.313947,-0.211254,1.48721,0.0968666,0.541845,1.82101
436,1,0.304159,-0.211057,1.50014,0.0968666,0.541845,1.82101
437,1,0.293727,-0.210774,1.51077,0.0968666,0.541845,1.82101
438,1,0.289331,-0.207378,1.51313,0.0968666,0.541845,1.82101
439,1,0.277902,-0.208471,1.52748,0.0968666,0.541845,1.82101
440,1,0.270194,-0.204031,1.53146,0.0968666,0.541845,1.82101
441,1,0.264283,-0.200486,1.53833,0.0968666,0.541845,1.82101
442,1,0.257241,-0.194747,1.54454,0.0968666,0.541845,1.82101
443,1,0.252742,-0.188084,1.55188,0.0968666,0.541845,1.82101
444,1,0.247774,-0.178463,1.55664,0.0968666,0.541845,1.82101
445,1,0.239552,-0.173182,1.57055,0.0968666,0.541845,1.82101
446,1,0.236077,-0.161524,1.56856,0.0968666,0.541845,1.82101
447,1,0.232996,-0.148207,1.57685,0.0968666,0.541845,1.82101
448,1,0.229612,-0.133579,1.58277,0.0968666,0.541845,1.82101
449,1,0.224404,-0.118127,1.5872,0.0968666,0.541845,1.82101
450,1,0.218874,-0.0999294,1.59481,0.0968666,0.541845,1.82101
451,1,0.213194,-0.0823024,1.60153,0.0968666,0.541845,1.82101
452,1,0.208924,-0.0600202,1.60808,0.0968666,0.541845,1.82101
453,1,0.206643,-0.0372796,1.60628,0.0968666,0.541845,1.82101
454,1,0.203074,-0.0152916,1.61038,0.0968666,0.541845,1.82101
455,1,0.196869,-0.00610815,1.62359,0.0968666,0.541845,1.82101
456,1,0.193115,0.018447,1.62449,0.0968666,0.541845,1.82101
457,1,0.188293,0.0373,1.63053,0.0968666,0.541845,1.82101
458,1,0.185913,0.0590802,1.63325,0.0968666,0.541845,1.82101
459,1,0.181883,0.0829982,1.63299,0.0968666,0.541845,1.82101
460,1,0.176199,0.0984351,1.64148,0.0968666,0.541845,1.82101
461,1,0.172196,0.117904,1.64096,0.0968666,0.541845,1.82101
462,1,0.169111,0.140553,1.64273,0.0968666,0.541845,1.82101
463,1,0.163031,0.159797,1.64653,0.0968666,0.541845,1.82101
464,1,0.156229,0.160196,1.65875,0.0968666,0.541845,1.82101
465,1,0.152586,0.175992,1.66222,0.0968666,0.541845,1.82101
466,1,0.147466,0.187687,1.66722,0.0968666,0.541845,1.82101
467,1,0.145573,0.204718,1.67195,0.0968666,0.541845,1.82101
468,1,0.14353,0.219941,1.67251,0.0968666,0.541845,1.82101
469,1,0.138367,0.228737,1.6812,0.0968666,0.541845,1.82101
470,1,0.135873,0.243031,1.68642,0.0968666,0.541845,1.82101
471,1,0.133433,0.255829,1.69228,0.0968666,0.541845,1.82101
472,1,0.128997,0.266885,1.69698,0.0968666,0.541845,1.82101
473,1,0.129376,0.281426,1.70028,0.0968666,0.541845,1.82101
474,1,0.125458,0.29264,1.70451,0.0968666,0.541845,1.82101
475,1,0.12288,0.307202,1.71025,0.0968666,0.541845,1.82101
476,1,0.121542,0.320295,1.71403,0.0968666,0.541845,1.82101
477,1,0.118547,0.330346,1.71726,0.0968666,0.541845,1.82101
478,1,0.1149,0.340919,1.72542,0.0968666,0.541845,1.82101
479,1,0.11224,0.350701,1.73116,0.0968666,0.541845,1.82101
480,1,0.111563,0.357749,1.73129,0.0968666,0.541845,1.82101
481,1,0.108637,0.366357,1.73771,0.0968666,0.541845,1.82101
482,1,0.111309,0.372376,1.73317,0.0968666,0.541845,1.82101
483,1,0.104233,0.380471,1.74342,0.0968666,0.541845,1.82101
484,1,0.104357,0.385644,1.74088,0.0968666,0.541845,1.82101
485,1,0.101242,0.391191,1.74914,0.0968666,0.541845,1.82101
486,1,0.0999023,0.397585,1.75239,0.0968666,0.541845,1.82101
487,1,0.0983111,0.400063,1.75229,0.0968666,0.541845,1.82101
488,1,0.0987488,0.40466,1.75476,0.0968666,0.541845,1.82101
489,1,0.0984401,0.408548,1.75633,0.0968666,0.541845,1.82101
490,1,0.0977722,0.410426,1.75846,0.0968666,0.541845,1.82101
491,1,0.0970894,0.412397,1.75852,0.0968666,0.541845,1.82101
492,1,0.0957991,0.416226,1.76053,0.0968666,0.541845,1.82101
493,1,0.0942849,0.420744,1.7643,0.0968666,0.541845,1.82101
494,1,0.095249,0.416409,1.76164,0.0968666,0.541845,1.82101
495,1,0.0934516,0.42161,1.76446,0.0968666,0.541845,1.82101
496,1,0.094523,0.42165,1.76347,0.0968666,0.541845,1.82101
497,1,0.0924326,0.422551,1.76607,0.0968666,0.541845,1.82101
498,1,0.0902926,0.424112,1.76936,0.0968666,0.541845,1.82101
499,1,0.0915447,0.424998,1.76725,0.0968666,0.541845,1.82101
500,1,0.0932105,0.422192,1.76317,0.0968666,0.541845,1.82101
501,1,0.0908028,0.425896,1.76644,0.0968666,0.541845,1.82101
502,1,0.0913222,0.424975,1.76525,0.0968666,0.541845,1.82101
503,1,0.0910657,0.425022,1.76416,0.0968666,0.541845,1.82101
504,1,0.0900919,0.425883,1.76532,0.0968666,0.541845,1.82101
505,1,0.0910039,0.425129,1.76352,0.0968666,0.541845,1.82101
506,1,0.0901344,0.42693,1.76571,0.0968666,0.541845,1.82101
507,1,0.0913846,0.425458,1.76506,0.0968666,0.541845,1.82101
508,1,0.0910534,0.426114,1.7659,0.0968666,0.541845,1.82101
509,1,0.0916466,0.426648,1.76647,0.0968666,0.541845,1.82101
510,1,0.0909263,0.427958,1.7694,0.0968666,0.541845,1.82101
511,1,0.0922228,0.427007,1.76648,0.0968666,0.541845,1.82101
512,1,0.0916055,0.429438,1.7701,0.0968666,0.541845,1.82101
513,1,0.09245,0.429978,1.77031,0.0968666,0.541845,1.82101
514,1,0.0922143,0.4297,1.77163,0.0968666,0.541845,1.82101
515,1,0.0933432,0.42918,1.77201,0.0968666,0.541845,1.82101
516,1,0.0934642,0.428837,1.76773,0.0968666,0.541845,1.82101
517,1,0.0931001,0.430962,1.77184,0.0968666,0.541845,1.82101
518,1,0.0930727,0.430563,1.77184,0.0968666,0.541845,1.82101
519,1,0.093617,0.429747,1.77199,0.0968666,0.541845,1.82101
520,1,0.0942451,0.430101,1.7725,0.0968666,0.541845,1.82101
521,1,0.0942139,0.429848,1.77209,0.0968666,0.541845,1.82101
522,1,0.0938323,0.429913,1.77114,0.0968666,0.541845,1.82101
523,1,0.0944063,0.430186,1.77149,0.0968666,0.541845,1.82101
524,1,0.0943675,0.42931,1.77058,0.0968666,0.541845,1.82101
525,1,0.0942111,0.427456,1.77162,0.0968666,0.541845,1.82101
526,1,0.0948359,0.42522,1.77241,0.0968666,0.541845,1.82101
527,1,0.0963811,0.417527,1.76586,0.0968666,0.541845,1.82101
528,1,0.0964977,0.41567,1.76636,0.0968666,0.541845,1.82101
529,1,0.0967765,0.406151,1.76042,0.0968666,0.541845,1.82101
530,1,0.097331,0.395921,1.75592,0.0968666,0.541845,1.82101
531,1,0.0986506,0.38424,1.74931,0.0968666,0.541845,1.82101
532,1,0.0994819,0.371516,1.74311,0.0968666,0.541845,1.82101
533,1,0.101286,0.356413,1.735,0.0968666,0.541845,1.82101
534,1,0.099704,0.339285,1.72601,0.0968666,0.541845,1.82101
535,1,0.100451,0.3193,1.71537,0.0968666,0.541845,1.82101
536,1,0.102287,0.301587,1.70151,0.0968666,0.541845,1.82101
537,1,0.10165,0.279454,1.69272,0.0968666,0.541845,1.82101
538,1,0.0994081,0.255595,1.68421,0.0968666,0.541845,1.82101
539,1,0.0984211,0.231771,1.67021,0.0968666,0.541845,1.82101
540,1,0.0970179,0.207556,1.65758,0.0968666,0.541845,1.82101
541,1,0.0936141,0.180302,1.6476,0.0968666,0.541845,1.82101
542,1,0.0915861,0.153696,1.63679,0.0968666,0.541845,1.82101
543,1,0.0877438,0.123324,1.62736,0.0968666,0.541845,1.82101
544,1,0.0839079,0.0948522,1.61879,0.0968666,0.541845,1.82101
545,1,0.0780878,0.0640991,1.61289,0.0968666,0.541845,1.82101
546,1,0.0746359,0.0380827,1.60389,0.0968666,0.541845,1.82101
547,1,0.067822,0.0068724,1.60485,0.0968666,0.541845,1.82101
548,1,0.0599275,-0.0206548,1.60739,0.0968666,0.541845,1.82101
549,1,0.0532588,-0.0477731,1.61149,0.0968666,0.541845,1.82101
550,1,0.0482929,-0.0691566,1.61772,0.0968666,0.541845,1.82101
551,1,0.0440676,-0.0872843,1.62243,0.0968666,0.541845,1.82101
552,1,0.0393669,-0.105649,1.62859,0.0968666,0.541845,1.82101
553,1,0.0350553,-0.12741,1.64211,0.0968666,0.541845,1.82101
554,1,0.0348346,-0.14001,1.64341,0.0968666,0.541845,1.82101
555,1,0.0346677,-0.151984,1.65058,0.0968666,0.541845,1.82101
556,1,0.0333962,-0.166117,1.65898,0.0968666,0.541845,1.82101
557,1,0.031673,-0.17699,1.66865,0.0968666,0.541845,1.82101
558,1,0.0304919,-0.187557,1.67189,0.0968666,0.541845,1.82101
559,1,0.0305961,-0.195624,1.68032,0.0968666,0.541845,1.82101
560,1,0.0293324,-0.200466,1.68566,0.0968666,0.541845,1.82101
561,1,0.0306293,-0.206909,1.69116,0.0968666,0.541845,1.82101
562,1,0.0306154,-0.207905,1.68864,0.0968666,0.541845,1.82101
563,1,0.0305242,-0.214176,1.69324,0.0968666,0.541845,1.82101
564,1,0.0303775,-0.220893,1.69639,0.0968666,0.541845,1.82101
565,1,0.0306929,-0.224147,1.69836,0.0968666,0.541845,1.82101
566,1,0.0277953,-0.232572,1.70413,0.0968666,0.541845,1.82101
567,1,0.0282882,-0.236641,1.70679,0.0968666,0.541845,1.82101
568,1,0.0263521,-0.239998,1.71162,0.0968666,0.541845,1.82101
569,1,0.0252208,-0.243591,1.71404,0.0968666,0.541845,1.82101
570,1,0.0252589,-0.244487,1.71926,0.0968666,0.541845,1.82101
571,1,0.0230172,-0.24653,1.71705,0.0968666,0.541845,1.82101
572,1,0.0208346,-0.250326,1.72232,0.0968666,0.541845,1.82101
573,1,0.0219706,-0.248733,1.71853,0.0968666,0.541845,1.82101
574,1,0.0198993,-0.254245,1.72615,0.0968666,0.541845,1.82101
575,1,0.0194111,-0.25691,1.73128,0.0968666,0.541845,1.82101
576,1,0.0194918,-0.257569,1.73078,0.0968666,0.541845,1.82101
577,1,0.0180221,-0.258525,1.73507,0.0968666,0.541845,1.82101
578,1,0.0165111,-0.260138,1.73574,0.0968666,0.541845,1.82101
579,1,0.0156688,-0.257994,1.73399,0.0968666,0.541845,1.82101
580,1,0.0151416,-0.262279,1.73763,0.0968666,0.541845,1.82101
581,1,0.0153605,-0.262931,1.7395,0.0968666,0.541845,1.82101
582,1,0.0153898,-0.262445,1.74288,0.0968666,0.541845,1.82101
583,1,0.0140317,-0.264244,1.74654,0.0968666,0.541845,1.82101
584,1,0.0143919,-0.262954,1.74251,0.0968666,0.541845,1.82101
585,1,0.0139119,-0.262473,1.74238,0.0968666,0.541845,1.82101
586,1,0.0138483,-0.26289,1.74455,0.0968666,0.541845,1.82101
587,1,0.0148297,-0.263351,1.74367,0.0968666,0.541845,1.82101
588,1,0.0142605,-0.264853,1.74255,0.0968666,0.541845,1.82101
589,1,0.0153244,-0.263477,1.74329,0.0968666,0.541845,1.82101
590,1,0.0144393,-0.258703,1.7358,0.0968666,0.541845,1.82101
591,1,0.0139874,-0.264068,1.74225,0.0968666,0.541845,1.82101
592,1,0.0134697,-0.263155,1.74301,0.0968666,0.541845,1.82101
593,1,0.0139005,-0.258238,1.73591,0.0968666,0.541845,1.82101
594,1,0.0128619,-0.257814,1.73564,0.0968666,0.541845,1.82101
595,1,0.0091564,-0.261329,1.72022,0.0968666,0.541845,1.82101
596,1,0.014561,-0.260581,1.74137,0.0968666,0.541845,1.82101
597,1,0.0143593,-0.259445,1.73483,0.0968666,0.541845,1.82101
598,1,0.0135426,-0.257763,1.73567,0.0968666,0.541845,1.82101
599,1,0.0132156,-0.257917,1.73686,0.0968666,0.541845,1.82101
600,1,0.0149125,-0.262298,1.74313,0.0968666,0.541845,1.82101
601,1,0.0138172,-0.262281,1.74299,0.0968666,0.541845,1.82101
602,1,0.0144106,-0.262792,1.74396,0.0968666,0.541845,1.82101
603,1,0.0142527,-0.262253,1.74362,0.0968666,0.541845,1.82101
604,1,0.0135553,-0.262034,1.74248,0.0968666,0.541845,1.82101
605,1,0.0150683,-0.265063,1.74306,0.0968666,0.541845,1.82101
606,1,0.0137356,-0.262276,1.74298,0.0968666,0.541845,1.82101
607,1,0.0155406,-0.257653,1.73736,0.0968666,0.541845,1.82101
608,1,0.0127033,-0.263894,1.74416,0.0968666,0.541845,1.82101
610,1,0.0134126,-0.257901,1.73734,0.0968666,0.541845,1.82101
611,1,0.0131393,-0.25806,1.7386,0.0968666,0.541845,1.82101
612,1,0.0140107,-0.264452,1.74483,0.0968666,0.541845,1.82101
613,1,0.0159179,-0.259302,1.73879,0.0968666,0.541845,1.82101
614,1,0.0147156,-0.259129,1.73824,0.0968666,0.541845,1.82101
615,0,0.0110196,-0.26411,1.7437,0.0968666,0.541845,1.82101
616,0,0.0134594,-0.263922,1.74434,0.0968666,0.541845,1.82101
617,0,0.0151283,-0.260739,1.7383,0.0968666,0.541845,1.82101
618,0,0.0152802,-0.260881,1.73836,0.0968666,0.541845,1.82101
619,0,0.0144242,-0.259195,1.73834,0.0968666,0.541845,1.82101
620,0,0.0129448,-0.264199,1.74388,0.0968666,0.541845,1.82101
621,0,0.0154082,-0.260145,1.73819,0.0968666,0.541845,1.82101
622,0,0.0130163,-0.263828,1.74411,0.0968666,0.541845,1.82101
623,0,0.0155669,-0.261647,1.7388,0.0968666,0.541845,1.82101
624,0,0.0147637,-0.260679,1.73755,0.0968666,0.541845,1.82101
625,0,0.0138471,-0.260006,1.73771,0.0968666,0.541845,1.82101
626,0,0.0130131,-0.263993,1.74475,0.0968666,0.541845,1.82101
627,0,0.0127078,-0.262689,1.74344,0.0968666,0.541845,1.82101
628,0,0.0132368,-0.26402,1.7448,0.0968666,0.541845,1.82101
629,0,0.0159129,-0.260131,1.73783,0.0968666,0.541845,1.82101
630,0,0.0157597,-0.259986,1.73759,0.0968666,0.541845,1.82101
631,0,0.0157108,-0.26012,1.73736,0.0968666,0.541845,1.82101
632,0,0.0146034,-0.259936,1.73927,0.0968666,0.541845,1.82101
633,0,0.0143831,-0.259888,1.73791,0.0968666,0.541845,1.82101
634,0,0.0149854,-0.259473,1.73844,0.0968666,0.541845,1.82101
635,0,0.0153066,-0.259985,1.73832,0.0968666,0.541845,1.82101
636,0,0.0128055,-0.263361,1.74463,0.0968666,0.541845,1.82101
637,0,0.0156603,-0.261104,1.73849,0.0968666,0.541845,1.82101
638,0,0.0136632,-0.264353,1.74419,0.0968666,0.541845,1.82101
639,0,0.0139939,-0.264951,1.74424,0.0968666,0.541845,1.82101
640,0,0.0124064,-0.263904,1.74396,0.0968666,0.541845,1.82101
641,0,0.0155473,-0.259337,1.73866,0.0968666,0.541845,1.82101
642,0,0.0152656,-0.259284,1.73879,0.0968666,0.541845,1.82101
643,0,0.0144416,-0.259182,1.73854,0.0968666,0.541845,1.82101
644,0,0.0148249,-0.259868,1.73885,0.0968666,0.541845,1.82101
645,0,0.0151906,-0.259552,1.73888,0.0968666,0.541845,1.82101
646,0,0.0160537,-0.258972,1.73782,0.0968666,0.541845,1.82101
647,0,0.0157062,-0.259727,1.73958,0.0968666,0.541845,1.82101
648,0,0.01639,-0.260272,1.73812,0.0968666,0.541845,1.82101
649,0,0.0151377,-0.259665,1.73803,0.0968666,0.541845,1.82101
650,0,0.0159535,-0.260033,1.73809,0.0968666,0.541845,1.82101
651,0,0.0163222,-0.261217,1.73857,0.0968666,0.541845,1.82101
652,0,0.0178282,-0.261317,1.73799,0.0968666,0.541845,1.82101
653,0,0.0141126,-0.265123,1.74423,0.0968666,0.541845,1.82101
654,0,0.0142947,-0.259392,1.73777,0.0968666,0.541845,1.82101
655,0,0.0152997,-0.259237,1.73746,0.0968666,0.541845,1.82101
656,0,0.0165313,-0.26068,1.73695,0.0968666,0.541845,1.82101
657,0,0.0138373,-0.263481,1.74395,0.0968666,0.541845,1.82101
658,0,0.0160708,-0.260799,1.73695,0.0968666,0.541845,1.82101
659,0,0.0142862,-0.259232,1.73801,0.0968666,0.541845,1.82101
660,0,0.0148614,-0.258665,1.73752,0.0968666,0.541845,1.82101
661,0,0.0133604,-0.26273,1.74405,0.0968666,0.541845,1.82101
662,0,0.0148502,-0.259984,1.73813,0.0968666,0.541845,1.82101
663,0,0.0148374,-0.25932,1.73875,0.0968666,0.541845,1.82101
664,0,0.0143823,-0.259279,1.73744,0.0968666,0.541845,1.82101
665,0,0.0139002,-0.259373,1.73732,0.0968666,0.541845,1.82101
666,0,0.0136478,-0.260573,1.73898,0.0968666,0.541845,1.82101
667,0,0.0136326,-0.260025,1.7387,0.0968666,0.541845,1.82101
668,0,0.0148608,-0.259438,1.73822,0.0968666,0.541845,1.82101
669,0,0.0153384,-0.258889,1.73789,0.0968666,0.541845,1.82101
670,0,0.0157597,-0.259022,1.73731,0.0968666,0.541845,1.82101
671,0,0.0151603,-0.259298,1.73777,0.0968666,0.541845,1.82101
672,0,0.0135587,-0.258534,1.73812,0.0968666,0.541845,1.82101
673,0,0.0137198,-0.263485,1.7434,0.0968666,0.541845,1.82101
674,0,0.0147121,-0.260143,1.73788,0.0968666,0.541845,1.82101
675,0,0.0146579,-0.258841,1.73759,0.0968666,0.541845,1.82101
676,0,0.0160485,-0.259597,1.73765,0.0968666,0.541845,1.82101
677,0,0.0129947,-0.258677,1.7384,0.0968666,0.541845,1.82101
678,0,0.0149544,-0.259801,1.7393,0.0968666,0.541845,1.82101
679,0,0.0140487,-0.260231,1.73818,0.0968666,0.541845,1.82101
680,0,0.0135414,-0.25921,1.7382,0.0968666,0.541845,1.82101
681,0,0.0132625,-0.25873,1.73859,0.0968666,0.541845,1.82101
682,0,0.0147701,-0.259413,1.73826,0.0968666,0.541845,1.82101
683,0,0.0155426,-0.260131,1.73767,0.0968666,0.541845,1.82101
684,0,0.0143727,-0.259575,1.73754,0.0968666,0.541845,1.82101
685,0,0.0132666,-0.259559,1.73797,0.0968666,0.541845,1.82101
686,0,0.0149076,-0.260807,1.73777,0.0968666,0.541845,1.82101
687,0,0.0148495,-0.261039,1.73793,0.0968666,0.541845,1.82101
688,0,0.0133389,-0.26238,1.74408,0.0968666,0.541845,1.82101
689,0,0.0129297,-0.259121,1.7381,0.0968666,0.541845,1.82101
690,0,0.0150298,-0.258449,1.73707,0.0968666,0.541845,1.82101
691,0,0.0139039,-0.259527,1.73797,0.0968666,0.541845,1.82101
692,0,0.0147061,-0.258182,1.73871,0.0968666,0.541845,1.82101
693,0,0.0135211,-0.258893,1.7381,0.0968666,0.541845,1.82101
694,0,0.0139057,-0.264279,1.74433,0.0968666,0.541845,1.82101
695,0,0.017579,-0.259634,1.73746,0.0968666,0.541845,1.82101
696,0,0.0160372,-0.260522,1.73811,0.0968666,0.541845,1.82101
697,0,0.0146223,-0.258951,1.73714,0.0968666,0.541845,1.82101
698,0,0.0156236,-0.259633,1.73765,0.0968666,0.541845,1.82101
699,0,0.014667,-0.258872,1.73832,0.0968666,0.541845,1.82101
700,0,0.016958,-0.259181,1.73749,0.0968666,0.541845,1.82101
701,0,0.0141165,-0.259667,1.73804,0.0968666,0.541845,1.82101
702,0,0.0156966,-0.259763,1.73843,0.0968666,0.541845,1.82101
703,0,0.0143723,-0.259184,1.73912,0.0968666,0.541845,1.82101
704,0,0.0154799,-0.258934,1.73697,0.0968666,0.541845,1.82101
705,0,0.0150019,-0.258962,1.7388,0.0968666,0.541845,1.82101
706,0,0.0146883,-0.260119,1.7388,0.0968666,0.541845,1.82101
707,0,0.0158188,-0.25825,1.7387,0.0968666,0.541845,1.82101
708,0,0.0144595,-0.258844,1.73731,0.0968666,0.541845,1.82101
709,0,0.0163324,-0.260374,1.73812,0.0968666,0.541845,1.82101
710,0,0.0163962,-0.260406,1.73771,0.0968666,0.541845,1.82101
711,0,0.0141172,-0.259143,1.73873,0.0968666,0.541845,1.82101
712,0,0.0154397,-0.259541,1.7387,0.0968666,0.541845,1.82101
713,0,0.013998,-0.259527,1.73883,0.0968666,0.541845,1.82101
714,0,0.0133987,-0.263085,1.74455,0.0968666,0.541845,1.82101
715,0,0.0146838,-0.260223,1.73793,0.0968666,0.541845,1.82101
716,0,0.0151252,-0.259216,1.73727,0.0968666,0.541845,1.82101
717,0,0.0164178,-0.260649,1.73776,0.0968666,0.541845,1.82101
718,0,0.0154014,-0.259553,1.73833,0.0968666,0.541845,1.82101
719,0,0.0129396,-0.258153,1.73866,0.0968666,0.541845,1.82101
720,0,0.014189,-0.258235,1.73783,0.0968666,0.541845,1.82101
721,0,0.0144697,-0.257367,1.73765,0.0968666,0.541845,1.82101
722,0,0.0134506,-0.257785,1.73851,0.0968666,0.541845,1.82101
723,0,0.0137082,-0.258425,1.73887,0.0968666,0.541845,1.82101
724,0,0.0206664,-0.254721,1.72759,0.0968666,0.541845,1.82101
725,0,0.0155452,-0.258482,1.738,0.0968666,0.541845,1.82101
726,0,0.0148947,-0.257599,1.73818,0.0968666,0.541845,1.82101
727,0,0.0139438,-0.2585,1.73865,0.0968666,0.541845,1.82101
728,0,0.0152798,-0.258252,1.73772,0.0968666,0.541845,1.82101
729,0,0.0137545,-0.258368,1.73833,0.0968666,0.541845,1.82101
730,0,0.0137716,-0.258796,1.73858,0.0968666,0.541845,1.82101
731,0,0.0129632,-0.263559,1.74407,0.0968666,0.541845,1.82101
732,0,0.0125663,-0.262237,1.74368,0.0968666,0.541845,1.82101
733,0,0.0157743,-0.259861,1.73782,0.0968666,0.541845,1.82101
734,0,0.014532,-0.260018,1.73745,0.0968666,0.541845,1.82101
735,0,0.0130317,-0.264004,1.74296,0.0968666,0.541845,1.82101
736,0,0.0133875,-0.256881,1.73723,0.0968666,0.541845,1.82101
737,0,0.0144849,-0.25809,1.73782,0.0968666,0.541845,1.82101
738,0,0.0129473,-0.262861,1.74343,0.0968666,0.541845,1.82101
739,0,0.0126066,-0.261831,1.74281,0.0968666,0.541845,1.82101
740,0,0.0129336,-0.262002,1.74406,0.0968666,0.541845,1.82101
741,0,0.0136676,-0.261333,1.74391,0.0968666,0.541845,1.82101
742,0,0.0128886,-0.262494,1.74336,0.0968666,0.541845,1.82101
743,0,0.0134042,-0.262457,1.74485,0.0968666,0.541845,1.82101
744,0,0.0153861,-0.258508,1.73886,0.0968666,0.541845,1.82101
745,0,0.0141902,-0.258882,1.73732,0.0968666,0.541845,1.82101
746,0,0.0137309,-0.258179,1.73906,0.0968666,0.541845,1.82101
747,0,0.0140414,-0.258456,1.73894,0.0968666,0.541845,1.82101
748,0,0.0127056,-0.258398,1.73868,0.0968666,0.541845,1.82101
749,0,0.00914314,-0.256431,1.73703,0.0968666,0.541845,1.82101
750,0,-0.0252585,-0.228137,1.70022,0.0968666,0.541845,1.82101
751,0,-0.00966951,-0.230531,1.69998,0.0968666,0.541845,1.82101
752,1,-0.00676616,-0.229204,1.70298,0.0968666,0.541845,1.82101
753,1,-0.0126899,-0.21902,1.69435,0.0968666,0.541845,1.82101
754,1,-0.00628772,-0.227716,1.71042,0.0968666,0.541845,1.82101
755,1,-0.00454536,-0.232821,1.71064,0.0968666,0.541845,1.82101
756,1,-0.00356732,-0.236777,1.71639,0.0968666,0.541845,1.82101
757,1,0.00719114,-0.246844,1.72483,0.0968666,0.541845,1.82101
758,1,0.00927539,-0.246791,1.72856,0.0968666,0.541845,1.82101
759,1,0.0118724,-0.251883,1.72861,0.0968666,0.541845,1.82101
760,1,0.0139375,-0.251456,1.73073,0.0968666,0.541845,1.82101
761,1,0.0149879,-0.261526,1.73892,0.0968666,0.541845,1.82101
762,1,0.0161618,-0.263152,1.73942,0.0968666,0.541845,1.82101
763,1,0.0159826,-0.263956,1.73979,0.0968666,0.541845,1.82101
764,1,0.0164384,-0.262825,1.74035,0.0968666,0.541845,1.82101
765,1,0.0161942,-0.263542,1.73989,0.0968666,0.541845,1.82101
766,1,0.0156625,-0.264283,1.73956,0.0968666,0.541845,1.82101
767,1,0.0149307,-0.263771,1.73962,0.0968666,0.541845,1.82101
768,1,0.0143728,-0.25685,1.7323,0.0968666,0.541845,1.82101
769,1,0.0154548,-0.262785,1.7391,0.0968666,0.541845,1.82101
770,1,0.0157286,-0.25768,1.73314,0.0968666,0.541845,1.82101
771,1,0.0169576,-0.261449,1.73725,0.0968666,0.541845,1.82101
772,1,0.0162518,-0.258996,1.73703,0.0968666,0.541845,1.82101
773,1,0.0171908,-0.246053,1.72915,0.0968666,0.541845,1.82101
774,1,0.0183451,-0.242099,1.72492,0.0968666,0.541845,1.82101
775,1,0.0229042,-0.231266,1.71907,0.0968666,0.541845,1.82101
776,1,0.0245819,-0.222493,1.71422,0.0968666,0.541845,1.82101
777,1,0.0271375,-0.212602,1.70954,0.0968666,0.541845,1.82101
778,1,0.028932,-0.193619,1.69875,0.0968666,0.541845,1.82101
779,1,0.0336975,-0.177169,1.69102,0.0968666,0.541845,1.82101
780,1,0.0355534,-0.15486,1.67898,0.0968666,0.541845,1.82101
781,1,0.0393934,-0.134861,1.66909,0.0968666,0.541845,1.82101
782,1,0.0427062,-0.113351,1.66021,0.0968666,0.541845,1.82101
783,1,0.0470446,-0.0914376,1.65328,0.0968666,0.541845,1.82101
784,1,0.0504275,-0.0682866,1.64662,0.0968666,0.541845,1.82101
785,1,0.0534978,-0.0432033,1.63989,0.0968666,0.541845,1.82101
786,1,0.0561347,-0.0171149,1.63365,0.0968666,0.541845,1.82101
787,1,0.058146,0.00817295,1.63045,0.0968666,0.541845,1.82101
788,1,0.060558,0.0323105,1.62889,0.0968666,0.541845,1.82101
789,1,0.062284,0.0561038,1.62933,0.0968666,0.541845,1.82101
790,1,0.0648968,0.0831783,1.62742,0.0968666,0.541845,1.82101
791,1,0.0670161,0.105515,1.63026,0.0968666,0.541845,1.82101
792,1,0.0687622,0.130016,1.63278,0.0968666,0.541845,1.82101
793,1,0.0697268,0.153317,1.63613,0.0968666,0.541845,1.82101
794,1,0.0717628,0.176012,1.64056,0.0968666,0.541845,1.82101
795,1,0.0725276,0.19725,1.64631,0.0968666,0.541845,1.82101
796,1,0.0740793,0.220358,1.65223,0.0968666,0.541845,1.82101
797,1,0.0753089,0.239933,1.65873,0.0968666,0.541845,1.82101
798,1,0.0770401,0.257705,1.66419,0.0968666,0.541845,1.82101
799,1,0.0778776,0.274452,1.67124,0.0968666,0.541845,1.82101
800,1,0.0786847,0.287609,1.67666,0.0968666,0.541845,1.82101
801,1,0.0808668,0.302865,1.68361,0.0968666,0.541845,1.82101
802,1,0.0805521,0.314958,1.69004,0.0968666,0.541845,1.82101
803,1,0.0820083,0.328644,1.69757,0.0968666,0.541845,1.82101
804,1,0.0811124,0.339752,1.70647,0.0968666,0.541845,1.82101
805,1,0.0821228,0.353518,1.71217,0.0968666,0.541845,1.82101
806,1,0.0821358,0.363069,1.7193,0.0968666,0.541845,1.82101
807,1,0.0804607,0.373554,1.72724,0.0968666,0.541845,1.82101
808,1,0.0818925,0.382576,1.73194,0.0968666,0.541845,1.82101
809,1,0.0857691,0.385142,1.73203,0.0968666,0.541845,1.82101
810,1,0.0818604,0.397431,1.74142,0.0968666,0.541845,1.82101
811,1,0.0821442,0.403371,1.74565,0.0968666,0.541845,1.82101
812,1,0.0823669,0.408056,1.74745,0.0968666,0.541845,1.82101
813,1,0.0826364,0.413591,1.75214,0.0968666,0.541845,1.82101
814,1,0.083221,0.416415,1.75605,0.0968666,0.541845,1.82101
815,1,0.0831405,0.420301,1.75689,0.0968666,0.541845,1.82101
816,1,0.0856018,0.423607,1.75809,0.0968666,0.541845,1.82101
817,1,0.0838086,0.425284,1.76181,0.0968666,0.541845,1.82101
818,1,0.0846444,0.425455,1.76144,0.0968666,0.541845,1.82101
819,1,0.0864611,0.427544,1.76351,0.0968666,0.541845,1.82101
820,1,0.0851832,0.430342,1.76726,0.0968666,0.541845,1.82101
821,1,0.0821905,0.434758,1.77149,0.0968666,0.541845,1.82101
822,1,0.0884392,0.428926,1.76309,0.0968666,0.541845,1.82101
823,1,0.0892114,0.428802,1.76514,0.0968666,0.541845,1.82101
824,1,0.0848734,0.437312,1.76877,0.0968666,0.541845,1.82101
825,1,0.0820834,0.440134,1.77235,0.0968666,0.541845,1.82101
826,1,0.0850625,0.438877,1.76757,0.0968666,0.541845,1.82101
827,1,0.0848053,0.439894,1.76808,0.0968666,0.541845,1.82101
828,1,0.0849024,0.440406,1.76581,0.0968666,0.541845,1.82101
829,1,0.0874308,0.437639,1.76123,0.0968666,0.541845,1.82101
830,1,0.0879996,0.440739,1.76093,0.0968666,0.541845,1.82101
831,1,0.0915557,0.436843,1.75769,0.0968666,0.541845,1.82101
832,1,0.0873212,0.438792,1.76136,0.0968666,0.541845,1.82101
833,1,0.0869581,0.440985,1.76268,0.0968666,0.541845,1.82101
834,1,0.0876532,0.442033,1.76215,0.0968666,0.541845,1.82101
835,1,0.0872741,0.440213,1.76303,0.0968666,0.541845,1.82101
836,1,0.0853975,0.444003,1.76547,0.0968666,0.541845,1.82101
837,1,0.0883584,0.442088,1.76393,0.0968666,0.541845,1.82101
838,1,0.0819622,0.450411,1.77356,0.0968666,0.541845,1.82101
839,1,0.0854153,0.44379,1.76547,0.0968666,0.541845,1.82101
840,1,0.0858193,0.443853,1.76636,0.0968666,0.541845,1.82101
841,1,0.0850224,0.445544,1.76682,0.0968666,0.541845,1.82101
842,1,0.0873942,0.442701,1.76254,0.0968666,0.541845,1.82101
843,1,0.0853908,0.445677,1.76489,0.0968666,0.541845,1.82101
844,1,0.085787,0.444809,1.76389,0.0968666,0.541845,1.82101
845,1,0.0862591,0.444736,1.76205,0.0968666,0.541845,1.82101
846,1,0.0861422,0.443495,1.76014,0.0968666,0.541845,1.82101
847,1,0.0850711,0.44264,1.76176,0.0968666,0.541845,1.82101
848,1,0.0829861,0.445705,1.76522,0.0968666,0.541845,1.82101
849,1,0.0822773,0.446525,1.7654,0.0968666,0.541845,1.82101
850,1,0.0820211,0.44602,1.76377,0.0968666,0.541845,1.82101
851,1,0.0832016,0.445518,1.76392,0.0968666,0.541845,1.82101
852,1,0.0820239,0.445837,1.76326,0.0968666,0.541845,1.82101
853,1,0.0822726,0.442619,1.75916,0.0968666,0.541845,1.82101
854,1,0.0812477,0.44476,1.75906,0.0968666,0.541845,1.82101
855,1,0.0787493,0.445273,1.76414,0.0968666,0.541845,1.82101
856,1,0.0786924,0.438307,1.75991,0.0968666,0.541845,1.82101
857,1,0.0816265,0.429875,1.75036,0.0968666,0.541845,1.82101
858,1,0.0770765,0.434086,1.75735,0.0968666,0.541845,1.82101
859,1,0.0753701,0.43161,1.75781,0.0968666,0.541845,1.82101
860,1,0.0738327,0.421163,1.74903,0.0968666,0.541845,1.82101
861,1,0.0752666,0.412488,1.74209,0.0968666,0.541845,1.82101
862,1,0.0721462,0.411647,1.7411,0.0968666,0.541845,1.82101
863,1,0.0722147,0.401496,1.73154,0.0968666,0.541845,1.82101
864,1,0.0706781,0.393481,1.72685,0.0968666,0.541845,1.82101
865,1,0.067923,0.383974,1.72142,0.0968666,0.541845,1.82101
866,1,0.0664224,0.373327,1.71314,0.0968666,0.541845,1.82101
867,1,0.0632478,0.359882,1.70805,0.0968666,0.541845,1.82101
868,1,0.0604883,0.346909,1.70096,0.0968666,0.541845,1.82101
869,1,0.0584399,0.333274,1.69595,0.0968666,0.541845,1.82101
870,1,0.0535457,0.320568,1.69041,0.0968666,0.541845,1.82101
871,1,0.0480531,0.306799,1.68395,0.0968666,0.541845,1.82101
872,1,0.0411,0.292018,1.67784,0.0968666,0.541845,1.82101
873,1,0.0293508,0.27613,1.66732,0.0968666,0.541845,1.82101
874,1,0.0243134,0.264812,1.66566,0.0968666,0.541845,1.82101
875,1,0.0139914,0.252035,1.6589,0.0968666,0.541845,1.82101
876,1,0.00174244,0.238552,1.654,0.0968666,0.541845,1.82101
877,1,-0.011288,0.226899,1.64603,0.0968666,0.541845,1.82101
878,1,-0.0269732,0.213663,1.63747,0.0968666,0.541845,1.82101
879,1,-0.0465607,0.201034,1.628,0.0968666,0.541845,1.82101
880,1,-0.0640052,0.191461,1.62492,0.0968666,0.541845,1.82101
881,1,-0.0855172,0.183594,1.61918,0.0968666,0.541845,1.82101
882,1,-0.106278,0.173366,1.61659,0.0968666,0.541845,1.82101
883,1,-0.13118,0.164659,1.61036,0.0968666,0.541845,1.82101
884,1,-0.156117,0.157231,1.60437,0.0968666,0.541845,1.82101
885,1,-0.183718,0.150558,1.60054,0.0968666,0.541845,1.82101
886,1,-0.21296,0.140208,1.59748,0.0968666,0.541845,1.82101
887,1,-0.239996,0.134469,1.59827,0.0968666,0.541845,1.82101
888,1,-0.271257,0.127874,1.59875,0.0968666,0.541845,1.82101
889,1,-0.299074,0.119538,1.60017,0.0968666,0.541845,1.82101
890,1,-0.325499,0.11073,1.6083,0.0968666,0.541845,1.82101
891,1,-0.352932,0.101026,1.61558,0.0968666,0.541845,1.82101
892,1,-0.378448,0.0902678,1.62038,0.0968666,0.541845,1.82101
893,1,-0.401352,0.0779233,1.62761,0.0968666,0.541845,1.82101
894,1,-0.424351,0.0661111,1.63437,0.0968666,0.541845,1.82101
895,1,-0.444239,0.0583088,1.64772,0.0968666,0.541845,1.82101
896,1,-0.461202,0.0462502,1.65694,0.0968666,0.541845,1.82101
897,1,-0.476638,0.0337827,1.66834,0.0968666,0.541845,1.82101
898,1,-0.489295,0.0281719,1.68545,0.0968666,0.541845,1.82101
899,1,-0.498692,0.00714171,1.69104,0.0968666,0.541845,1.82101
900,1,-0.509911,-0.00345947,1.70027,0.0968666,0.541845,1.82101
901,1,-0.516847,-0.0205578,1.70428,0.0968666,0.541845,1.82101
902,1,-0.524975,-0.031423,1.71488,0.0968666,0.541845,1.82101
903,1,-0.530977,-0.0449768,1.72191,0.0968666,0.541845,1.82101
904,1,-0.538551,-0.0606897,1.73243,0.0968666,0.541845,1.82101
905,1,-0.543282,-0.0678204,1.7401,0.0968666,0.541845,1.82101
906,1,-0.546616,-0.0791509,1.74793,0.0968666,0.541845,1.82101
907,1,-0.54838,-0.0972047,1.75048,0.0968666,0.541845,1.82101
908,1,-0.550189,-0.107377,1.75721,0.0968666,0.541845,1.82101
909,1,-0.551433,-0.120169,1.7632,0.0968666,0.541845,1.82101
910,1,-0.552405,-0.13282,1.76419,0.0968666,0.541845,1.82101
911,1,-0.552817,-0.139404,1.77085,0.0968666,0.541845,1.82101
912,1,-0.554079,-0.145954,1.77631,0.0968666,0.541845,1.82101
913,1,-0.553063,-0.158491,1.77766,0.0968666,0.541845,1.82101
914,1,-0.552445,-0.1687,1.78031,0.0968666,0.541845,1.82101
915,1,-0.556303,-0.172981,1.78139,0.0968666,0.541845,1.82101
916,1,-0.554076,-0.180493,1.78302,0.0968666,0.541845,1.82101
917,1,-0.557269,-0.186864,1.78553,0.0968666,0.541845,1.82101
918,1,-0.556769,-0.188261,1.78633,0.0968666,0.541845,1.82101
919,1,-0.558919,-0.197223,1.78892,0.0968666,0.541845,1.82101
920,1,-0.557349,-0.199686,1.79107,0.0968666,0.541845,1.82101
921,1,-0.555859,-0.204267,1.79067,0.0968666,0.541845,1.82101
922,1,-0.559507,-0.206924,1.78936,0.0968666,0.541845,1.82101
923,1,-0.560397,-0.20914,1.79413,0.0968666,0.541845,1.82101
924,1,-0.56503,-0.211376,1.79101,0.0968666,0.541845,1.82101
925,1,-0.566873,-0.20992,1.79554,0.0968666,0.541845,1.82101
926,1,-0.564482,-0.210058,1.79522,0.0968666,0.541845,1.82101
927,1,-0.563804,-0.211664,1.79517,0.0968666,0.541845,1.82101
928,1,-0.564733,-0.213661,1.79396,0.0968666,0.541845,1.82101
929,1,-0.563692,-0.211672,1.79842,0.0968666,0.541845,1.82101
930,1,-0.559028,-0.21805,1.79005,0.0968666,0.541845,1.82101
931,1,-0.562293,-0.215225,1.7961,0.0968666,0.541845,1.82101
932,1,-0.564891,-0.215325,1.79455,0.0968666,0.541845,1.82101
933,1,-0.563264,-0.211201,1.79831,0.0968666,0.541845,1.82101
934,1,-0.56383,-0.212785,1.79878,0.0968666,0.541845,1.82101
935,1,-0.564751,-0.212672,1.80005,0.0968666,0.541845,1.82101
936,1,-0.565295,-0.21342,1.80061,0.0968666,0.541845,1.82101
937,1,-0.564404,-0.213492,1.79787,0.0968666,0.541845,1.82101
938,1,-0.564331,-0.210847,1.80065,0.0968666,0.541845,1.82101
939,1,-0.562208,-0.213805,1.80097,0.0968666,0.541845,1.82101
940,1,-0.564572,-0.212603,1.80166,0.0968666,0.541845,1.82101
941,1,-0.562257,-0.213632,1.80102,0.0968666,0.541845,1.82101
942,1,-0.562942,-0.213248,1.80197,0.0968666,0.541845,1.82101
943,1,-0.561901,-0.209381,1.80483,0.0968666,0.541845,1.82101
944,1,-0.562554,-0.208917,1.80392,0.0968666,0.541845,1.82101
945,1,-0.561819,-0.21174,1.80144,0.0968666,0.541845,1.82101
946,1,-0.563403,-0.213353,1.80155,0.0968666,0.541845,1.82101
947,1,-0.562868,-0.212859,1.80031,0.0968666,0.541845,1.82101
948,1,-0.56229,-0.212773,1.80174,0.0968666,0.541845,1.82101
949,1,-0.562024,-0.212453,1.80164,0.0968666,0.541845,1.82101
950,1,-0.562293,-0.212736,1.80032,0.0968666,0.541845,1.82101
951,1,-0.562064,-0.211922,1.80102,0.0968666,0.541845,1.82101
952,1,-0.562675,-0.211677,1.8023,0.0968666,0.541845,1.82101
953,1,-0.562234,-0.212167,1.80105,0.0968666,0.541845,1.82101
954,1,-0.562426,-0.213164,1.80087,0.0968666,0.541845,1.82101
955,1,-0.563131,-0.211072,1.80084,0.0968666,0.541845,1.82101
956,1,-0.561973,-0.213544,1.7995,0.0968666,0.541845,1.82101
957,1,-0.562312,-0.214143,1.79766,0.0968666,0.541845,1.82101
958,1,-0.562841,-0.212479,1.802,0.0968666,0.541845,1.82101
959,1,-0.562463,-0.214336,1.80072,0.0968666,0.541845,1.82101
960,1,-0.562297,-0.212478,1.80049,0.0968666,0.541845,1.82101
961,1,-0.562272,-0.213733,1.80151,0.0968666,0.541845,1.82101
962,1,-0.561287,-0.211348,1.80145,0.0968666,0.541845,1.82101
963,1,-0.560249,-0.212567,1.79864,0.0968666,0.541845,1.82101
964,1,-0.562428,-0.212936,1.80244,0.0968666,0.541845,1.82101
965,1,-0.561824,-0.211763,1.80277,0.0968666,0.541845,1.82101
966,1,-0.562646,-0.215715,1.79874,0.0968666,0.541845,1.82101
967,1,-0.561639,-0.214382,1.79855,0.0968666,0.541845,1.82101
968,1,-0.562019,-0.211842,1.80109,0.0968666,0.541845,1.82101
969,1,-0.562278,-0.212064,1.80238,0.0968666,0.541845,1.82101
970,1,-0.562815,-0.20924,1.80449,0.0968666,0.541845,1.82101
971,1,-0.56302,-0.213595,1.80198,0.0968666,0.541845,1.82101
972,1,-0.562257,-0.212906,1.79946,0.0968666,0.541845,1.82101
973,1,-0.562951,-0.213089,1.80293,0.0968666,0.541845,1.82101
974,1,-0.563096,-0.211822,1.80313,0.0968666,0.541845,1.82101
975,1,-0.56121,-0.211498,1.80173,0.0968666,0.541845,1.82101
976,1,-0.562297,-0.214134,1.7995,0.0968666,0.541845,1.82101
977,1,-0.563137,-0.214388,1.80194,0.0968666,0.541845,1.82101
978,1,-0.563628,-0.212558,1.80392,0.0968666,0.541845,1.82101
979,1,-0.562251,-0.212525,1.80095,0.0968666,0.541845,1.82101
980,1,-0.562528,-0.213428,1.80044,0.0968666,0.541845,1.82101
981,1,-0.564,-0.213854,1.80123,0.0968666,0.541845,1.82101
982,1,-0.563727,-0.215035,1.80104,0.0968666,0.541845,1.82101
983,1,-0.562792,-0.21687,1.80145,0.0968666,0.541845,1.82101
984,1,-0.564387,-0.214794,1.80324,0.0968666,0.541845,1.82101
985,1,-0.560925,-0.219925,1.8007,0.0968666,0.541845,1.82101
986,1,-0.56285,-0.21616,1.80251,0.0968666,0.541845,1.82101
987,1,-0.562093,-0.218658,1.8009,0.0968666,0.541845,1.82101
988,0,-0.561189,-0.219159,1.80072,0.0968666,0.541845,1.82101
989,0,-0.560694,-0.218369,1.80124,0.0968666,0.541845,1.82101
990,0,-0.559567,-0.219965,1.79986,0.0968666,0.541845,1.82101
991,0,-0.561564,-0.21836,1.80024,0.0968666,0.541845,1.82101
992,0,-0.561508,-0.218344,1.79966,0.0968666,0.541845,1.82101
993,0,-0.561433,-0.217912,1.80006,0.0968666,0.541845,1.82101
994,0,-0.5618,-0.219346,1.79992,0.0968666,0.541845,1.82101
995,0,-0.561508,-0.218744,1.80014,0.0968666,0.541845,1.82101
996,0,-0.560521,-0.220148,1.80043,0.0968666,0.541845,1.82101
997,0,-0.562398,-0.218382,1.80041,0.0968666,0.541845,1.82101
998,0,-0.563536,-0.215465,1.80241,0.0968666,0.541845,1.82101
999,0,-0.561038,-0.219131,1.80065,0.0968666,0.541845,1.82101
1000,0,-0.561311,-0.218013,1.80038,0.0968666,0.541845,1.82101
1001,0,-0.56128,-0.216767,1.80218,0.0968666,0.541845,1.82101
1002,0,-0.561233,-0.217151,1.80308,0.0968666,0.541845,1.82101
1003,0,-0.561403,-0.215876,1.80278,0.0968666,0.541845,1.82101
1004,0,-0.560598,-0.218768,1.8003,0.0968666,0.541845,1.82101
1005,0,-0.560906,-0.218245,1.79934,0.0968666,0.541845,1.82101
1006,0,-0.561142,-0.218862,1.80027,0.0968666,0.541845,1.82101
1007,0,-0.560758,-0.218921,1.79927,0.0968666,0.541845,1.82101
1008,0,-0.559958,-0.219087,1.80093,0.0968666,0.541845,1.82101
1009,0,-0.560664,-0.216419,1.8031,0.0968666,0.541845,1.82101
1010,0,-0.560978,-0.217685,1.80169,0.0968666,0.541845,1.82101
1011,0,-0.561675,-0.217422,1.80224,0.0968666,0.541845,1.82101
1012,0,-0.561487,-0.218075,1.7998,0.0968666,0.541845,1.82101
1013,0,-0.560335,-0.218953,1.79921,0.0968666,0.541845,1.82101
1014,0,-0.559926,-0.21908,1.80047,0.0968666,0.541845,1.82101
1015,0,-0.561611,-0.218782,1.80026,0.0968666,0.541845,1.82101
1016,0,-0.559959,-0.219511,1.80033,0.0968666,0.541845,1.82101
1017,0,-0.561058,-0.218721,1.80029,0.0968666,0.541845,1.82101
1018,0,-0.560046,-0.218804,1.79994,0.0968666,0.541845,1.82101
1019,0,-0.560846,-0.218978,1.80019,0.0968666,0.541845,1.82101
1020,0,-0.559902,-0.218817,1.79869,0.0968666,0.541845,1.82101
1021,0,-0.560546,-0.218968,1.7996,0.0968666,0.541845,1.82101
1022,0,-0.562826,-0.21723,1.80345,0.0968666,0.541845,1.82101
1023,0,-0.561563,-0.218091,1.79924,0.0968666,0.541845,1.82101
1024,0,-0.5605,-0.219421,1.80013,0.0968666,0.541845,1.82101
1025,0,-0.562892,-0.216245,1.80332,0.0968666,0.541845,1.82101
1026,0,-0.560576,-0.216602,1.80368,0.0968666,0.541845,1.82101
1027,0,-0.559922,-0.218439,1.79877,0.0968666,0.541845,1.82101
1028,0,-0.559644,-0.218759,1.80038,0.0968666,0.541845,1.82101
1029,0,-0.562047,-0.218685,1.79909,0.0968666,0.541845,1.82101
1030,0,-0.560348,-0.219467,1.7992,0.0968666,0.541845,1.82101
1031,0,-0.560857,-0.218136,1.7996,0.0968666,0.541845,1.82101
1032,0,-0.562283,-0.217475,1.8034,0.0968666,0.541845,1.82101
1033,0,-0.56187,-0.216575,1.80292,0.0968666,0.541845,1.82101
1034,0,-0.561654,-0.219294,1.79707,0.0968666,0.541845,1.82101
1035,0,-0.560848,-0.218343,1.79795,0.0968666,0.541845,1.82101
1036,0,-0.559846,-0.218942,1.79947,0.0968666,0.541845,1.82101
1037,0,-0.563082,-0.217732,1.80251,0.0968666,0.541845,1.82101
1038,0,-0.559584,-0.219303,1.79983,0.0968666,0.541845,1.82101
1039,0,-0.56003,-0.218941,1.79967,0.0968666,0.541845,1.82101
1040,0,-0.562504,-0.216546,1.80295,0.0968666,0.541845,1.82101
1041,0,-0.560701,-0.2188,1.79891,0.0968666,0.541845,1.82101
1042,0,-0.559961,-0.218794,1.7986,0.0968666,0.541845,1.82101
1043,0,-0.560261,-0.216798,1.80186,0.0968666,0.541845,1.82101
1044,0,-0.55995,-0.220182,1.79893,0.0968666,0.541845,1.82101
1045,0,-0.560682,-0.218867,1.80016,0.0968666,0.541845,1.82101
1046,0,-0.560607,-0.218438,1.79886,0.0968666,0.541845,1.82101
1047,0,-0.561299,-0.215856,1.80217,0.0968666,0.541845,1.82101
1048,0,-0.560132,-0.219171,1.79945,0.0968666,0.541845,1.82101
1049,0,-0.560165,-0.219062,1.79908,0.0968666,0.541845,1.82101
1050,0,-0.560456,-0.218812,1.79867,0.0968666,0.541845,1.82101
1051,0,-0.560284,-0.219214,1.79993,0.0968666,0.541845,1.82101
1052,0,-0.561576,-0.217231,1.8016,0.0968666,0.541845,1.82101
1053,0,-0.560299,-0.219305,1.79967,0.0968666,0.541845,1.82101
1054,0,-0.561274,-0.218714,1.79909,0.0968666,0.541845,1.82101
1055,0,-0.561451,-0.217118,1.80194,0.0968666,0.541845,1.82101
1056,0,-0.561311,-0.218251,1.79883,0.0968666,0.541845,1.82101
1057,0,-0.563251,-0.217074,1.80243,0.0968666,0.541845,1.82101
1058,0,-0.562838,-0.216735,1.80134,0.0968666,0.541845,1.82101
1059,0,-0.561668,-0.218515,1.80037,0.0968666,0.541845,1.82101
1060,0,-0.562191,-0.216627,1.80309,0.0968666,0.541845,1.82101
1061,0,-0.561271,-0.216679,1.80082,0.0968666,0.541845,1.82101
1062,0,-0.560043,-0.218996,1.7992,0.0968666,0.541845,1.82101
1063,0,-0.559809,-0.218845,1.79869,0.0968666,0.541845,1.82101
1064,0,-0.561208,-0.218395,1.79893,0.0968666,0.541845,1.82101
1065,0,-0.559973,-0.219062,1.79987,0.0968666,0.541845,1.82101
1066,0,-0.562001,-0.217785,1.8004,0.0968666,0.541845,1.82101
1067,0,-0.559698,-0.219473,1.79905,0.0968666,0.541845,1.82101
1068,0,-0.559946,-0.217331,1.79935,0.0968666,0.541845,1.82101
1069,0,-0.560863,-0.218266,1.79952,0.0968666,0.541845,1.82101
1070,0,-0.55994,-0.218971,1.79943,0.0968666,0.541845,1.82101
1071,0,-0.560109,-0.21877,1.79793,0.0968666,0.541845,1.82101
1072,0,-0.560438,-0.216577,1.80043,0.0968666,0.541845,1.82101
1073,0,-0.559808,-0.219133,1.79928,0.0968666,0.541845,1.82101
1074,0,-0.560722,-0.218421,1.79846,0.0968666,0.541845,1.82101
1075,0,-0.559363,-0.218685,1.79818,0.0968666,0.541845,1.82101
1076,0,-0.56008,-0.219168,1.79884,0.0968666,0.541845,1.82101
1077,0,-0.560598,-0.21914,1.79911,0.0968666,0.541845,1.82101
1078,0,-0.559313,-0.218235,1.79858,0.0968666,0.541845,1.82101
1079,0,-0.560337,-0.218579,1.79873,0.0968666,0.541845,1.82101
1080,0,-0.560703,-0.218996,1.79864,0.0968666,0.541845,1.82101
1081,0,-0.560798,-0.218608,1.79896,0.0968666,0.541845,1.82101
1082,0,-0.56088,-0.218907,1.79863,0.0968666,0.541845,1.82101
1083,0,-0.560304,-0.218364,1.79746,0.0968666,0.541845,1.82101
1084,0,-0.559018,-0.217985,1.79906,0.0968666,0.541845,1.82101
1085,0,-0.562038,-0.215464,1.80155,0.0968666,0.541845,1.82101
1086,0,-0.561452,-0.217711,1.79992,0.0968666,0.541845,1.82101
1087,0,-0.561292,-0.218776,1.79561,0.0968666,0.541845,1.82101
1088,0,-0.561579,-0.216083,1.80147,0.0968666,0.541845,1.82101
1089,0,-0.560776,-0.217952,1.79957,0.0968666,0.541845,1.82101
1090,0,-0.561412,-0.218746,1.79898,0.0968666,0.541845,1.82101
1092,0,-0.56021,-0.216291,1.80136,0.0968666,0.541845,1.82101
1093,0,-0.559577,-0.219109,1.79902,0.0968666,0.541845,1.82101
1094,0,-0.559341,-0.218957,1.79976,0.0968666,0.541845,1.82101
1095,0,-0.560872,-0.215195,1.80049,0.0968666,0.541845,1.82101
1096,0,-0.561519,-0.218279,1.7993,0.0968666,0.541845,1.82101
1097,0,-0.559655,-0.218716,1.79883,0.0968666,0.541845,1.82101
1098,0,-0.562005,-0.217464,1.80034,0.0968666,0.541845,1.82101
1099,0,-0.560542,-0.21845,1.79886,0.0968666,0.541845,1.82101
1100,0,-0.560041,-0.218989,1.79835,0.0968666,0.541845,1.82101
1101,0,-0.560841,-0.217848,1.79517,0.0968666,0.541845,1.82101
1102,0,-0.559942,-0.219393,1.79897,0.0968666,0.541845,1.82101
1103,0,-0.562232,-0.215279,1.80118,0.0968666,0.541845,1.82101
1104,0,-0.560963,-0.218604,1.79907,0.0968666,0.541845,1.82101
1105,0,-0.561061,-0.218604,1.79869,0.0968666,0.541845,1.82101
1106,0,-0.56105,-0.217721,1.79875,0.0968666,0.541845,1.82101
1107,0,-0.559878,-0.219139,1.79827,0.0968666,0.541845,1.82101
1108,0,-0.560716,-0.219045,1.79725,0.0968666,0.541845,1.82101
1109,0,-0.561778,-0.218687,1.8003,0.0968666,0.541845,1.82101
1110,0,-0.560999,-0.217696,1.79794,0.0968666,0.541845,1.82101
1111,0,-0.560349,-0.21925,1.79947,0.0968666,0.541845,1.82101
1112,0,-0.56,-0.219749,1.79965,0.0968666,0.541845,1.82101
1113,1,-0.561874,-0.217033,1.79913,0.0968666,0.541845,1.82101
1114,1,-0.561154,-0.218123,1.7985,0.0968666,0.541845,1.82101
1115,1,-0.560618,-0.21789,1.80038,0.0968666,0.541845,1.82101
1116,1,-0.562048,-0.217512,1.79665,0.0968666,0.541845,1.82101
1117,1,-0.560075,-0.21732,1.79613,0.0968666,0.541845,1.82101
1118,1,-0.560214,-0.217581,1.79707,0.0968666,0.541845,1.82101
1119,1,-0.562745,-0.215133,1.79934,0.0968666,0.541845,1.82101
1120,1,-0.560575,-0.218149,1.79849,0.0968666,0.541845,1.82101
1121,1,-0.56276,-0.214553,1.8015,0.0968666,0.541845,1.82101
1122,1,-0.561684,-0.216086,1.79733,0.0968666,0.541845,1.82101
1123,1,-0.562464,-0.213481,1.80036,0.0968666,0.541845,1.82101
1124,1,-0.56248,-0.214911,1.79717,0.0968666,0.541845,1.82101
1125,1,-0.564485,-0.213363,1.80293,0.0968666,0.541845,1.82101
1126,1,-0.564251,-0.213647,1.80142,0.0968666,0.541845,1.82101
1127,1,-0.564273,-0.213575,1.80231,0.0968666,0.541845,1.82101
1128,1,-0.564414,-0.213818,1.80056,0.0968666,0.541845,1.82101
1129,1,-0.562579,-0.21575,1.79694,0.0968666,0.541845,1.82101
1130,1,-0.564273,-0.212843,1.8007,0.0968666,0.541845,1.82101
1131,1,-0.562135,-0.21575,1.79713,0.0968666,0.541845,1.82101
1132,1,-0.563481,-0.213649,1.80061,0.0968666,0.541845,1.82101
1133,1,-0.561049,-0.215617,1.79778,0.0968666,0.541845,1.82101
1134,1,-0.561795,-0.214259,1.80157,0.0968666,0.541845,1.82101
1135,1,-0.563597,-0.214351,1.80195,0.0968666,0.541845,1.82101
1136,1,-0.559687,-0.212968,1.80148,0.0968666,0.541845,1.82101
1137,1,-0.555048,-0.215461,1.7961,0.0968666,0.541845,1.82101
1138,1,-0.556624,-0.211676,1.79553,0.0968666,0.541845,1.82101
1139,1,-0.560914,-0.207487,1.79574,0.0968666,0.541845,1.82101
1140,1,-0.560507,-0.202432,1.794,0.0968666,0.541845,1.82101
1141,1,-0.56,-0.201229,1.78922,0.0968666,0.541845,1.82101
1142,1,-0.564479,-0.193083,1.78532,0.0968666,0.541845,1.82101
1143,1,-0.566191,-0.187906,1.78354,0.0968666,0.541845,1.82101
1144,1,-0.56291,-0.183489,1.77778,0.0968666,0.541845,1.82101
1145,1,-0.562314,-0.180029,1.77465,0.0968666,0.541845,1.82101
1146,1,-0.564305,-0.173091,1.77416,0.0968666,0.541845,1.82101
1147,1,-0.561646,-0.167518,1.76636,0.0968666,0.541845,1.82101
1148,1,-0.567035,-0.160773,1.76395,0.0968666,0.541845,1.82101
1149,1,-0.564778,-0.154799,1.75899,0.0968666,0.541845,1.82101
1150,1,-0.568947,-0.148403,1.75741,0.0968666,0.541845,1.82101
1151,1,-0.57043,-0.142479,1.75658,0.0968666,0.541845,1.82101
1153,1,-0.568653,-0.134554,1.74724,0.0968666,0.541845,1.82101
1154,1,-0.571152,-0.120874,1.73856,0.0968666,0.541845,1.82101
1155,1,-0.56852,-0.115369,1.737,0.0968666,0.541845,1.82101
1156,1,-0.567758,-0.108557,1.73169,0.0968666,0.541845,1.82101
1157,1,-0.568474,-0.0997782,1.72757,0.0968666,0.541845,1.82101
1158,1,-0.569216,-0.0915278,1.72485,0.0968666,0.541845,1.82101
1159,1,-0.566238,-0.0876127,1.71615,0.0968666,0.541845,1.82101
1160,1,-0.563974,-0.0822455,1.71384,0.0968666,0.541845,1.82101
1161,1,-0.563623,-0.0756615,1.71148,0.0968666,0.541845,1.82101
1162,1,-0.562687,-0.0705437,1.7078,0.0968666,0.541845,1.82101
1163,1,-0.558008,-0.0669275,1.70271,0.0968666,0.541845,1.82101
1164,1,-0.55647,-0.0594519,1.69775,0.0968666,0.541845,1.82101
1165,1,-0.54983,-0.055788,1.69518,0.0968666,0.541845,1.82101
1166,1,-0.548449,-0.046367,1.68701,0.0968666,0.541845,1.82101
1167,1,-0.542061,-0.043189,1.68352,0.0968666,0.541845,1.82101
1168,1,-0.536578,-0.0384033,1.67523,0.0968666,0.541845,1.82101
1169,1,-0.532943,-0.0307272,1.66901,0.0968666,0.541845,1.82101
1170,1,-0.527362,-0.0234598,1.65997,0.0968666,0.541845,1.82101
1171,1,-0.52111,-0.0200427,1.65764,0.0968666,0.541845,1.82101
1172,1,-0.516051,-0.0152385,1.65076,0.0968666,0.541845,1.82101
1173,1,-0.509614,-0.0121235,1.64913,0.0968666,0.541845,1.82101
1174,1,-0.503748,-0.00610826,1.64295,0.0968666,0.541845,1.82101
1175,1,-0.495193,-0.00339494,1.63915,0.0968666,0.541845,1.82101
1176,1,-0.489508,0.00225103,1.63343,0.0968666,0.541845,1.82101
1177,1,-0.48198,0.00188719,1.63089,0.0968666,0.541845,1.82101
1178,1,-0.477261,0.00466912,1.62507,0.0968666,0.541845,1.82101
1179,1,-0.468645,0.0062558,1.62097,0.0968666,0.541845,1.82101
1180,1,-0.462746,0.00939185,1.61609,0.0968666,0.541845,1.82101
1181,1,-0.453763,0.0119023,1.60991,0.0968666,0.541845,1.82101
1182,1,-0.445909,0.013895,1.60521,0.0968666,0.541845,1.82101
1183,1,-0.437215,0.0152141,1.59954,0.0968666,0.541845,1.82101
1184,1,-0.427762,0.0165595,1.59398,0.0968666,0.541845,1.82101
1185,1,-0.421426,0.0211654,1.58752,0.0968666,0.541845,1.82101
1186,1,-0.413477,0.0213294,1.58359,0.0968666,0.541845,1.82101
1187,1,-0.404296,0.0238282,1.57997,0.0968666,0.541845,1.82101
1188,1,-0.393185,0.0255808,1.57652,0.0968666,0.541845,1.82101
1189,1,-0.384988,0.0279881,1.57181,0.0968666,0.541845,1.82101
1190,1,-0.376088,0.0282195,1.56777,0.0968666,0.541845,1.82101
1191,1,-0.366945,0.0297046,1.56535,0.0968666,0.541845,1.82101
1192,1,-0.358541,0.0300888,1.56157,0.0968666,0.541845,1.82101
1193,1,-0.34817,0.0305843,1.55764,0.0968666,0.541845,1.82101
1194,1,-0.339902,0.032211,1.55468,0.0968666,0.541845,1.82101
1195,1,-0.329104,0.0315924,1.5523,0.0968666,0.541845,1.82101
1196,1,-0.320737,0.0344789,1.54791,0.0968666,0.541845,1.82101
1197,1,-0.311066,0.0357148,1.54564,0.0968666,0.541845,1.82101
1198,1,-0.301328,0.0369574,1.54047,0.0968666,0.541845,1.82101
1199,1,-0.291362,0.0383343,1.53724,0.0968666,0.541845,1.82101
1200,1,-0.281436,0.0381546,1.53544,0.0968666,0.541845,1.82101
1201,1,-0.26884,0.039517,1.53165,0.0968666,0.541845,1.82101
1202,1,-0.260238,0.0410941,1.52986,0.0968666,0.541845,1.82101
1203,1,-0.250327,0.040874,1.5291,0.0968666,0.541845,1.82101
1204,1,-0.237408,0.0443904,1.52432,0.0968666,0.541845,1.82101
1205,1,-0.229141,0.0435814,1.52598,0.0968666,0.541845,1.82101
1206,1,-0.21709,0.0434282,1.52211,0.0968666,0.541845,1.82101
1207,1,-0.206149,0.0424605,1.52014,0.0968666,0.541845,1.82101
1208,1,-0.195459,0.0423393,1.51862,0.0968666,0.541845,1.82101
1209,1,-0.186976,0.0425836,1.51916,0.0968666,0.541845,1.82101
1210,1,-0.174546,0.0399933,1.51407,0.0968666,0.541845,1.82101
1211,1,-0.166426,0.0392351,1.51272,0.0968666,0.541845,1.82101
1212,1,-0.156884,0.0390719,1.51148,0.0968666,0.541845,1.82101
1213,1,-0.145195,0.0402732,1.50865,0.0968666,0.541845,1.82101
1214,1,-0.136171,0.0380053,1.50859,0.0968666,0.541845,1.82101
1215,1,-0.12839,0.0374665,1.50951,0.0968666,0.541845,1.82101
1216,1,-0.117779,0.036973,1.50855,0.0968666,0.541845,1.82101
1217,1,-0.10994,0.0338066,1.50951,0.0968666,0.541845,1.82101
1218,1,-0.0979227,0.0348182,1.50755,0.0968666,0.541845,1.82101
1219,1,-0.0890813,0.0339616,1.50807,0.0968666,0.541845,1.82101
1220,1,-0.0780193,0.0320948,1.50535,0.0968666,0.541845,1.82101
1221,1,-0.0678214,0.0299326,1.5054,0.0968666,0.541845,1.82101
1222,1,-0.0569364,0.0301711,1.50308,0.0968666,0.541845,1.82101
1223,1,-0.046099,0.0289906,1.50158,0.0968666,0.541845,1.82101
1224,1,-0.0373637,0.024729,1.50458,0.0968666,0.541845,1.82101
1225,1,-0.0268742,0.0229054,1.5044,0.0968666,0.541845,1.82101
1226,1,-0.0170372,0.0197247,1.50606,0.0968666,0.541845,1.82101
1227,1,-0.00381774,0.0215619,1.50789,0.0968666,0.541845,1.82101
1228,1,0.00438004,0.0158203,1.51081,0.0968666,0.541845,1.82101
1229,1,0.0198949,0.0200305,1.50791,0.0968666,0.541845,1.82101
1230,1,0.0300999,0.0137402,1.51106,0.0968666,0.541845,1.82101
1231,1,0.0417728,0.0114695,1.51224,0.0968666,0.541845,1.82101
1232,1,0.0561292,0.00982029,1.513,0.0968666,0.541845,1.82101
1233,1,0.06947,0.0092012,1.5135,0.0968666,0.541845,1.82101
1234,1,0.0816865,0.00457031,1.51941,0.0968666,0.541845,1.82101
1235,1,0.0955201,0.000793313,1.52692,0.0968666,0.541845,1.82101
1236,1,0.11029,-0.000197186,1.53224,0.0968666,0.541845,1.82101
1237,1,0.125453,-0.00206948,1.53616,0.0968666,0.541845,1.82101
1238,1,0.140575,-0.00299555,1.54209,0.0968666,0.541845,1.82101
1239,1,0.156439,-0.00330465,1.54798,0.0968666,0.541845,1.82101
1240,1,0.171929,-0.00563607,1.55243,0.0968666,0.541845,1.82101
1241,1,0.186316,-0.00914819,1.55751,0.0968666,0.541845,1.82101
1242,1,0.20039,-0.0112503,1.56529,0.0968666,0.541845,1.82101
1243,1,0.215501,-0.0139196,1.57401,0.0968666,0.541845,1.82101
1244,1,0.229116,-0.0152636,1.58096,0.0968666,0.541845,1.82101
1245,1,0.245311,-0.0137563,1.58667,0.0968666,0.541845,1.82101
1246,1,0.257411,-0.0205357,1.59628,0.0968666,0.541845,1.82101
1247,1,0.270508,-0.0217029,1.60343,0.0968666,0.541845,1.82101
1248,1,0.283494,-0.0235885,1.60693,0.0968666,0.541845,1.82101
1249,1,0.295753,-0.0276108,1.61482,0.0968666,0.541845,1.82101
1250,1,0.309762,-0.025667,1.61639,0.0968666,0.541845,1.82101
1251,1,0.320456,-0.0343671,1.62756,0.0968666,0.541845,1.82101
1252,1,0.335075,-0.0345645,1.63172,0.0968666,0.541845,1.82101
1253,1,0.34836,-0.0384113,1.64265,0.0968666,0.541845,1.82101
1254,1,0.361914,-0.0419523,1.65035,0.0968666,0.541845,1.82101
1255,1,0.374669,-0.0465364,1.66231,0.0968666,0.541845,1.82101
1256,1,0.389332,-0.0492636,1.66672,0.0968666,0.541845,1.82101
1257,1,0.40236,-0.0558833,1.68018,0.0968666,0.541845,1.82101
1258,1,0.414032,-0.0587977,1.68574,0.0968666,0.541845,1.82101
1259,1,0.428273,-0.0659378,1.69808,0.0968666,0.541845,1.82101
1260,1,0.438851,-0.0697686,1.70552,0.0968666,0.541845,1.82101
1261,1,0.455604,-0.0712919,1.71618,0.0968666,0.541845,1.82101
1262,1,0.464565,-0.0767718,1.72268,0.0968666,0.541845,1.82101
1263,1,0.474102,-0.0784732,1.72886,0.0968666,0.541845,1.82101
1264,1,0.481976,-0.0945783,1.75081,0.0968666,0.541845,1.82101
1265,1,0.497067,-0.0981766,1.76246,0.0968666,0.541845,1.82101
1266,1,0.507418,-0.104718,1.7721,0.0968666,0.541845,1.82101
1267,1,0.514096,-0.108577,1.78397,0.0968666,0.541845,1.82101
1268,1,0.521251,-0.109621,1.78888,0.0968666,0.541845,1.82101
1269,1,0.527849,-0.11845,1.80374,0.0968666,0.541845,1.82101
1270,1,0.526309,-0.12851,1.8123,0.0968666,0.541845,1.82101
1271,1,0.532829,-0.124724,1.81619,0.0968666,0.541845,1.82101
1272,1,0.53644,-0.129007,1.82338,0.0968666,0.541845,1.82101
1273,1,0.543807,-0.126129,1.82631,0.0968666,0.541845,1.82101
1274,1,0.543853,-0.128885,1.83179,0.0968666,0.541845,1.82101
1275,1,0.541413,-0.127897,1.82975,0.0968666,0.541845,1.82101
1276,1,0.54228,-0.136637,1.8371,0.0968666,0.541845,1.82101
1277,1,0.549094,-0.139544,1.84051,0.0968666,0.541845,1.82101
1278,1,0.208871,0.513715,1.83916,0.0968666,0.541845,1.82101
1279,1,0.555426,-0.139784,1.843,0.0968666,0.541845,1.82101
1280,1,0.56219,-0.141038,1.84637,0.0968666,0.541845,1.82101
1281,1,0.557933,-0.151671,1.85433,0.0968666,0.541845,1.82101
1282,1,0.553744,-0.159103,1.85162,0.0968666,0.541845,1.82101
1283,1,0.561601,-0.15893,1.85561,0.0968666,0.541845,1.82101
1284,1,0.560785,-0.159502,1.85177,0.0968666,0.541845,1.82101
1285,1,0.55629,-0.163868,1.85162,0.0968666,0.541845,1.82101
1286,1,0.555785,-0.167445,1.85428,0.0968666,0.541845,1.82101
1287,1,0.558552,-0.166659,1.85341,0.0968666,0.541845,1.82101
1288,1,0.555923,-0.171444,1.85601,0.0968666,0.541845,1.82101
1289,1,0.555773,-0.172834,1.86021,0.0968666,0.541845,1.82101
1290,1,0.559046,-0.161249,1.84736,0.0968666,0.541845,1.82101
1292,1,0.55568,-0.173634,1.85731,0.0968666,0.541845,1.82101
1293,1,0.557904,-0.169142,1.8555,0.0968666,0.541845,1.82101
1294,1,0.558953,-0.158156,1.84347,0.0968666,0.541845,1.82101
1295,1,0.559105,-0.171415,1.85739,0.0968666,0.541845,1.82101
1296,1,0.557244,-0.171679,1.85854,0.0968666,0.541845,1.82101
1297,1,0.554677,-0.173053,1.8557,0.0968666,0.541845,1.82101
1298,1,0.555424,-0.171336,1.85492,0.0968666,0.541845,1.82101
1299,1,0.561178,-0.170558,1.85719,0.0968666,0.541845,1.82101
1300,1,0.556464,-0.17248,1.85713,0.0968666,0.541845,1.82101
1301,1,0.559357,-0.173737,1.85907,0.0968666,0.541845,1.82101
1302,1,0.559072,-0.169867,1.85579,0.0968666,0.541845,1.82101
1303,1,0.558056,-0.173871,1.86057,0.0968666,0.541845,1.82101
1304,1,0.553893,-0.173601,1.85611,0.0968666,0.541845,1.82101
1305,1,0.560236,-0.158762,1.84229,0.0968666,0.541845,1.82101
1306,1,0.557864,-0.173426,1.86016,0.0968666,0.541845,1.82101
1307,1,0.557041,-0.172016,1.85716,0.0968666,0.541845,1.82101
1308,1,0.556645,-0.172654,1.85714,0.0968666,0.541845,1.82101
1309,1,0.554288,-0.172524,1.85735,0.0968666,0.541845,1.82101
1310,1,0.560829,-0.154837,1.83785,0.0968666,0.541845,1.82101
1311,1,0.55335,-0.169268,1.85626,0.0968666,0.541845,1.82101
1312,1,0.567545,-0.146653,1.82935,0.0968666,0.541845,1.82101
1313,1,0.553383,-0.165082,1.85727,0.0968666,0.541845,1.82101
1314,1,0.555574,-0.160498,1.85578,0.0968666,0.541845,1.82101
1315,1,0.561668,-0.142299,1.83582,0.0968666,0.541845,1.82101
1316,1,0.55457,-0.151216,1.85355,0.0968666,0.541845,1.82101
1317,1,0.539457,-0.134794,1.82891,0.0968666,0.541845,1.82101
1318,1,0.536015,-0.129701,1.81735,0.0968666,0.541845,1.82101
1319,1,0.531376,-0.116019,1.79529,0.0968666,0.541845,1.82101
1320,1,0.515767,-0.118714,1.7785,0.0968666,0.541845,1.82101
1321,1,0.49101,-0.109359,1.7506,0.0968666,0.541845,1.82101
1322,0,0.550859,-0.13841,1.78,0.0968666,0.541845,1.82101
1323,0,0.556738,-0.16927,1.86984,0.0968666,0.541845,1.82101
1324,0,0.568687,-0.157568,1.85601,0.0968666,0.541845,1.82101
1325,0,0.557754,-0.164762,1.86548,0.0968666,0.541845,1.82101
1326,0,0.573882,-0.158132,1.83937,0.0968666,0.541845,1.82101
1327,0,0.575503,-0.157196,1.84977,0.0968666,0.541845,1.82101
1328,0,0.558495,-0.163999,1.86468,0.0968666,0.541845,1.82101
1329,0,0.576187,-0.156596,1.84847,0.0968666,0.541845,1.82101
1330,0,0.58775,-0.151688,1.80986,0.0968666,0.541845,1.82101
1331,0,0.568422,-0.157164,1.85653,0.0968666,0.541845,1.82101
1332,0,0.576609,-0.156644,1.84847,0.0968666,0.541845,1.82101
1333,0,0.586997,-0.153203,1.80614,0.0968666,0.541845,1.82101
1334,0,0.555406,-0.169121,1.86987,0.0968666,0.541845,1.82101
1335,0,0.558501,-0.163506,1.8649,0.0968666,0.541845,1.82101
1336,0,0.575523,-0.15587,1.85036,0.0968666,0.541845,1.82101
1337,0,0.589279,-0.152667,1.8288,0.0968666,0.541845,1.82101
1338,0,0.577719,-0.156019,1.849,0.0968666,0.541845,1.82101
1339,0,0.556739,-0.165292,1.86608,0.0968666,0.541845,1.82101
1340,0,0.578087,-0.155181,1.83752,0.0968666,0.541845,1.82101
1341,0,0.556151,-0.166245,1.86592,0.0968666,0.541845,1.82101
1342,0,0.576745,-0.157215,1.8482,0.0968666,0.541845,1.82101
1343,0,0.558211,-0.163945,1.86618,0.0968666,0.541845,1.82101
1344,0,0.588889,-0.152836,1.83061,0.0968666,0.541845,1.82101
1345,0,0.577304,-0.154925,1.85047,0.0968666,0.541845,1.82101
1346,0,0.556258,-0.168828,1.86955,0.0968666,0.541845,1.82101
1347,0,0.557743,-0.163866,1.86448,0.0968666,0.541845,1.82101
1348,0,0.558495,-0.164439,1.86525,0.0968666,0.541845,1.82101
1349,0,0.55775,-0.164337,1.86571,0.0968666,0.541845,1.82101
1350,0,0.559787,-0.163769,1.86528,0.0968666,0.541845,1.82101
1351,0,0.58779,-0.151666,1.836,0.0968666,0.541845,1.82101
1352,0,0.576193,-0.155125,1.8467,0.0968666,0.541845,1.82101
1353,0,0.557464,-0.163795,1.8651,0.0968666,0.541845,1.82101
1354,0,0.557598,-0.165569,1.86554,0.0968666,0.541845,1.82101
1355,0,0.59051,-0.15291,1.8125,0.0968666,0.541845,1.82101
1356,0,0.558296,-0.16317,1.86556,0.0968666,0.541845,1.82101
1357,0,0.580985,-0.15416,1.83507,0.0968666,0.541845,1.82101
1358,0,0.557328,-0.168106,1.86934,0.0968666,0.541845,1.82101
1359,0,0.55771,-0.162928,1.86444,0.0968666,0.541845,1.82101
1360,0,0.557145,-0.164131,1.86539,0.0968666,0.541845,1.82101
1361,0,0.577076,-0.156692,1.83465,0.0968666,0.541845,1.82101
1362,0,0.574814,-0.156615,1.84941,0.0968666,0.541845,1.82101
1363,0,0.555526,-0.16384,1.86614,0.0968666,0.541845,1.82101
1364,0,0.579771,-0.155125,1.83623,0.0968666,0.541845,1.82101
1365,0,0.581115,-0.154357,1.83912,0.0968666,0.541845,1.82101
1366,0,0.57584,-0.157528,1.84804,0.0968666,0.541845,1.82101
1367,0,0.557469,-0.164664,1.86521,0.0968666,0.541845,1.82101
1368,0,0.575078,-0.157491,1.84746,0.0968666,0.541845,1.82101
1369,0,0.556611,-0.165994,1.86613,0.0968666,0.541845,1.82101
1370,0,0.586305,-0.152086,1.80283,0.0968666,0.541845,1.82101
1371,0,0.557078,-0.168591,1.86996,0.0968666,0.541845,1.82101
1372,0,0.556022,-0.164257,1.86563,0.0968666,0.541845,1.82101
1373,0,0.580031,-0.154658,1.83961,0.0968666,0.541845,1.82101
1374,0,0.589865,-0.153566,1.82033,0.0968666,0.541845,1.82101
1375,0,0.557788,-0.165443,1.86524,0.0968666,0.541845,1.82101
1376,0,0.558547,-0.165351,1.86479,0.0968666,0.541845,1.82101
1377,0,0.558261,-0.164998,1.86618,0.0968666,0.541845,1.82101
1378,0,0.580799,-0.155117,1.83656,0.0968666,0.541845,1.82101
1379,0,0.557287,-0.162643,1.86571,0.0968666,0.541845,1.82101
1380,0,0.560032,-0.164456,1.86568,0.0968666,0.541845,1.82101
1381,0,0.556619,-0.169543,1.86912,0.0968666,0.541845,1.82101
1382,0,0.55879,-0.164721,1.8651,0.0968666,0.541845,1.82101
1383,0,0.560219,-0.164679,1.86511,0.0968666,0.541845,1.82101
1384,0,0.556173,-0.163344,1.86594,0.0968666,0.541845,1.82101
1385,0,0.592006,-0.151877,1.8256,0.0968666,0.541845,1.82101
1386,0,0.578307,-0.157176,1.84788,0.0968666,0.541845,1.82101
1387,0,0.576912,-0.156189,1.848,0.0968666,0.541845,1.82101
1388,0,0.556493,-0.165514,1.86588,0.0968666,0.541845,1.82101
1389,0,0.580129,-0.155287,1.83937,0.0968666,0.541845,1.82101
1390,0,0.555837,-0.169989,1.87002,0.0968666,0.541845,1.82101
1391,0,0.577553,-0.157111,1.84832,0.0968666,0.541845,1.82101
1392,0,0.556242,-0.166021,1.86621,0.0968666,0.541845,1.82101
1393,0,0.575821,-0.156342,1.8487,0.0968666,0.541845,1.82101
1394,0,0.55886,-0.164105,1.86595,0.0968666,0.541845,1.82101
1395,0,0.556158,-0.165835,1.86611,0.0968666,0.541845,1.82101
1396,0,0.557908,-0.165883,1.86465,0.0968666,0.541845,1.82101
1397,0,0.558412,-0.16502,1.86574,0.0968666,0.541845,1.82101
1398,0,0.591352,-0.152669,1.8236,0.0968666,0.541845,1.82101
1399,0,0.557869,-0.163863,1.86591,0.0968666,0.541845,1.82101
1400,0,0.556608,-0.165314,1.86624,0.0968666,0.541845,1.82101
1401,0,0.559889,-0.165208,1.86554,0.0968666,0.541845,1.82101
1402,0,0.556786,-0.163793,1.86541,0.0968666,0.541845,1.82101
1403,0,0.580723,-0.15437,1.8362,0.0968666,0.541845,1.82101
1404,0,0.577527,-0.156844,1.84844,0.0968666,0.541845,1.82101
1405,0,0.557209,-0.164294,1.86502,0.0968666,0.541845,1.82101
1406,0,0.580841,-0.152928,1.83281,0.0968666,0.541845,1.82101
1407,0,0.558933,-0.163849,1.86458,0.0968666,0.541845,1.82101
1408,0,0.556569,-0.16596,1.867,0.0968666,0.541845,1.82101
1409,0,0.576857,-0.157752,1.84797,0.0968666,0.541845,1.82101
1410,0,0.585004,-0.151361,1.794,0.0968666,0.541845,1.82101
1411,0,0.55708,-0.165033,1.865,0.0968666,0.541845,1.82101
1412,0,0.586899,-0.152912,1.8342,0.0968666,0.541845,1.82101
1413,0,0.581062,-0.155141,1.8385,0.0968666,0.541845,1.82101
1414,0,0.557584,-0.165316,1.86536,0.0968666,0.541845,1.82101
1415,0,0.588898,-0.152762,1.81083,0.0968666,0.541845,1.82101
1416,0,0.577121,-0.158448,1.84714,0.0968666,0.541845,1.82101
1417,0,0.557816,-0.163761,1.86531,0.0968666,0.541845,1.82101
1418,0,0.575889,-0.158468,1.85193,0.0968666,0.541845,1.82101
1419,0,0.578598,-0.155413,1.83956,0.0968666,0.541845,1.82101
1420,0,0.558276,-0.164399,1.86523,0.0968666,0.541845,1.82101
1421,0,0.569468,-0.159052,1.85709,0.0968666,0.541845,1.82101
1422,0,0.588856,-0.151779,1.8169,0.0968666,0.541845,1.82101
1423,0,0.55887,-0.164891,1.86601,0.0968666,0.541845,1.82101
1424,0,0.55797,-0.165103,1.86618,0.0968666,0.541845,1.82101
1425,0,0.575847,-0.158961,1.85067,0.0968666,0.541845,1.82101
1426,0,0.558214,-0.163426,1.86538,0.0968666,0.541845,1.82101
1427,0,0.557962,-0.163932,1.86552,0.0968666,0.541845,1.82101
1429,0,0.555849,-0.169399,1.86919,0.0968666,0.541845,1.82101
1430,0,0.556162,-0.164138,1.86564,0.0968666,0.541845,1.82101
1431,0,0.578063,-0.15718,1.84589,0.0968666,0.541845,1.82101
1432,0,0.57789,-0.156595,1.84801,0.0968666,0.541845,1.82101
1433,0,0.559329,-0.163402,1.86511,0.0968666,0.541845,1.82101
1434,0,0.558489,-0.166167,1.8653,0.0968666,0.541845,1.82101
1435,0,0.556637,-0.163474,1.86492,0.0968666,0.541845,1.82101
1436,0,0.588879,-0.151142,1.82482,0.0968666,0.541845,1.82101
1437,0,0.576116,-0.157681,1.84749,0.0968666,0.541845,1.82101
1438,0,0.577478,-0.155558,1.83797,0.0968666,0.541845,1.82101
