51,0,0.572641,-0.162532,1.8776,-nan,-nan,-nan
52,0,0.572023,-0.163365,1.87848,-nan,-nan,-nan
53,0,0.570194,-0.163505,1.8808,-nan,-nan,-nan
54,0,0.570391,-0.163545,1.88162,-nan,-nan,-nan
55,0,0.570226,-0.163278,1.88123,-nan,-nan,-nan
57,0,0.570256,-0.162424,1.88062,-nan,-nan,-nan
58,0,0.570919,-0.163207,1.881,-nan,-nan,-nan
59,0,0.569253,-0.163331,1.88124,-nan,-nan,-nan
60,0,0.569501,-0.163495,1.88078,-nan,-nan,-nan
61,0,0.570921,-0.162165,1.88094,-nan,-nan,-nan
63,0,0.569255,-0.163328,1.8816,-nan,-nan,-nan
64,0,0.570856,-0.162852,1.88184,-nan,-nan,-nan
65,0,0.570624,-0.163653,1.87707,-nan,-nan,-nan
66,0,0.568767,-0.163403,1.88135,0.11394,0.529841,1.79566
67,0,0.571064,-0.161878,1.88087,0.11394,0.529841,1.79566
68,0,0.570051,-0.163654,1.88265,0.11394,0.529841,1.79566
69,0,0.569897,-0.162697,1.88142,0.11394,0.529841,1.79566
70,0,0.569622,-0.163067,1.88065,0.11394,0.529841,1.79566
71,0,0.569621,-0.162919,1.88168,0.11394,0.529841,1.79566
72,0,0.569533,-0.163299,1.88134,0.11394,0.529841,1.79566
73,0,0.569597,-0.162364,1.8824,0.11394,0.529841,1.79566
74,0,0.571303,-0.161972,1.88256,0.11394,0.529841,1.79566
75,0,0.570427,-0.162901,1.88062,0.11394,0.529841,1.79566
76,0,0.570709,-0.162854,1.88109,0.11394,0.529841,1.79566
77,0,0.570074,-0.1624,1.88145,0.11394,0.529841,1.79566
78,0,0.57057,-0.162558,1.88179,0.11394,0.529841,1.79566
79,0,0.570621,-0.1627,1.88167,0.11394,0.529841,1.79566
80,0,0.571411,-0.163452,1.88236,0.11394,0.529841,1.79566
81,0,0.569266,-0.163873,1.88023,0.11394,0.529841,1.79566
82,0,0.569048,-0.163025,1.88026,0.11394,0.529841,1.79566
83,0,0.570983,-0.162522,1.88065,0.11394,0.529841,1.79566
84,0,0.569951,-0.162216,1.88108,0.11394,0.529841,1.79566
85,0,0.570422,-0.162272,1.88129,0.11394,0.529841,1.79566
86,0,0.572184,-0.161546,1.88339,0.11394,0.529841,1.79566
87,0,0.569817,-0.162159,1.88204,0.11394,0.529841,1.79566
88,0,0.570965,-0.163601,1.88244,0.11394,0.529841,1.79566
89,0,0.56984,-0.16277,1.88194,0.11394,0.529841,1.79566
90,0,0.571331,-0.16194,1.8815,0.11394,0.529841,1.79566
91,0,0.560752,-0.159355,1.84908,0.11394,0.529841,1.79566
92,0,0.560974,-0.158214,1.84924,0.11394,0.529841,1.79566
93,0,0.561336,-0.158961,1.84957,0.11394,0.529841,1.79566
94,0,0.559514,-0.159356,1.84782,0.11394,0.529841,1.79566
95,0,0.561268,-0.160059,1.84407,0.11394,0.529841,1.79566
96,0,0.561531,-0.158157,1.84818,0.11394,0.529841,1.79566
97,0,0.560029,-0.160301,1.84926,0.11394,0.529841,1.79566
98,0,0.559409,-0.16002,1.84813,0.11394,0.529841,1.79566
99,0,0.560519,-0.15794,1.84919,0.11394,0.529841,1.79566
100,0,0.560436,-0.158405,1.84837,0.11394,0.529841,1.79566
101,0,0.560482,-0.157623,1.84852,0.11394,0.529841,1.79566
102,0,0.561235,-0.15753,1.84973,0.11394,0.529841,1.79566
103,0,0.560296,-0.158714,1.84794,0.11394,0.529841,1.79566
104,0,0.560756,-0.159078,1.84874,0.11394,0.529841,1.79566
105,0,0.560885,-0.158247,1.84785,0.11394,0.529841,1.79566
106,0,0.561997,-0.158791,1.84826,0.11394,0.529841,1.79566
107,0,0.55938,-0.158246,1.84761,0.11394,0.529841,1.79566
108,0,0.562017,-0.158636,1.84271,0.11394,0.529841,1.79566
109,0,0.561126,-0.157499,1.84934,0.11394,0.529841,1.79566
110,0,0.561304,-0.158304,1.84682,0.11394,0.529841,1.79566
111,0,0.560713,-0.15809,1.84797,0.11394,0.529841,1.79566
112,0,0.559971,-0.159139,1.84811,0.11394,0.529841,1.79566
113,0,0.559133,-0.158931,1.84728,0.11394,0.529841,1.79566
114,0,0.560365,-0.158373,1.84916,0.11394,0.529841,1.79566
115,0,0.560212,-0.157353,1.84817,0.11394,0.529841,1.79566
116,0,0.560534,-0.159106,1.84747,0.11394,0.529841,1.79566
117,0,0.56054,-0.158467,1.84898,0.11394,0.529841,1.79566
118,0,0.56113,-0.158565,1.84771,0.11394,0.529841,1.79566
119,0,0.559546,-0.158747,1.84768,0.11394,0.529841,1.79566
120,0,0.561391,-0.157687,1.849,0.11394,0.529841,1.79566
121,0,0.559832,-0.159648,1.84682,0.11394,0.529841,1.79566
122,0,0.558869,-0.159858,1.84725,0.11394,0.529841,1.79566
123,0,0.559797,-0.158991,1.84827,0.11394,0.529841,1.79566
124,0,0.560354,-0.158667,1.84898,0.11394,0.529841,1.79566
125,0,0.559584,-0.158768,1.84774,0.11394,0.529841,1.79566
126,0,0.560947,-0.15927,1.84813,0.11394,0.529841,1.79566
127,0,0.561122,-0.157448,1.84751,0.11394,0.529841,1.79566
128,0,0.560977,-0.157704,1.84786,0.11394,0.529841,1.79566
129,0,0.5603,-0.158969,1.84782,0.11394,0.529841,1.79566
130,0,0.561112,-0.157302,1.84855,0.11394,0.529841,1.79566
131,0,0.560961,-0.158369,1.8482,0.11394,0.529841,1.79566
132,0,0.559524,-0.159065,1.84846,0.11394,0.529841,1.79566
133,0,0.560822,-0.159107,1.84309,0.11394,0.529841,1.79566
134,0,0.562049,-0.158164,1.84771,0.11394,0.529841,1.79566
135,0,0.560272,-0.158835,1.84812,0.11394,0.529841,1.79566
136,0,0.560938,-0.158155,1.84841,0.11394,0.529841,1.79566
137,0,0.561139,-0.157803,1.84843,0.11394,0.529841,1.79566
138,0,0.560669,-0.158573,1.84896,0.11394,0.529841,1.79566
139,0,0.561604,-0.158537,1.84878,0.11394,0.529841,1.79566
140,0,0.561149,-0.158044,1.84854,0.11394,0.529841,1.79566
141,0,0.559743,-0.158373,1.84749,0.11394,0.529841,1.79566
142,0,0.561284,-0.15657,1.8482,0.11394,0.529841,1.79566
143,0,0.562292,-0.158697,1.84855,0.11394,0.529841,1.79566
144,0,0.498158,-0.114576,1.768,0.11394,0.529841,1.79566
145,0,0.501651,-0.118555,1.7716,0.11394,0.529841,1.79566
146,1,0.509035,-0.122245,1.77863,0.11394,0.529841,1.79566
147,1,0.533958,-0.134305,1.80388,0.11394,0.529841,1.79566
148,1,0.544271,-0.138165,1.81124,0.11394,0.529841,1.79566
149,1,0.550872,-0.144503,1.81929,0.11394,0.529841,1.79566
150,1,0.528902,-0.122466,1.79588,0.11394,0.529841,1.79566
151,1,0.552928,-0.14483,1.82309,0.11394,0.529841,1.79566
152,1,0.559768,-0.144491,1.8276,0.11394,0.529841,1.79566
153,1,0.558505,-0.144495,1.82352,0.11394,0.529841,1.79566
154,1,0.556896,-0.144206,1.82311,0.11394,0.529841,1.79566
155,1,0.560467,-0.14343,1.82308,0.11394,0.529841,1.79566
156,1,0.558758,-0.153182,1.83218,0.11394,0.529841,1.79566
157,1,0.557347,-0.153361,1.83139,0.11394,0.529841,1.79566
158,1,0.556964,-0.153519,1.82899,0.11394,0.529841,1.79566
159,1,0.55589,-0.152275,1.82731,0.11394,0.529841,1.79566
160,1,0.550009,-0.153881,1.82624,0.11394,0.529841,1.79566
161,1,0.551295,-0.155729,1.82799,0.11394,0.529841,1.79566
162,1,0.551209,-0.156551,1.82543,0.11394,0.529841,1.79566
163,1,0.555306,-0.15552,1.82744,0.11394,0.529841,1.79566
164,0,0.552051,-0.157254,1.82616,0.11394,0.529841,1.79566
165,0,0.551834,-0.15587,1.82672,0.11394,0.529841,1.79566
166,1,0.553617,-0.156995,1.83713,0.11394,0.529841,1.79566
167,1,0.554633,-0.158128,1.83977,0.11394,0.529841,1.79566
168,1,0.554464,-0.156053,1.83803,0.11394,0.529841,1.79566
169,1,0.555466,-0.159132,1.83844,0.11394,0.529841,1.79566
170,1,0.55359,-0.150463,1.82608,0.11394,0.529841,1.79566
171,1,0.549144,-0.158237,1.83615,0.11394,0.529841,1.79566
172,1,0.549672,-0.152892,1.82582,0.11394,0.529841,1.79566
173,1,0.545985,-0.145465,1.81675,0.11394,0.529841,1.79566
174,1,0.546935,-0.142415,1.81348,0.11394,0.529841,1.79566
175,1,0.543387,-0.142122,1.80695,0.11394,0.529841,1.79566
176,0,0.534191,-0.144224,1.80406,0.11394,0.529841,1.79566
177,0,0.529242,-0.138639,1.78374,0.11394,0.529841,1.79566
178,1,0.521263,-0.135719,1.76608,0.11394,0.529841,1.79566
179,1,0.507361,-0.128783,1.74195,0.11394,0.529841,1.79566
180,1,0.503795,-0.131178,1.73169,0.11394,0.529841,1.79566
181,1,0.49377,-0.142159,1.72094,0.11394,0.529841,1.79566
182,1,0.482735,-0.140995,1.69988,0.11394,0.529841,1.79566
183,1,0.47717,-0.148212,1.68713,0.11394,0.529841,1.79566
184,1,0.4689,-0.146125,1.66626,0.11394,0.529841,1.79566
185,1,0.458054,-0.149899,1.64936,0.11394,0.529841,1.79566
186,1,0.447196,-0.151849,1.63098,0.11394,0.529841,1.79566
187,1,0.439325,-0.14629,1.60986,0.11394,0.529841,1.79566
188,1,0.426425,-0.156427,1.59816,0.11394,0.529841,1.79566
189,1,0.416565,-0.160708,1.58581,0.11394,0.529841,1.79566
190,1,0.407798,-0.160822,1.56972,0.11394,0.529841,1.79566
191,1,0.398256,-0.169253,1.56235,0.11394,0.529841,1.79566
192,1,0.392208,-0.168403,1.54383,0.11394,0.529841,1.79566
193,1,0.388133,-0.161507,1.52434,0.11394,0.529841,1.79566
194,1,0.382117,-0.171559,1.51887,0.11394,0.529841,1.79566
195,1,0.380707,-0.172383,1.50568,0.11394,0.529841,1.79566
196,1,0.379835,-0.174388,1.49577,0.11394,0.529841,1.79566
197,1,0.376284,-0.176088,1.48517,0.11394,0.529841,1.79566
198,1,0.378163,-0.177421,1.47696,0.11394,0.529841,1.79566
199,1,0.374564,-0.180449,1.47162,0.11394,0.529841,1.79566
200,1,0.38003,-0.18026,1.45903,0.11394,0.529841,1.79566
201,1,0.384826,-0.174539,1.44721,0.11394,0.529841,1.79566
202,1,0.384881,-0.132497,1.3907,0.11394,0.529841,1.79566
203,1,0.386544,-0.187921,1.44368,0.11394,0.529841,1.79566
204,1,0.388872,-0.186014,1.43742,0.11394,0.529841,1.79566
205,1,0.39406,-0.181958,1.42777,0.11394,0.529841,1.79566
206,1,0.395097,-0.185197,1.42532,0.11394,0.529841,1.79566
207,1,0.399704,-0.184158,1.42008,0.11394,0.529841,1.79566
208,1,0.401719,-0.183184,1.41384,0.11394,0.529841,1.79566
209,1,0.407077,-0.187581,1.41309,0.11394,0.529841,1.79566
210,1,0.407255,-0.184398,1.41021,0.11394,0.529841,1.79566
211,1,0.41256,-0.183449,1.40606,0.11394,0.529841,1.79566
212,1,0.412043,-0.188216,1.40819,0.11394,0.529841,1.79566
213,1,0.413827,-0.194441,1.40909,0.11394,0.529841,1.79566
214,1,0.41399,-0.195308,1.40851,0.11394,0.529841,1.79566
215,1,0.419377,-0.187367,1.40056,0.11394,0.529841,1.79566
216,1,0.42073,-0.187084,1.39937,0.11394,0.529841,1.79566
217,1,0.417937,-0.193034,1.40329,0.11394,0.529841,1.79566
218,1,0.422683,-0.196559,1.40181,0.11394,0.529841,1.79566
219,1,0.4228,-0.193072,1.40119,0.11394,0.529841,1.79566
220,1,0.424198,-0.199356,1.40537,0.11394,0.529841,1.79566
221,1,0.426999,-0.195064,1.4,0.11394,0.529841,1.79566
222,1,0.431952,-0.18985,1.39418,0.11394,0.529841,1.79566
223,1,0.431063,-0.194333,1.40013,0.11394,0.529841,1.79566
224,1,0.432863,-0.191661,1.39682,0.11394,0.529841,1.79566
225,1,0.434267,-0.191406,1.39534,0.11394,0.529841,1.79566
226,1,0.432272,-0.195623,1.39996,0.11394,0.529841,1.79566
227,1,0.434048,-0.196983,1.399,0.11394,0.529841,1.79566
228,1,0.435739,-0.194273,1.39537,0.11394,0.529841,1.79566
229,1,0.437423,-0.193726,1.39265,0.11394,0.529841,1.79566
230,1,0.436586,-0.193229,1.39283,0.11394,0.529841,1.79566
231,1,0.438754,-0.194633,1.39022,0.11394,0.529841,1.79566
232,1,0.438667,-0.195252,1.38949,0.11394,0.529841,1.79566
233,1,0.438928,-0.195147,1.38881,0.11394,0.529841,1.79566
234,1,0.442432,-0.197711,1.38859,0.11394,0.529841,1.79566
235,1,0.442623,-0.198359,1.38778,0.11394,0.529841,1.79566
236,1,0.44465,-0.198771,1.38824,0.11394,0.529841,1.79566
237,1,0.449318,-0.189944,1.38065,0.11394,0.529841,1.79566
238,1,0.447477,-0.20101,1.38697,0.11394,0.529841,1.79566
239,1,0.44784,-0.202891,1.3877,0.11394,0.529841,1.79566
240,1,0.448726,-0.205203,1.3877,0.11394,0.529841,1.79566
241,1,0.453146,-0.205035,1.39092,0.11394,0.529841,1.79566
242,1,0.452642,-0.206966,1.39059,0.11394,0.529841,1.79566
243,1,0.452817,-0.207614,1.38978,0.11394,0.529841,1.79566
244,1,0.45449,-0.208356,1.38949,0.11394,0.529841,1.79566
245,1,0.455232,-0.20872,1.38875,0.11394,0.529841,1.79566
246,1,0.457107,-0.208549,1.38943,0.11394,0.529841,1.79566
247,1,0.458441,-0.20902,1.38934,0.11394,0.529841,1.79566
248,1,0.458251,-0.208981,1.38903,0.11394,0.529841,1.79566
249,1,0.458601,-0.210049,1.38928,0.11394,0.529841,1.79566
250,1,0.460165,-0.205345,1.38729,0.11394,0.529841,1.79566
251,1,0.459244,-0.209624,1.38942,0.11394,0.529841,1.79566
252,1,0.458476,-0.210237,1.39017,0.11394,0.529841,1.79566
253,1,0.458396,-0.209709,1.39019,0.11394,0.529841,1.79566
254,1,0.458464,-0.210489,1.39082,0.11394,0.529841,1.79566
255,1,0.458433,-0.21054,1.39148,0.11394,0.529841,1.79566
256,1,0.457982,-0.209413,1.39061,0.11394,0.529841,1.79566
257,1,0.457316,-0.209261,1.38955,0.11394,0.529841,1.79566
258,1,0.457392,-0.209013,1.38903,0.11394,0.529841,1.79566
259,1,0.457153,-0.209035,1.38951,0.11394,0.529841,1.79566
260,1,0.456959,-0.209882,1.39052,0.11394,0.529841,1.79566
261,1,0.456278,-0.209445,1.39005,0.11394,0.529841,1.79566
262,1,0.456829,-0.210095,1.39058,0.11394,0.529841,1.79566
263,1,0.456873,-0.208188,1.38927,0.11394,0.529841,1.79566
264,1,0.456504,-0.209294,1.38866,0.11394,0.529841,1.79566
265,1,0.456341,-0.209806,1.3897,0.11394,0.529841,1.79566
266,1,0.456123,-0.209991,1.39083,0.11394,0.529841,1.79566
267,1,0.457416,-0.209634,1.38992,0.11394,0.529841,1.79566
268,1,0.456095,-0.209287,1.39004,0.11394,0.529841,1.79566
269,1,0.457173,-0.208889,1.38957,0.11394,0.529841,1.79566
270,1,0.457437,-0.209747,1.38976,0.11394,0.529841,1.79566
271,1,0.457451,-0.209419,1.38943,0.11394,0.529841,1.79566
272,1,0.457172,-0.209508,1.38922,0.11394,0.529841,1.79566
273,1,0.457127,-0.209458,1.39067,0.11394,0.529841,1.79566
274,1,0.457331,-0.209618,1.38987,0.11394,0.529841,1.79566
275,1,0.457442,-0.209825,1.38971,0.11394,0.529841,1.79566
276,1,0.457543,-0.20936,1.38926,0.11394,0.529841,1.79566
277,1,0.456818,-0.209616,1.38891,0.11394,0.529841,1.79566
278,1,0.456965,-0.209419,1.38959,0.11394,0.529841,1.79566
279,1,0.456683,-0.209902,1.38867,0.11394,0.529841,1.79566
280,1,0.460783,-0.201518,1.38282,0.11394,0.529841,1.79566
281,1,0.457979,-0.209951,1.38917,0.11394,0.529841,1.79566
282,1,0.459675,-0.206276,1.3864,0.11394,0.529841,1.79566
283,1,0.4583,-0.209645,1.38768,0.11394,0.529841,1.79566
284,1,0.460337,-0.202181,1.38198,0.11394,0.529841,1.79566
285,1,0.459482,-0.205594,1.38507,0.11394,0.529841,1.79566
286,1,0.460054,-0.206564,1.38539,0.11394,0.529841,1.79566
287,1,0.459521,-0.209641,1.38887,0.11394,0.529841,1.79566
288,1,0.458682,-0.209655,1.38992,0.11394,0.529841,1.79566
289,1,0.45922,-0.209096,1.38986,0.11394,0.529841,1.79566
290,1,0.459584,-0.208766,1.38973,0.11394,0.529841,1.79566
291,1,0.457505,-0.208606,1.39116,0.11394,0.529841,1.79566
292,1,0.457814,-0.208653,1.39153,0.11394,0.529841,1.79566
293,1,0.458185,-0.205372,1.39076,0.11394,0.529841,1.79566
294,1,0.456274,-0.203188,1.3912,0.11394,0.529841,1.79566
295,1,0.455943,-0.202575,1.39231,0.11394,0.529841,1.79566
296,1,0.455223,-0.201546,1.39363,0.11394,0.529841,1.79566
297,1,0.45455,-0.204744,1.39896,0.11394,0.529841,1.79566
298,1,0.453657,-0.206169,1.403,0.11394,0.529841,1.79566
299,1,0.45215,-0.203899,1.4044,0.11394,0.529841,1.79566
300,1,0.448976,-0.201917,1.40385,0.11394,0.529841,1.79566
301,1,0.448337,-0.201138,1.40511,0.11394,0.529841,1.79566
302,1,0.445469,-0.203438,1.41186,0.11394,0.529841,1.79566
303,1,0.443309,-0.198815,1.40845,0.11394,0.529841,1.79566
304,1,0.439308,-0.203318,1.41501,0.11394,0.529841,1.79566
305,1,0.435859,-0.199609,1.41313,0.11394,0.529841,1.79566
306,1,0.433817,-0.200487,1.41848,0.11394,0.529841,1.79566
307,1,0.433895,-0.193326,1.41338,0.11394,0.529841,1.79566
308,1,0.426377,-0.197558,1.42389,0.11394,0.529841,1.79566
309,1,0.426592,-0.191173,1.42125,0.11394,0.529841,1.79566
310,1,0.418065,-0.191451,1.4314,0.11394,0.529841,1.79566
311,1,0.41275,-0.189722,1.43646,0.11394,0.529841,1.79566
312,1,0.408655,-0.183364,1.43998,0.11394,0.529841,1.79566
313,1,0.399533,-0.190522,1.45352,0.11394,0.529841,1.79566
314,1,0.395964,-0.179104,1.45187,0.11394,0.529841,1.79566
315,1,0.38963,-0.171485,1.45621,0.11394,0.529841,1.79566
316,1,0.385075,-0.17405,1.47023,0.11394,0.529841,1.79566
317,1,0.37575,-0.159476,1.47172,0.11394,0.529841,1.79566
318,1,0.367848,-0.162225,1.48715,0.11394,0.529841,1.79566
319,1,0.360002,-0.154971,1.49443,0.11394,0.529841,1.79566
320,1,0.34759,-0.147761,1.50346,0.11394,0.529841,1.79566
321,1,0.334464,-0.149935,1.52009,0.11394,0.529841,1.79566
322,1,0.326799,-0.139482,1.52866,0.11394,0.529841,1.79566
323,1,0.323506,-0.114501,1.52619,0.11394,0.529841,1.79566
324,1,0.309545,-0.106164,1.54144,0.11394,0.529841,1.79566
325,1,0.296171,-0.0991754,1.55633,0.11394,0.529841,1.79566
326,1,0.285509,-0.0844171,1.56696,0.11394,0.529841,1.79566
327,1,0.270238,-0.0763965,1.58465,0.11394,0.529841,1.79566
328,1,0.259612,-0.0576255,1.59394,0.11394,0.529841,1.79566
329,1,0.24843,-0.0382292,1.60407,0.11394,0.529841,1.79566
330,1,0.233864,-0.0249281,1.6176,0.11394,0.529841,1.79566
331,1,0.220478,-0.00939316,1.63132,0.11394,0.529841,1.79566
332,1,0.215007,0.0183427,1.63646,0.11394,0.529841,1.79566
333,1,0.198541,0.0283457,1.65559,0.11394,0.529841,1.79566
334,1,0.191918,0.0548874,1.66083,0.11394,0.529841,1.79566
335,1,0.181,0.0730257,1.67263,0.11394,0.529841,1.79566
336,1,0.170298,0.0943496,1.68076,0.11394,0.529841,1.79566
337,1,0.163065,0.118938,1.68915,0.11394,0.529841,1.79566
338,1,0.15251,0.141999,1.69571,0.11394,0.529841,1.79566
339,1,0.145598,0.167827,1.6985,0.11394,0.529841,1.79566
340,1,0.136625,0.192277,1.70237,0.11394,0.529841,1.79566
341,1,0.130572,0.216823,1.70598,0.11394,0.529841,1.79566
342,1,0.125714,0.241601,1.70745,0.11394,0.529841,1.79566
343,1,0.118108,0.261593,1.7152,0.11394,0.529841,1.79566
344,1,0.112297,0.281845,1.71936,0.11394,0.529841,1.79566
345,1,0.10572,0.299473,1.72416,0.11394,0.529841,1.79566
346,1,0.100603,0.318132,1.72757,0.11394,0.529841,1.79566
347,1,0.0953738,0.334227,1.72845,0.11394,0.529841,1.79566
348,1,0.0889551,0.35052,1.73284,0.11394,0.529841,1.79566
349,1,0.0861908,0.363496,1.73449,0.11394,0.529841,1.79566
350,1,0.0825096,0.37752,1.73962,0.11394,0.529841,1.79566
351,1,0.0778515,0.387247,1.74415,0.11394,0.529841,1.79566
352,1,0.0736959,0.397057,1.74968,0.11394,0.529841,1.79566
353,1,0.0731143,0.407045,1.75039,0.11394,0.529841,1.79566
354,1,0.070195,0.415244,1.75582,0.11394,0.529841,1.79566
355,1,0.0692632,0.423092,1.75543,0.11394,0.529841,1.79566
356,1,0.0664287,0.430832,1.75699,0.11394,0.529841,1.79566
357,1,0.0639699,0.435959,1.75657,0.11394,0.529841,1.79566
358,1,0.0625186,0.44235,1.75696,0.11394,0.529841,1.79566
359,1,0.0628381,0.447496,1.75445,0.11394,0.529841,1.79566
360,1,0.0580078,0.45475,1.75696,0.11394,0.529841,1.79566
361,1,0.0587603,0.458601,1.75714,0.11394,0.529841,1.79566
362,1,0.056486,0.463333,1.75841,0.11394,0.529841,1.79566
363,1,0.0562376,0.466426,1.75896,0.11394,0.529841,1.79566
364,1,0.0554556,0.466037,1.75714,0.11394,0.529841,1.79566
365,1,0.0562826,0.467371,1.75786,0.11394,0.529841,1.79566
366,1,0.0559015,0.467173,1.75924,0.11394,0.529841,1.79566
367,1,0.0574938,0.467233,1.75949,0.11394,0.529841,1.79566
368,1,0.0560729,0.467487,1.76063,0.11394,0.529841,1.79566
369,1,0.057983,0.468874,1.76071,0.11394,0.529841,1.79566
370,1,0.0573114,0.4681,1.75999,0.11394,0.529841,1.79566
371,1,0.0572659,0.468785,1.76174,0.11394,0.529841,1.79566
372,1,0.0566496,0.469119,1.75976,0.11394,0.529841,1.79566
373,1,0.0562957,0.468275,1.76011,0.11394,0.529841,1.79566
374,1,0.0544086,0.46971,1.76392,0.11394,0.529841,1.79566
375,1,0.0554874,0.463058,1.75916,0.11394,0.529841,1.79566
376,1,0.0587509,0.456467,1.75448,0.11394,0.529841,1.79566
377,1,0.0563539,0.457866,1.75729,0.11394,0.529841,1.79566
378,1,0.0551946,0.446661,1.75246,0.11394,0.529841,1.79566
379,1,0.0559888,0.440571,1.75176,0.11394,0.529841,1.79566
380,1,0.0542371,0.433217,1.75217,0.11394,0.529841,1.79566
381,1,0.0541707,0.422225,1.74781,0.11394,0.529841,1.79566
382,1,0.0531016,0.410566,1.74814,0.11394,0.529841,1.79566
383,1,0.0568418,0.401152,1.74544,0.11394,0.529841,1.79566
384,1,0.0531061,0.391066,1.745,0.11394,0.529841,1.79566
385,1,0.0516702,0.37887,1.74211,0.11394,0.529841,1.79566
386,1,0.0515676,0.367241,1.74001,0.11394,0.529841,1.79566
387,1,0.0511252,0.355327,1.73588,0.11394,0.529841,1.79566
388,1,0.0477894,0.343394,1.73386,0.11394,0.529841,1.79566
389,1,0.0486949,0.333264,1.73068,0.11394,0.529841,1.79566
390,1,0.0475852,0.321176,1.72722,0.11394,0.529841,1.79566
391,1,0.0448327,0.308798,1.72315,0.11394,0.529841,1.79566
392,1,0.0455882,0.297201,1.71721,0.11394,0.529841,1.79566
393,1,0.0416221,0.282535,1.714,0.11394,0.529841,1.79566
394,1,0.0379236,0.266416,1.70948,0.11394,0.529841,1.79566
395,1,0.0359136,0.249883,1.70425,0.11394,0.529841,1.79566
396,1,0.0374587,0.232451,1.69623,0.11394,0.529841,1.79566
397,1,0.03192,0.211848,1.69304,0.11394,0.529841,1.79566
398,1,0.0284813,0.188546,1.6896,0.11394,0.529841,1.79566
399,1,0.0261429,0.161963,1.68236,0.11394,0.529841,1.79566
400,1,0.0230199,0.13552,1.67537,0.11394,0.529841,1.79566
401,1,0.0209694,0.106077,1.67163,0.11394,0.529841,1.79566
402,1,0.018118,0.0753169,1.67102,0.11394,0.529841,1.79566
403,1,0.0148079,0.0438699,1.66837,0.11394,0.529841,1.79566
404,1,0.0125218,0.0131838,1.66925,0.11394,0.529841,1.79566
405,1,0.009214,-0.0178958,1.67083,0.11394,0.529841,1.79566
406,1,0.00572965,-0.0494532,1.67348,0.11394,0.529841,1.79566
407,1,0.00145662,-0.077671,1.67966,0.11394,0.529841,1.79566
408,1,-0.00193454,-0.100522,1.68533,0.11394,0.529841,1.79566
409,1,-0.0061559,-0.12314,1.68952,0.11394,0.529841,1.79566
410,1,-0.00919392,-0.134136,1.69108,0.11394,0.529841,1.79566
411,1,-0.0121532,-0.156756,1.7043,0.11394,0.529841,1.79566
412,1,-0.0149919,-0.168609,1.71018,0.11394,0.529841,1.79566
413,1,-0.0153987,-0.179846,1.71514,0.11394,0.529841,1.79566
414,1,-0.0172705,-0.187131,1.72036,0.11394,0.529841,1.79566
415,1,-0.0188232,-0.192841,1.72498,0.11394,0.529841,1.79566
416,1,-0.0209368,-0.202044,1.72873,0.11394,0.529841,1.79566
417,1,-0.0227703,-0.210401,1.73403,0.11394,0.529841,1.79566
418,1,-0.0244515,-0.213063,1.73508,0.11394,0.529841,1.79566
419,1,-0.0236548,-0.220646,1.74083,0.11394,0.529841,1.79566
420,1,-0.023937,-0.224722,1.74136,0.11394,0.529841,1.79566
421,1,-0.0250089,-0.229084,1.74442,0.11394,0.529841,1.79566
422,1,-0.0264675,-0.229674,1.74312,0.11394,0.529841,1.79566
423,1,-0.0296603,-0.230845,1.74514,0.11394,0.529841,1.79566
424,1,-0.0269081,-0.233802,1.75169,0.11394,0.529841,1.79566
425,1,-0.027194,-0.228548,1.72645,0.11394,0.529841,1.79566
426,1,-0.0293969,-0.23746,1.75252,0.11394,0.529841,1.79566
427,1,-0.0349023,-0.232526,1.74767,0.11394,0.529841,1.79566
428,1,-0.0311892,-0.238751,1.75339,0.11394,0.529841,1.79566
429,1,-0.031112,-0.243096,1.75821,0.11394,0.529841,1.79566
430,1,-0.03141,-0.245115,1.75767,0.11394,0.529841,1.79566
431,1,-0.0313452,-0.241088,1.75396,0.11394,0.529841,1.79566
432,1,-0.0318861,-0.23993,1.75278,0.11394,0.529841,1.79566
433,1,-0.0315129,-0.245217,1.75835,0.11394,0.529841,1.79566
434,1,-0.0315833,-0.24457,1.7598,0.11394,0.529841,1.79566
435,1,-0.0323567,-0.24112,1.75492,0.11394,0.529841,1.79566
436,1,-0.0315193,-0.245004,1.75968,0.11394,0.529841,1.79566
437,1,-0.0313975,-0.245596,1.75925,0.11394,0.529841,1.79566
438,1,-0.0339786,-0.242292,1.75461,0.11394,0.529841,1.79566
439,1,-0.0325854,-0.247462,1.75864,0.11394,0.529841,1.79566
440,1,-0.0342468,-0.242207,1.75428,0.11394,0.529841,1.79566
441,1,-0.0314993,-0.247903,1.75985,0.11394,0.529841,1.79566
442,1,-0.0315673,-0.249099,1.76092,0.11394,0.529841,1.79566
443,1,-0.0306824,-0.249628,1.76023,0.11394,0.529841,1.79566
444,1,-0.0321983,-0.246534,1.7551,0.11394,0.529841,1.79566
445,1,-0.0351917,-0.244223,1.75517,0.11394,0.529841,1.79566
446,1,-0.0360099,-0.244148,1.7542,0.11394,0.529841,1.79566
447,1,-0.0330817,-0.248395,1.76023,0.11394,0.529841,1.79566
448,1,-0.0349285,-0.243805,1.75417,0.11394,0.529841,1.79566
449,1,-0.0340956,-0.245952,1.75408,0.11394,0.529841,1.79566
450,1,-0.0279334,-0.249052,1.75164,0.11394,0.529841,1.79566
451,0,-0.029525,-0.251223,1.75152,0.11394,0.529841,1.79566
452,0,-0.0273896,-0.250545,1.75341,0.11394,0.529841,1.79566
453,0,-0.0287764,-0.251359,1.75214,0.11394,0.529841,1.79566
454,0,-0.0290785,-0.253166,1.76019,0.11394,0.529841,1.79566
455,0,-0.0285203,-0.253299,1.75996,0.11394,0.529841,1.79566
456,0,-0.0279372,-0.253275,1.76073,0.11394,0.529841,1.79566
457,0,-0.0290122,-0.252935,1.76072,0.11394,0.529841,1.79566
458,0,-0.0281769,-0.253418,1.75922,0.11394,0.529841,1.79566
459,0,-0.0294042,-0.253121,1.76133,0.11394,0.529841,1.79566
460,0,-0.0253101,-0.253243,1.75909,0.11394,0.529841,1.79566
461,0,-0.0240975,-0.249691,1.75269,0.11394,0.529841,1.79566
462,0,-0.0279092,-0.253149,1.7605,0.11394,0.529841,1.79566
463,0,-0.0280708,-0.252787,1.75999,0.11394,0.529841,1.79566
464,0,-0.0252847,-0.253338,1.75905,0.11394,0.529841,1.79566
465,0,-0.0291262,-0.252815,1.75997,0.11394,0.529841,1.79566
466,0,-0.0280322,-0.253082,1.76063,0.11394,0.529841,1.79566
467,0,-0.027967,-0.253201,1.76044,0.11394,0.529841,1.79566
468,0,-0.0268599,-0.253715,1.75983,0.11394,0.529841,1.79566
469,0,-0.0261015,-0.25268,1.75886,0.11394,0.529841,1.79566
470,0,-0.0276362,-0.253617,1.76045,0.11394,0.529841,1.79566
471,0,-0.0263506,-0.25039,1.75203,0.11394,0.529841,1.79566
472,0,-0.0286219,-0.253208,1.76085,0.11394,0.529841,1.79566
473,0,-0.0275043,-0.252053,1.75972,0.11394,0.529841,1.79566
474,0,-0.0245928,-0.249812,1.75341,0.11394,0.529841,1.79566
475,0,-0.0277474,-0.252905,1.75951,0.11394,0.529841,1.79566
476,0,-0.0281556,-0.252668,1.75969,0.11394,0.529841,1.79566
477,0,-0.029228,-0.253537,1.76163,0.11394,0.529841,1.79566
478,0,-0.0228694,-0.249074,1.7525,0.11394,0.529841,1.79566
479,0,-0.0273272,-0.253715,1.76056,0.11394,0.529841,1.79566
480,0,-0.0282508,-0.252436,1.76029,0.11394,0.529841,1.79566
481,0,-0.0245112,-0.249851,1.75222,0.11394,0.529841,1.79566
482,0,-0.0287346,-0.252437,1.76074,0.11394,0.529841,1.79566
483,0,-0.0274983,-0.253333,1.76041,0.11394,0.529841,1.79566
484,0,-0.0288982,-0.252431,1.76106,0.11394,0.529841,1.79566
485,0,-0.0248117,-0.251784,1.7579,0.11394,0.529841,1.79566
486,0,-0.0281195,-0.252936,1.76178,0.11394,0.529841,1.79566
487,0,-0.0277236,-0.252736,1.761,0.11394,0.529841,1.79566
488,0,-0.0273818,-0.252451,1.76021,0.11394,0.529841,1.79566
489,0,-0.0272309,-0.252434,1.76044,0.11394,0.529841,1.79566
490,0,-0.0278627,-0.25267,1.76033,0.11394,0.529841,1.79566
491,0,-0.0270748,-0.253267,1.75963,0.11394,0.529841,1.79566
492,0,-0.0263855,-0.252665,1.7597,0.11394,0.529841,1.79566
493,0,-0.0281185,-0.253463,1.76089,0.11394,0.529841,1.79566
494,0,-0.0265295,-0.253416,1.76057,0.11394,0.529841,1.79566
495,0,-0.028444,-0.253699,1.76243,0.11394,0.529841,1.79566
496,0,-0.025795,-0.249823,1.75241,0.11394,0.529841,1.79566
497,0,-0.0280638,-0.252015,1.76177,0.11394,0.529841,1.79566
498,0,-0.0287036,-0.253022,1.76154,0.11394,0.529841,1.79566
499,0,-0.0291135,-0.25306,1.76202,0.11394,0.529841,1.79566
500,0,-0.0290825,-0.253093,1.76185,0.11394,0.529841,1.79566
501,0,-0.0287645,-0.252793,1.76044,0.11394,0.529841,1.79566
502,0,-0.0268538,-0.252798,1.75972,0.11394,0.529841,1.79566
503,0,-0.0274134,-0.252416,1.76047,0.11394,0.529841,1.79566
504,0,-0.0289457,-0.252718,1.76157,0.11394,0.529841,1.79566
505,0,-0.0281249,-0.253306,1.76108,0.11394,0.529841,1.79566
506,0,-0.0297053,-0.25253,1.76187,0.11394,0.529841,1.79566
507,0,-0.0283443,-0.253206,1.76132,0.11394,0.529841,1.79566
508,0,-0.0260168,-0.251532,1.7595,0.11394,0.529841,1.79566
509,0,-0.0288949,-0.253027,1.76154,0.11394,0.529841,1.79566
510,0,-0.0289422,-0.253155,1.76222,0.11394,0.529841,1.79566
511,0,-0.0269802,-0.253445,1.76118,0.11394,0.529841,1.79566
512,0,-0.0294089,-0.252126,1.76274,0.11394,0.529841,1.79566
513,0,-0.0316212,-0.248182,1.76099,0.11394,0.529841,1.79566
514,0,-0.0335793,-0.246402,1.76103,0.11394,0.529841,1.79566
515,1,-0.0361715,-0.243086,1.76022,0.11394,0.529841,1.79566
516,1,-0.0362912,-0.242607,1.75924,0.11394,0.529841,1.79566
517,1,-0.0377367,-0.239923,1.75555,0.11394,0.529841,1.79566
518,1,-0.0352981,-0.243896,1.75974,0.11394,0.529841,1.79566
519,1,-0.0327944,-0.245798,1.75792,0.11394,0.529841,1.79566
520,1,-0.0324154,-0.244268,1.75965,0.11394,0.529841,1.79566
521,1,-0.0306052,-0.248914,1.76056,0.11394,0.529841,1.79566
522,1,-0.0293875,-0.251449,1.76014,0.11394,0.529841,1.79566
523,1,-0.029306,-0.251109,1.75951,0.11394,0.529841,1.79566
524,1,-0.0297531,-0.252395,1.76114,0.11394,0.529841,1.79566
525,1,-0.0295865,-0.251017,1.76015,0.11394,0.529841,1.79566
526,1,-0.0298403,-0.250357,1.76065,0.11394,0.529841,1.79566
527,1,-0.0296264,-0.251397,1.75868,0.11394,0.529841,1.79566
528,1,-0.0340177,-0.249668,1.75347,0.11394,0.529841,1.79566
529,1,-0.0300205,-0.252434,1.75799,0.11394,0.529841,1.79566
530,1,-0.0298693,-0.252397,1.75926,0.11394,0.529841,1.79566
531,1,-0.0305369,-0.251492,1.75889,0.11394,0.529841,1.79566
532,1,-0.0293013,-0.251047,1.75997,0.11394,0.529841,1.79566
533,1,-0.0303222,-0.247814,1.75078,0.11394,0.529841,1.79566
534,1,-0.0285889,-0.251522,1.75604,0.11394,0.529841,1.79566
535,1,-0.0286275,-0.251627,1.75795,0.11394,0.529841,1.79566
536,1,-0.0286028,-0.252149,1.75942,0.11394,0.529841,1.79566
537,1,-0.0307554,-0.248982,1.75201,0.11394,0.529841,1.79566
538,1,-0.0303639,-0.249071,1.75108,0.11394,0.529841,1.79566
539,1,-0.0276802,-0.252693,1.7571,0.11394,0.529841,1.79566
540,1,-0.0283984,-0.25297,1.75676,0.11394,0.529841,1.79566
541,1,-0.0283773,-0.252637,1.75844,0.11394,0.529841,1.79566
542,1,-0.0285419,-0.249601,1.75771,0.11394,0.529841,1.79566
543,1,-0.0293995,-0.249714,1.75838,0.11394,0.529841,1.79566
544,1,-0.0276312,-0.248499,1.75789,0.11394,0.529841,1.79566
545,1,-0.0242369,-0.245374,1.76101,0.11394,0.529841,1.79566
546,1,-0.023311,-0.24513,1.75859,0.11394,0.529841,1.79566
547,1,-0.0220487,-0.235809,1.75382,0.11394,0.529841,1.79566
548,1,-0.0194475,-0.234104,1.75306,0.11394,0.529841,1.79566
549,1,-0.0172694,-0.232079,1.75063,0.11394,0.529841,1.79566
550,1,-0.0156728,-0.230176,1.74986,0.11394,0.529841,1.79566
551,1,-0.0143542,-0.221515,1.74575,0.11394,0.529841,1.79566
552,1,-0.0112962,-0.207184,1.73523,0.11394,0.529841,1.79566
553,1,-0.00912989,-0.200272,1.72983,0.11394,0.529841,1.79566
554,1,-0.00907226,-0.19697,1.72643,0.11394,0.529841,1.79566
555,1,-0.00952016,-0.190364,1.72229,0.11394,0.529841,1.79566
556,1,-0.00772515,-0.188083,1.72105,0.11394,0.529841,1.79566
557,1,-0.00683032,-0.182927,1.71866,0.11394,0.529841,1.79566
558,1,-0.00775034,-0.172462,1.71082,0.11394,0.529841,1.79566
559,1,-0.00628822,-0.165538,1.7078,0.11394,0.529841,1.79566
560,1,-0.00593353,-0.157055,1.70641,0.11394,0.529841,1.79566
561,1,-0.00433391,-0.137643,1.69259,0.11394,0.529841,1.79566
562,1,-0.00210476,-0.13234,1.69294,0.11394,0.529841,1.79566
563,1,-0.000192557,-0.118812,1.68793,0.11394,0.529841,1.79566
564,1,0.000417977,-0.104453,1.68346,0.11394,0.529841,1.79566
565,1,0.0031533,-0.0859905,1.6775,0.11394,0.529841,1.79566
566,1,0.00755616,-0.0635314,1.67097,0.11394,0.529841,1.79566
567,1,0.0113769,-0.0410949,1.6639,0.11394,0.529841,1.79566
568,1,0.015991,-0.0154669,1.66029,0.11394,0.529841,1.79566
569,1,0.0185204,0.00947095,1.65986,0.11394,0.529841,1.79566
570,1,0.0235317,0.0377553,1.65574,0.11394,0.529841,1.79566
571,1,0.0274827,0.0660643,1.65321,0.11394,0.529841,1.79566
572,1,0.0316943,0.0960033,1.65215,0.11394,0.529841,1.79566
573,1,0.0349418,0.122538,1.65539,0.11394,0.529841,1.79566
574,1,0.038216,0.14866,1.65855,0.11394,0.529841,1.79566
575,1,0.0406936,0.176921,1.66316,0.11394,0.529841,1.79566
576,1,0.042786,0.203163,1.67069,0.11394,0.529841,1.79566
577,1,0.0452315,0.230455,1.67471,0.11394,0.529841,1.79566
578,1,0.0466523,0.256034,1.6835,0.11394,0.529841,1.79566
579,1,0.0491006,0.281924,1.69003,0.11394,0.529841,1.79566
580,1,0.0501148,0.305371,1.69762,0.11394,0.529841,1.79566
581,1,0.0519913,0.326328,1.70676,0.11394,0.529841,1.79566
582,1,0.0520827,0.346764,1.7149,0.11394,0.529841,1.79566
583,1,0.0534943,0.365391,1.72067,0.11394,0.529841,1.79566
584,1,0.0516714,0.38031,1.72908,0.11394,0.529841,1.79566
585,1,0.0539381,0.393951,1.73396,0.11394,0.529841,1.79566
586,1,0.0523866,0.404983,1.74295,0.11394,0.529841,1.79566
587,1,0.0505642,0.419426,1.75101,0.11394,0.529841,1.79566
588,1,0.0500846,0.427725,1.75627,0.11394,0.529841,1.79566
589,1,0.0546215,0.419537,1.7478,0.11394,0.529841,1.79566
590,1,0.0514287,0.442079,1.75991,0.11394,0.529841,1.79566
591,1,0.0517582,0.445924,1.76018,0.11394,0.529841,1.79566
592,1,0.0504801,0.448665,1.76203,0.11394,0.529841,1.79566
593,1,0.0459823,0.463915,1.77161,0.11394,0.529841,1.79566
594,1,0.0483746,0.458541,1.76366,0.11394,0.529841,1.79566
595,1,0.0468764,0.470431,1.77271,0.11394,0.529841,1.79566
596,1,0.0449235,0.477579,1.77897,0.11394,0.529841,1.79566
597,1,0.0457075,0.478861,1.78107,0.11394,0.529841,1.79566
598,1,0.0448342,0.479402,1.78106,0.11394,0.529841,1.79566
599,1,0.0451647,0.481285,1.78096,0.11394,0.529841,1.79566
600,1,0.0454755,0.48183,1.7825,0.11394,0.529841,1.79566
601,1,0.0458707,0.481048,1.78272,0.11394,0.529841,1.79566
602,1,0.0473577,0.480491,1.78099,0.11394,0.529841,1.79566
603,1,0.0467747,0.481359,1.78155,0.11394,0.529841,1.79566
604,1,0.0479097,0.480781,1.78215,0.11394,0.529841,1.79566
605,1,0.0461297,0.48175,1.78315,0.11394,0.529841,1.79566
606,1,0.0465615,0.482741,1.78382,0.11394,0.529841,1.79566
607,1,0.0454936,0.481964,1.78323,0.11394,0.529841,1.79566
608,1,0.0456614,0.480539,1.78322,0.11394,0.529841,1.79566
609,1,0.0453795,0.482236,1.78299,0.11394,0.529841,1.79566
610,1,0.0428265,0.480297,1.78247,0.11394,0.529841,1.79566
611,1,0.0432663,0.480716,1.78139,0.11394,0.529841,1.79566
612,1,0.0413137,0.481891,1.78487,0.11394,0.529841,1.79566
613,1,0.0411458,0.479043,1.78426,0.11394,0.529841,1.79566
614,1,0.0419237,0.48065,1.78391,0.11394,0.529841,1.79566
615,1,0.0396539,0.478408,1.78207,0.11394,0.529841,1.79566
616,1,0.0340878,0.475757,1.78068,0.11394,0.529841,1.79566
617,1,0.032086,0.468018,1.77029,0.11394,0.529841,1.79566
618,1,0.0275541,0.462167,1.76376,0.11394,0.529841,1.79566
619,1,0.0200604,0.455428,1.75428,0.11394,0.529841,1.79566
620,1,0.0112291,0.449467,1.74377,0.11394,0.529841,1.79566
621,1,0.00139643,0.439522,1.72701,0.11394,0.529841,1.79566
622,1,-0.009345,0.432861,1.71726,0.11394,0.529841,1.79566
623,1,-0.0202681,0.424439,1.70579,0.11394,0.529841,1.79566
624,1,-0.0315777,0.416502,1.69475,0.11394,0.529841,1.79566
625,1,-0.0464125,0.408538,1.68377,0.11394,0.529841,1.79566
626,1,-0.0590624,0.399213,1.67541,0.11394,0.529841,1.79566
627,1,-0.0745277,0.387596,1.66425,0.11394,0.529841,1.79566
628,1,-0.0914689,0.376129,1.65578,0.11394,0.529841,1.79566
629,1,-0.108704,0.36488,1.64778,0.11394,0.529841,1.79566
630,1,-0.123609,0.3558,1.64183,0.11394,0.529841,1.79566
631,1,-0.141037,0.340914,1.63072,0.11394,0.529841,1.79566
632,1,-0.158174,0.328772,1.62262,0.11394,0.529841,1.79566
633,1,-0.175786,0.315563,1.61486,0.11394,0.529841,1.79566
634,1,-0.193783,0.300311,1.61245,0.11394,0.529841,1.79566
635,1,-0.212829,0.287582,1.60923,0.11394,0.529841,1.79566
636,1,-0.232075,0.271912,1.60428,0.11394,0.529841,1.79566
637,1,-0.255208,0.255201,1.60166,0.11394,0.529841,1.79566
638,1,-0.275406,0.237611,1.59849,0.11394,0.529841,1.79566
640,1,-0.30178,0.199511,1.59725,0.11394,0.529841,1.79566
641,1,-0.341296,0.177111,1.6036,0.11394,0.529841,1.79566
642,1,-0.365153,0.156232,1.60803,0.11394,0.529841,1.79566
643,1,-0.385624,0.130998,1.61494,0.11394,0.529841,1.79566
644,1,-0.407093,0.106065,1.61921,0.11394,0.529841,1.79566
645,1,-0.42693,0.0830933,1.62736,0.11394,0.529841,1.79566
646,1,-0.445076,0.0685975,1.64363,0.11394,0.529841,1.79566
647,1,-0.459385,0.0394006,1.65459,0.11394,0.529841,1.79566
648,1,-0.471741,0.0161591,1.66715,0.11394,0.529841,1.79566
649,1,-0.482021,-0.0128793,1.67059,0.11394,0.529841,1.79566
650,1,-0.496488,-0.0271685,1.69166,0.11394,0.529841,1.79566
651,1,-0.509328,-0.0454084,1.70521,0.11394,0.529841,1.79566
652,1,-0.518316,-0.0664034,1.71272,0.11394,0.529841,1.79566
653,1,-0.530866,-0.081543,1.7267,0.11394,0.529841,1.79566
654,1,-0.533797,-0.0981442,1.73619,0.11394,0.529841,1.79566
655,1,-0.542445,-0.109077,1.74516,0.11394,0.529841,1.79566
656,1,-0.546038,-0.120105,1.75402,0.11394,0.529841,1.79566
657,1,-0.546811,-0.13941,1.75366,0.11394,0.529841,1.79566
658,1,-0.548093,-0.147029,1.75761,0.11394,0.529841,1.79566
659,1,-0.551237,-0.156087,1.75849,0.11394,0.529841,1.79566
660,1,-0.543718,-0.16758,1.76216,0.11394,0.529841,1.79566
661,1,-0.551579,-0.170118,1.76143,0.11394,0.529841,1.79566
662,1,-0.550656,-0.177371,1.75815,0.11394,0.529841,1.79566
663,1,-0.544669,-0.187573,1.75768,0.11394,0.529841,1.79566
664,1,-0.546578,-0.192539,1.75957,0.11394,0.529841,1.79566
665,1,-0.548912,-0.195746,1.76301,0.11394,0.529841,1.79566
666,1,-0.542777,-0.205123,1.76358,0.11394,0.529841,1.79566
667,1,-0.544894,-0.208457,1.764,0.11394,0.529841,1.79566
668,1,-0.54794,-0.209021,1.77007,0.11394,0.529841,1.79566
669,1,-0.540413,-0.215123,1.77117,0.11394,0.529841,1.79566
670,1,-0.539459,-0.216869,1.77204,0.11394,0.529841,1.79566
671,1,-0.54288,-0.21663,1.77757,0.11394,0.529841,1.79566
672,1,-0.538091,-0.219123,1.77696,0.11394,0.529841,1.79566
673,1,-0.536553,-0.220052,1.77607,0.11394,0.529841,1.79566
674,1,-0.53596,-0.221477,1.77614,0.11394,0.529841,1.79566
675,1,-0.536438,-0.221172,1.77648,0.11394,0.529841,1.79566
676,1,-0.535498,-0.221184,1.77717,0.11394,0.529841,1.79566
677,1,-0.535324,-0.221975,1.77777,0.11394,0.529841,1.79566
678,1,-0.535793,-0.223622,1.77877,0.11394,0.529841,1.79566
679,1,-0.53536,-0.222894,1.77654,0.11394,0.529841,1.79566
680,1,-0.534795,-0.223319,1.77779,0.11394,0.529841,1.79566
681,1,-0.53441,-0.223169,1.77931,0.11394,0.529841,1.79566
682,1,-0.535711,-0.223726,1.77905,0.11394,0.529841,1.79566
683,1,-0.534509,-0.223321,1.77823,0.11394,0.529841,1.79566
684,1,-0.535973,-0.221276,1.78049,0.11394,0.529841,1.79566
685,1,-0.536596,-0.22185,1.77782,0.11394,0.529841,1.79566
686,1,-0.535913,-0.221803,1.77972,0.11394,0.529841,1.79566
687,1,-0.534714,-0.223429,1.77734,0.11394,0.529841,1.79566
688,1,-0.534328,-0.22557,1.77624,0.11394,0.529841,1.79566
689,1,-0.534119,-0.225738,1.7771,0.11394,0.529841,1.79566
690,1,-0.535239,-0.223819,1.777,0.11394,0.529841,1.79566
691,1,-0.533071,-0.226647,1.7748,0.11394,0.529841,1.79566
692,1,-0.537393,-0.222778,1.77726,0.11394,0.529841,1.79566
693,1,-0.534082,-0.224777,1.77608,0.11394,0.529841,1.79566
694,0,-0.53447,-0.224211,1.77669,0.11394,0.529841,1.79566
695,0,-0.534552,-0.223919,1.77782,0.11394,0.529841,1.79566
696,0,-0.536165,-0.22598,1.7782,0.11394,0.529841,1.79566
697,0,-0.534172,-0.224771,1.77533,0.11394,0.529841,1.79566
698,0,-0.533665,-0.225447,1.77696,0.11394,0.529841,1.79566
699,0,-0.534039,-0.224511,1.77649,0.11394,0.529841,1.79566
700,0,-0.534813,-0.224535,1.77646,0.11394,0.529841,1.79566
701,0,-0.533794,-0.224615,1.77638,0.11394,0.529841,1.79566
702,0,-0.533288,-0.224749,1.77658,0.11394,0.529841,1.79566
703,0,-0.536587,-0.223886,1.7772,0.11394,0.529841,1.79566
704,0,-0.533081,-0.224812,1.77597,0.11394,0.529841,1.79566
705,0,-0.534337,-0.22624,1.77708,0.11394,0.529841,1.79566
706,0,-0.534986,-0.224476,1.77596,0.11394,0.529841,1.79566
707,0,-0.533686,-0.224063,1.77657,0.11394,0.529841,1.79566
708,0,-0.534481,-0.225208,1.77669,0.11394,0.529841,1.79566
709,0,-0.534691,-0.22448,1.77657,0.11394,0.529841,1.79566
710,0,-0.534088,-0.225362,1.77723,0.11394,0.529841,1.79566
711,0,-0.533885,-0.224827,1.77666,0.11394,0.529841,1.79566
712,0,-0.535103,-0.225787,1.77688,0.11394,0.529841,1.79566
713,0,-0.534615,-0.22435,1.77647,0.11394,0.529841,1.79566
714,0,-0.534162,-0.224745,1.77631,0.11394,0.529841,1.79566
715,0,-0.53281,-0.224016,1.77553,0.11394,0.529841,1.79566
716,0,-0.535611,-0.224532,1.77672,0.11394,0.529841,1.79566
717,0,-0.533608,-0.225529,1.77673,0.11394,0.529841,1.79566
718,0,-0.53429,-0.224125,1.7769,0.11394,0.529841,1.79566
719,0,-0.534477,-0.22526,1.77756,0.11394,0.529841,1.79566
720,0,-0.533426,-0.225008,1.77584,0.11394,0.529841,1.79566
721,0,-0.533704,-0.224386,1.77569,0.11394,0.529841,1.79566
722,0,-0.53681,-0.223587,1.77615,0.11394,0.529841,1.79566
723,0,-0.534194,-0.225455,1.77646,0.11394,0.529841,1.79566
724,0,-0.533641,-0.224485,1.77691,0.11394,0.529841,1.79566
725,0,-0.536365,-0.225511,1.77761,0.11394,0.529841,1.79566
726,0,-0.5362,-0.224036,1.77696,0.11394,0.529841,1.79566
727,0,-0.532774,-0.224966,1.77557,0.11394,0.529841,1.79566
728,0,-0.533581,-0.225512,1.7763,0.11394,0.529841,1.79566
729,0,-0.533959,-0.224119,1.77623,0.11394,0.529841,1.79566
730,0,-0.536864,-0.22439,1.776,0.11394,0.529841,1.79566
731,0,-0.535884,-0.225658,1.77755,0.11394,0.529841,1.79566
732,0,-0.539292,-0.226024,1.77853,0.11394,0.529841,1.79566
733,0,-0.534998,-0.226402,1.77668,0.11394,0.529841,1.79566
734,0,-0.532668,-0.225483,1.77492,0.11394,0.529841,1.79566
735,0,-0.535021,-0.224636,1.77786,0.11394,0.529841,1.79566
736,0,-0.534526,-0.22472,1.77675,0.11394,0.529841,1.79566
737,0,-0.533165,-0.224677,1.77638,0.11394,0.529841,1.79566
738,0,-0.533267,-0.225555,1.77615,0.11394,0.529841,1.79566
739,0,-0.537546,-0.225803,1.77698,0.11394,0.529841,1.79566
740,0,-0.533152,-0.223891,1.7758,0.11394,0.529841,1.79566
741,0,-0.533829,-0.224615,1.77669,0.11394,0.529841,1.79566
742,0,-0.536645,-0.223406,1.77633,0.11394,0.529841,1.79566
743,0,-0.533169,-0.224181,1.77666,0.11394,0.529841,1.79566
744,0,-0.535904,-0.226255,1.7734,0.11394,0.529841,1.79566
745,0,-0.535385,-0.225497,1.77627,0.11394,0.529841,1.79566
746,0,-0.534612,-0.22489,1.77775,0.11394,0.529841,1.79566
747,0,-0.53436,-0.224353,1.77632,0.11394,0.529841,1.79566
748,0,-0.533436,-0.223983,1.77569,0.11394,0.529841,1.79566
749,0,-0.53625,-0.225304,1.77755,0.11394,0.529841,1.79566
750,0,-0.535918,-0.224794,1.77696,0.11394,0.529841,1.79566
751,0,-0.533528,-0.224438,1.77577,0.11394,0.529841,1.79566
752,0,-0.536684,-0.224263,1.77735,0.11394,0.529841,1.79566
753,0,-0.534446,-0.224398,1.77639,0.11394,0.529841,1.79566
754,0,-0.533078,-0.224234,1.77633,0.11394,0.529841,1.79566
755,0,-0.53453,-0.224711,1.77713,0.11394,0.529841,1.79566
756,0,-0.534335,-0.225669,1.77667,0.11394,0.529841,1.79566
757,0,-0.538328,-0.225065,1.77621,0.11394,0.529841,1.79566
758,0,-0.53336,-0.224926,1.77652,0.11394,0.529841,1.79566
759,0,-0.53302,-0.225692,1.77716,0.11394,0.529841,1.79566
760,0,-0.535791,-0.225917,1.7779,0.11394,0.529841,1.79566
761,0,-0.533342,-0.224785,1.77639,0.11394,0.529841,1.79566
762,0,-0.535489,-0.224221,1.77746,0.11394,0.529841,1.79566
763,0,-0.536503,-0.224811,1.77817,0.11394,0.529841,1.79566
764,0,-0.534739,-0.225835,1.77524,0.11394,0.529841,1.79566
765,0,-0.534618,-0.223521,1.7772,0.11394,0.529841,1.79566
766,0,-0.533114,-0.224774,1.77513,0.11394,0.529841,1.79566
767,0,-0.533187,-0.224591,1.77639,0.11394,0.529841,1.79566
768,0,-0.534792,-0.224025,1.77649,0.11394,0.529841,1.79566
769,0,-0.534548,-0.224676,1.77653,0.11394,0.529841,1.79566
770,0,-0.535121,-0.224002,1.77657,0.11394,0.529841,1.79566
771,0,-0.534843,-0.225391,1.77719,0.11394,0.529841,1.79566
772,0,-0.533298,-0.225149,1.77642,0.11394,0.529841,1.79566
773,0,-0.532699,-0.224431,1.77417,0.11394,0.529841,1.79566
774,0,-0.533801,-0.225814,1.77698,0.11394,0.529841,1.79566
775,0,-0.53425,-0.224547,1.77635,0.11394,0.529841,1.79566
776,0,-0.53705,-0.221242,1.77831,0.11394,0.529841,1.79566
777,1,-0.534914,-0.223649,1.77757,0.11394,0.529841,1.79566
778,1,-0.536889,-0.221419,1.77892,0.11394,0.529841,1.79566
779,1,-0.539163,-0.219853,1.78024,0.11394,0.529841,1.79566
780,1,-0.536215,-0.220944,1.77852,0.11394,0.529841,1.79566
781,1,-0.535436,-0.222124,1.78009,0.11394,0.529841,1.79566
782,1,-0.534528,-0.222138,1.7802,0.11394,0.529841,1.79566
783,1,-0.535451,-0.22046,1.77885,0.11394,0.529841,1.79566
784,1,-0.535827,-0.221323,1.77909,0.11394,0.529841,1.79566
785,1,-0.537938,-0.221265,1.7789,0.11394,0.529841,1.79566
786,1,-0.539161,-0.220735,1.7795,0.11394,0.529841,1.79566
787,1,-0.538819,-0.219045,1.77905,0.11394,0.529841,1.79566
788,1,-0.534461,-0.218685,1.7787,0.11394,0.529841,1.79566
789,1,-0.53526,-0.218589,1.77673,0.11394,0.529841,1.79566
790,1,-0.537642,-0.22012,1.77567,0.11394,0.529841,1.79566
791,1,-0.533756,-0.219713,1.77341,0.11394,0.529841,1.79566
792,1,-0.535621,-0.219171,1.77459,0.11394,0.529841,1.79566
793,1,-0.535978,-0.218179,1.77481,0.11394,0.529841,1.79566
794,1,-0.539197,-0.211639,1.77692,0.11394,0.529841,1.79566
795,1,-0.541417,-0.20673,1.77042,0.11394,0.529841,1.79566
796,1,-0.54244,-0.200405,1.7638,0.11394,0.529841,1.79566
797,1,-0.542548,-0.190441,1.75692,0.11394,0.529841,1.79566
798,1,-0.546435,-0.179409,1.74937,0.11394,0.529841,1.79566
799,1,-0.545438,-0.165446,1.74108,0.11394,0.529841,1.79566
800,1,-0.54542,-0.151588,1.72852,0.11394,0.529841,1.79566
801,1,-0.548233,-0.131262,1.71563,0.11394,0.529841,1.79566
802,1,-0.549088,-0.115566,1.70327,0.11394,0.529841,1.79566
803,1,-0.546232,-0.0946126,1.6896,0.11394,0.529841,1.79566
804,1,-0.540541,-0.0766707,1.67624,0.11394,0.529841,1.79566
805,1,-0.534993,-0.0574323,1.66028,0.11394,0.529841,1.79566
806,1,-0.525432,-0.0381302,1.64486,0.11394,0.529841,1.79566
807,1,-0.514758,-0.021058,1.63123,0.11394,0.529841,1.79566
808,1,-0.50403,-0.00476963,1.61948,0.11394,0.529841,1.79566
809,1,-0.490608,0.0123371,1.60532,0.11394,0.529841,1.79566
810,1,-0.474808,0.0263197,1.59272,0.11394,0.529841,1.79566
811,1,-0.457635,0.0381672,1.57954,0.11394,0.529841,1.79566
812,1,-0.438326,0.0516259,1.56617,0.11394,0.529841,1.79566
813,1,-0.41904,0.0620209,1.55234,0.11394,0.529841,1.79566
814,1,-0.398039,0.0715831,1.5432,0.11394,0.529841,1.79566
815,1,-0.376468,0.0776407,1.53428,0.11394,0.529841,1.79566
816,1,-0.353874,0.0871447,1.5243,0.11394,0.529841,1.79566
817,1,-0.33306,0.0925157,1.51794,0.11394,0.529841,1.79566
818,1,-0.310304,0.095424,1.50961,0.11394,0.529841,1.79566
819,1,-0.286129,0.0983048,1.50257,0.11394,0.529841,1.79566
820,1,-0.264853,0.103293,1.49832,0.11394,0.529841,1.79566
821,1,-0.241155,0.104432,1.49523,0.11394,0.529841,1.79566
822,1,-0.218528,0.104256,1.49282,0.11394,0.529841,1.79566
823,1,-0.194541,0.103114,1.48916,0.11394,0.529841,1.79566
824,1,-0.169904,0.100461,1.48736,0.11394,0.529841,1.79566
825,1,-0.142618,0.0983212,1.48264,0.11394,0.529841,1.79566
826,1,-0.121229,0.0972753,1.48599,0.11394,0.529841,1.79566
827,1,-0.0950209,0.0937179,1.48298,0.11394,0.529841,1.79566
828,1,-0.0650524,0.0926006,1.478,0.11394,0.529841,1.79566
829,1,-0.0417811,0.0867172,1.47995,0.11394,0.529841,1.79566
830,1,-0.0141707,0.0843012,1.48169,0.11394,0.529841,1.79566
831,1,0.0116005,0.0815871,1.48462,0.11394,0.529841,1.79566
832,1,0.0394224,0.0754408,1.48896,0.11394,0.529841,1.79566
833,1,0.0662514,0.0692912,1.49416,0.11394,0.529841,1.79566
834,1,0.0960904,0.0623407,1.49942,0.11394,0.529841,1.79566
835,1,0.12485,0.0555063,1.51119,0.11394,0.529841,1.79566
836,1,0.153044,0.0493341,1.51944,0.11394,0.529841,1.79566
837,1,0.181297,0.0429871,1.52855,0.11394,0.529841,1.79566
838,1,0.208395,0.0348581,1.54147,0.11394,0.529841,1.79566
839,1,0.236276,0.02796,1.5546,0.11394,0.529841,1.79566
840,1,0.262654,0.0185215,1.57135,0.11394,0.529841,1.79566
841,1,0.290378,0.0121222,1.58033,0.11394,0.529841,1.79566
842,1,0.315696,0.00761549,1.59213,0.11394,0.529841,1.79566
843,1,0.341171,0.000240379,1.60562,0.11394,0.529841,1.79566
844,1,0.366341,-0.0113026,1.62397,0.11394,0.529841,1.79566
845,1,0.389542,-0.0186214,1.64216,0.11394,0.529841,1.79566
846,1,0.412774,-0.0264309,1.65901,0.11394,0.529841,1.79566
847,1,0.43232,-0.0356682,1.67236,0.11394,0.529841,1.79566
848,1,0.450218,-0.0395061,1.68729,0.11394,0.529841,1.79566
849,1,0.467278,-0.0473914,1.70464,0.11394,0.529841,1.79566
850,1,0.483392,-0.0587311,1.72474,0.11394,0.529841,1.79566
851,1,0.485913,-0.0563766,1.72369,0.11394,0.529841,1.79566
852,1,0.500267,-0.0719533,1.74621,0.11394,0.529841,1.79566
853,1,0.513011,-0.0816444,1.76273,0.11394,0.529841,1.79566
855,1,0.524534,-0.0936009,1.78139,0.11394,0.529841,1.79566
856,1,0.53693,-0.118047,1.80516,0.11394,0.529841,1.79566
857,1,0.540857,-0.125151,1.81329,0.11394,0.529841,1.79566
858,1,0.544038,-0.129251,1.81622,0.11394,0.529841,1.79566
859,1,0.552218,-0.134826,1.82524,0.11394,0.529841,1.79566
860,1,0.555592,-0.144338,1.83571,0.11394,0.529841,1.79566
861,1,0.558813,-0.147631,1.83788,0.11394,0.529841,1.79566
862,1,0.556942,-0.153659,1.84438,0.11394,0.529841,1.79566
863,1,0.559932,-0.156115,1.84704,0.11394,0.529841,1.79566
864,1,0.560855,-0.163152,1.8548,0.11394,0.529841,1.79566
865,1,0.558878,-0.158266,1.84838,0.11394,0.529841,1.79566
866,1,0.558705,-0.167791,1.8544,0.11394,0.529841,1.79566
867,1,0.558314,-0.167932,1.85415,0.11394,0.529841,1.79566
868,1,0.557641,-0.167959,1.85469,0.11394,0.529841,1.79566
869,1,0.55884,-0.170398,1.85592,0.11394,0.529841,1.79566
870,1,0.560124,-0.16861,1.85571,0.11394,0.529841,1.79566
871,1,0.554799,-0.170804,1.85398,0.11394,0.529841,1.79566
872,1,0.551304,-0.162046,1.84689,0.11394,0.529841,1.79566
873,1,0.554412,-0.172767,1.85603,0.11394,0.529841,1.79566
874,1,0.557318,-0.173054,1.8593,0.11394,0.529841,1.79566
875,1,0.555235,-0.171068,1.85202,0.11394,0.529841,1.79566
876,1,0.559139,-0.170543,1.85673,0.11394,0.529841,1.79566
877,1,0.556582,-0.152852,1.83974,0.11394,0.529841,1.79566
878,1,0.557997,-0.149755,1.83942,0.11394,0.529841,1.79566
879,1,0.564242,-0.14887,1.84097,0.11394,0.529841,1.79566
880,1,0.559179,-0.154148,1.84718,0.11394,0.529841,1.79566
881,1,0.539907,-0.131161,1.82658,0.11394,0.529841,1.79566
882,1,0.547278,-0.136343,1.8324,0.11394,0.529841,1.79566
883,1,0.55213,-0.142904,1.84019,0.11394,0.529841,1.79566
884,0,0.566332,-0.157731,1.85714,0.11394,0.529841,1.79566
885,0,0.564653,-0.164541,1.8642,0.11394,0.529841,1.79566
886,0,0.560954,-0.166951,1.86776,0.11394,0.529841,1.79566
887,0,0.561333,-0.167183,1.86729,0.11394,0.529841,1.79566
888,0,0.560897,-0.166954,1.86752,0.11394,0.529841,1.79566
889,0,0.560428,-0.167298,1.86758,0.11394,0.529841,1.79566
890,0,0.563949,-0.165451,1.86366,0.11394,0.529841,1.79566
891,0,0.560705,-0.166258,1.86753,0.11394,0.529841,1.79566
892,0,0.565318,-0.164794,1.86434,0.11394,0.529841,1.79566
893,0,0.562443,-0.165164,1.86793,0.11394,0.529841,1.79566
894,0,0.561476,-0.167748,1.86807,0.11394,0.529841,1.79566
895,0,0.56144,-0.167299,1.86658,0.11394,0.529841,1.79566
896,0,0.561279,-0.166543,1.86647,0.11394,0.529841,1.79566
897,0,0.561547,-0.166919,1.86747,0.11394,0.529841,1.79566
898,0,0.561496,-0.16671,1.86445,0.11394,0.529841,1.79566
899,0,0.561041,-0.167653,1.86766,0.11394,0.529841,1.79566
900,0,0.562092,-0.166275,1.86716,0.11394,0.529841,1.79566
901,0,0.561982,-0.167264,1.86744,0.11394,0.529841,1.79566
902,0,0.561808,-0.166575,1.86645,0.11394,0.529841,1.79566
903,0,0.561327,-0.167471,1.86679,0.11394,0.529841,1.79566
904,0,0.56188,-0.166846,1.86708,0.11394,0.529841,1.79566
905,0,0.560615,-0.166462,1.86622,0.11394,0.529841,1.79566
906,0,0.560585,-0.166684,1.86774,0.11394,0.529841,1.79566
907,0,0.561311,-0.16693,1.86639,0.11394,0.529841,1.79566
908,0,0.560378,-0.167916,1.86793,0.11394,0.529841,1.79566
909,0,0.560539,-0.166614,1.8673,0.11394,0.529841,1.79566
910,0,0.561976,-0.165334,1.86382,0.11394,0.529841,1.79566
911,0,0.561437,-0.167349,1.86705,0.11394,0.529841,1.79566
912,0,0.561378,-0.165483,1.86368,0.11394,0.529841,1.79566
913,0,0.56368,-0.165796,1.86362,0.11394,0.529841,1.79566
914,0,0.561759,-0.16671,1.86703,0.11394,0.529841,1.79566
915,0,0.561964,-0.167498,1.86758,0.11394,0.529841,1.79566
916,0,0.562583,-0.16746,1.8676,0.11394,0.529841,1.79566
917,0,0.561323,-0.167373,1.86739,0.11394,0.529841,1.79566
918,0,0.562089,-0.164747,1.86429,0.11394,0.529841,1.79566
919,0,0.562338,-0.164089,1.86372,0.11394,0.529841,1.79566
920,0,0.562758,-0.164575,1.86504,0.11394,0.529841,1.79566
921,0,0.560028,-0.167192,1.8678,0.11394,0.529841,1.79566
922,0,0.561974,-0.163218,1.86466,0.11394,0.529841,1.79566
923,0,0.56318,-0.166308,1.86881,0.11394,0.529841,1.79566
924,0,0.561132,-0.16761,1.86825,0.11394,0.529841,1.79566
925,0,0.560552,-0.167458,1.86791,0.11394,0.529841,1.79566
926,0,0.560353,-0.167685,1.86724,0.11394,0.529841,1.79566
927,0,0.561718,-0.167434,1.86926,0.11394,0.529841,1.79566
928,0,0.562612,-0.165784,1.86921,0.11394,0.529841,1.79566
929,0,0.561498,-0.168695,1.86891,0.11394,0.529841,1.79566
930,0,0.563105,-0.165304,1.86499,0.11394,0.529841,1.79566
931,0,0.5619,-0.167548,1.86823,0.11394,0.529841,1.79566
932,0,0.56424,-0.164847,1.86424,0.11394,0.529841,1.79566
933,0,0.56179,-0.167394,1.86821,0.11394,0.529841,1.79566
934,0,0.563617,-0.163817,1.86468,0.11394,0.529841,1.79566
935,0,0.561469,-0.167434,1.86834,0.11394,0.529841,1.79566
936,0,0.560915,-0.167211,1.86906,0.11394,0.529841,1.79566
937,0,0.563475,-0.163697,1.86403,0.11394,0.529841,1.79566
938,0,0.563083,-0.164175,1.86415,0.11394,0.529841,1.79566
939,0,0.563261,-0.164654,1.86554,0.11394,0.529841,1.79566
940,0,0.564029,-0.165578,1.86547,0.11394,0.529841,1.79566
941,0,0.561906,-0.167283,1.86839,0.11394,0.529841,1.79566
942,0,0.56188,-0.16672,1.86917,0.11394,0.529841,1.79566
943,0,0.560908,-0.165013,1.86462,0.11394,0.529841,1.79566
944,0,0.562297,-0.166713,1.86749,0.11394,0.529841,1.79566
945,0,0.560677,-0.165172,1.86506,0.11394,0.529841,1.79566
946,0,0.563486,-0.166183,1.86466,0.11394,0.529841,1.79566
947,0,0.562726,-0.166127,1.86384,0.11394,0.529841,1.79566
948,0,0.56168,-0.166957,1.86846,0.11394,0.529841,1.79566
949,0,0.561407,-0.164905,1.86581,0.11394,0.529841,1.79566
950,0,0.562956,-0.167338,1.86881,0.11394,0.529841,1.79566
951,0,0.562303,-0.164772,1.86525,0.11394,0.529841,1.79566
952,0,0.560957,-0.16671,1.867,0.11394,0.529841,1.79566
953,0,0.561793,-0.163821,1.86344,0.11394,0.529841,1.79566
954,0,0.563508,-0.165283,1.8645,0.11394,0.529841,1.79566
955,0,0.562845,-0.166873,1.86813,0.11394,0.529841,1.79566
956,0,0.560855,-0.167506,1.86826,0.11394,0.529841,1.79566
957,0,0.561572,-0.167002,1.86743,0.11394,0.529841,1.79566
958,0,0.560877,-0.167824,1.86779,0.11394,0.529841,1.79566
959,0,0.562381,-0.167799,1.86772,0.11394,0.529841,1.79566
960,0,0.562043,-0.165055,1.86448,0.11394,0.529841,1.79566
961,0,0.561501,-0.16743,1.86859,0.11394,0.529841,1.79566
962,0,0.562041,-0.167793,1.86834,0.11394,0.529841,1.79566
963,0,0.562522,-0.167129,1.86931,0.11394,0.529841,1.79566
964,0,0.561262,-0.166514,1.868,0.11394,0.529841,1.79566
965,0,0.560958,-0.168305,1.8686,0.11394,0.529841,1.79566
966,0,0.561649,-0.167022,1.86789,0.11394,0.529841,1.79566
967,0,0.562123,-0.16664,1.86754,0.11394,0.529841,1.79566
968,0,0.561138,-0.167239,1.86858,0.11394,0.529841,1.79566
969,0,0.562067,-0.167486,1.86877,0.11394,0.529841,1.79566
970,0,0.561454,-0.165965,1.86833,0.11394,0.529841,1.79566
971,0,0.561348,-0.16709,1.86794,0.11394,0.529841,1.79566
972,0,0.562512,-0.167146,1.86861,0.11394,0.529841,1.79566
973,0,0.564098,-0.165527,1.86533,0.11394,0.529841,1.79566
974,0,0.562932,-0.165697,1.86251,0.11394,0.529841,1.79566
975,0,0.56278,-0.164312,1.86484,0.11394,0.529841,1.79566
976,0,0.561768,-0.167662,1.86875,0.11394,0.529841,1.79566
977,0,0.561198,-0.167174,1.86724,0.11394,0.529841,1.79566
978,0,0.561816,-0.166987,1.86815,0.11394,0.529841,1.79566
