RELEASE,_,0.000000,0.000000,0.000000,0.000000,0.000000,0.000000,0.000000,0.000000,0.000000,0.000000,0.000000,0.000000,0.000000,0.000000,0.000000,0.000000
RELEASE,_,0.000000,0.000000,0.000000,0.000000,0.000000,0.000000,0.000000,0.000000,0.000000,0.000000,0.000000,0.000000,0.000000,0.000000,0.000000,0.000000
RELEASE,_,0.000000,0.000000,0.000000,0.000000,0.000000,0.000000,0.000000,0.000000,0.000000,0.000000,0.000000,0.000000,0.000000,0.000000,0.000000,0.000000
RELEASE,_,0.000000,0.000000,0.000000,0.000000,0.000000,0.000000,0.000000,0.000000,0.000000,0.000000,0.000000,0.000000,0.000000,0.000000,0.000000,0.000000
RELEASE,_,0.000000,0.000000,0.000000,0.000000,0.000000,0.000000,0.000000,0.000000,0.000000,0.000000,0.000000,0.000000,0.000000,0.000000,0.000000,0.000000
RELEASE,_,0.000000,0.000000,0.000000,0.000000,0.000000,0.000000,0.000000,0.000000,0.000000,0.000000,0.000000,0.000000,0.000000,0.000000,0.000000,0.000000
RELEASE,_,0.000000,0.000000,0.000000,0.000000,0.000000,0.000000,0.000000,0.000000,0.000000,0.000000,0.000000,0.000000,0.000000,0.000000,0.000000,0.000000
RELEASE,_,0.000000,0.000000,0.000000,0.000000,0.000000,0.000000,0.000000,0.000000,0.000000,0.000000,0.000000,0.000000,0.000000,0.000000,0.000000,0.000000
RELEASE,_,0.000000,0.000000,0.000000,0.000000,0.000000,0.000000,0.000000,0.000000,0.000000,0.000000,0.000000,0.000000,0.000000,0.000000,0.000000,0.000000
RELEASE,_,0.000000,0.000000,0.000000,0.000000,0.000000,0.000000,0.000000,0.000000,0.000000,0.000000,0.000000,0.000000,0.000000,0.000000,0.000000,0.000000
RELEASE,_,0.000000,0.000000,0.000000,0.000000,0.000000,0.000000,0.000000,0.000000,0.000000,0.000000,0.000000,0.000000,0.000000,0.000000,0.000000,0.000000
RELEASE,_,0.000000,0.000000,0.000000,0.000000,0.000000,0.000000,0.000000,0.000000,0.000000,0.000000,0.000000,0.000000,0.000000,0.000000,0.000000,0.000000
RELEASE,_,0.000000,0.000000,0.000000,0.000000,0.000000,0.000000,0.000000,0.000000,0.000000,0.000000,0.000000,0.000000,0.000000,0.000000,0.000000,0.000000
RELEASE,_,0.000000,0.000000,0.000000,0.000000,0.000000,0.000000,0.000000,0.000000,0.000000,0.000000,0.000000,0.000000,0.000000,0.000000,0.000000,0.000000
RELEASE,_,0.000000,0.000000,0.000000,0.000000,0.000000,0.000000,0.000000,0.000000,0.000000,0.000000,0.000000,0.000000,0.000000,0.000000,0.000000,0.000000
RELEASE,_,0.000000,0.000000,0.000000,0.000000,0.000000,0.000000,0.000000,0.000000,0.000000,0.000000,0.000000,0.000000,0.000000,0.000000,0.000000,0.000000
RELEASE,_,0.000000,0.000000,0.000000,0.000000,0.000000,0.000000,0.000000,0.000000,0.000000,0.000000,0.000000,0.000000,0.000000,0.000000,0.000000,0.000000
RELEASE,_,0.000000,0.000000,0.000000,0.000000,0.000000,0.000000,0.000000,0.000000,0.000000,0.000000,0.000000,0.000000,0.000000,0.000000,0.000000,0.000000
RELEASE,_,0.000000,0.000000,0.000000,0.000000,0.000000,0.000000,0.000000,0.000000,0.000000,0.000000,0.000000,0.000000,0.000000,0.000000,0.000000,0.000000
RELEASE,_,0.000000,0.000000,0.000000,0.000000,0.000000,0.000000,0.000000,0.000000,0.000000,0.000000,0.000000,0.000000,0.000000,0.000000,0.000000,0.000000
RELEASE,_,0.000000,0.000000,0.000000,0.000000,0.000000,0.000000,0.000000,0.000000,0.000000,0.000000,0.000000,0.000000,0.000000,0.000000,0.000000,0.000000
RELEASE,_,0.000000,0.000000,0.000000,0.000000,0.000000,0.000000,0.000000,0.000000,0.000000,0.000000,0.000000,0.000000,0.000000,0.000000,0.000000,0.000000
RELEASE,_,0.000000,0.000000,0.000000,0.000000,0.000000,0.000000,0.000000,0.000000,0.000000,0.000000,0.000000,0.000000,0.000000,0.000000,0.000000,0.000000
RELEASE,_,0.000000,0.000000,0.000000,0.000000,0.000000,0.000000,0.000000,0.000000,0.000000,0.000000,0.000000,0.000000,0.000000,0.000000,0.000000,0.000000
RELEASE,_,0.000000,0.000000,0.000000,0.000000,0.000000,0.000000,0.000000,0.000000,0.000000,0.000000,0.000000,0.000000,0.000000,0.000000,0.000000,0.000000
RELEASE,_,0.000000,0.000000,0.000000,0.000000,0.000000,0.000000,0.000000,0.000000,0.000000,0.000000,0.000000,0.000000,0.000000,0.000000,0.000000,0.000000
RELEASE,_,0.000000,0.000000,0.000000,0.000000,0.000000,0.000000,0.000000,0.000000,0.000000,0.000000,0.000000,0.000000,0.000000,0.000000,0.000000,0.000000
RELEASE,_,0.000000,0.000000,0.000000,0.000000,0.000000,0.000000,0.000000,0.000000,0.000000,0.000000,0.000000,0.000000,0.000000,0.000000,0.000000,0.000000
RELEASE,_,0.000000,0.000000,0.000000,0.000000,0.000000,0.000000,0.000000,0.000000,0.000000,0.000000,0.000000,0.000000,0.000000,0.000000,0.000000,0.000000
RELEASE,_,0.000000,0.000000,0.000000,0.000000,0.000000,0.000000,0.000000,0.000000,0.000000,0.000000,0.000000,0.000000,0.000000,0.000000,0.000000,0.000000
RELEASE,_,0.000000,0.000000,0.000000,0.000000,0.000000,0.000000,0.000000,0.000000,0.000000,0.000000,0.000000,0.000000,0.000000,0.000000,0.000000,0.000000
RELEASE,_,0.000000,0.000000,0.000000,0.000000,0.000000,0.000000,0.000000,0.000000,0.000000,0.000000,0.000000,0.000000,0.000000,0.000000,0.000000,0.000000
RELEASE,_,0.000000,0.000000,0.000000,0.000000,0.000000,0.000000,0.000000,0.000000,0.000000,0.000000,0.000000,0.000000,0.000000,0.000000,0.000000,0.000000
RELEASE,_,0.000000,0.000000,0.000000,0.000000,0.000000,0.000000,0.000000,0.000000,0.000000,0.000000,0.000000,0.000000,0.000000,0.000000,0.000000,0.000000
RELEASE,_,0.000000,0.000000,0.000000,0.000000,0.000000,0.000000,0.000000,0.000000,0.000000,0.000000,0.000000,0.000000,0.000000,0.000000,0.000000,0.000000
RELEASE,_,0.000000,0.000000,0.000000,0.000000,0.000000,0.000000,0.000000,0.000000,0.000000,0.000000,0.000000,0.000000,0.000000,0.000000,0.000000,0.000000
RELEASE,_,0.000000,0.000000,0.000000,0.000000,0.000000,0.000000,0.000000,0.000000,0.000000,0.000000,0.000000,0.000000,0.000000,0.000000,0.000000,0.000000
RELEASE,_,0.000000,0.000000,0.000000,0.000000,0.000000,0.000000,0.000000,0.000000,0.000000,0.000000,0.000000,0.000000,0.000000,0.000000,0.000000,0.000000
RELEASE,_,0.000000,0.000000,0.000000,0.000000,0.000000,0.000000,0.000000,0.000000,0.000000,0.000000,0.000000,0.000000,0.000000,0.000000,0.000000,0.000000
RELEASE,_,0.000000,0.000000,0.000000,0.000000,0.000000,0.000000,0.000000,0.000000,0.000000,0.000000,0.000000,0.000000,0.000000,0.000000,0.000000,0.000000
RELEASE,_,0.000000,0.000000,0.000000,0.000000,0.000000,0.000000,0.000000,0.000000,0.000000,0.000000,0.000000,0.000000,0.000000,0.000000,0.000000,0.000000
RELEASE,_,0.000000,0.000000,0.000000,0.000000,0.000000,0.000000,0.000000,0.000000,0.000000,0.000000,0.000000,0.000000,0.000000,0.000000,0.000000,0.000000
RELEASE,_,0.000000,0.000000,0.000000,0.000000,0.000000,0.000000,0.000000,0.000000,0.000000,0.000000,0.000000,0.000000,0.000000,0.000000,0.000000,0.000000
RELEASE,_,0.000000,0.000000,0.000000,0.000000,0.000000,0.000000,0.000000,0.000000,0.000000,0.000000,0.000000,0.000000,0.000000,0.000000,0.000000,0.000000
RELEASE,_,0.000000,0.000000,0.000000,0.000000,0.000000,0.000000,0.000000,0.000000,0.000000,0.000000,0.000000,0.000000,0.000000,0.000000,0.000000,0.000000
RELEASE,_,0.000000,0.000000,0.000000,0.000000,0.000000,0.000000,0.000000,0.000000,0.000000,0.000000,0.000000,0.000000,0.000000,0.000000,0.000000,0.000000
RELEASE,_,0.000000,0.000000,0.000000,0.000000,0.000000,0.000000,0.000000,0.000000,0.000000,0.000000,0.000000,0.000000,0.000000,0.000000,0.000000,0.000000
RELEASE,_,0.000000,0.000000,0.000000,0.000000,0.000000,0.000000,0.000000,0.000000,0.000000,0.000000,0.000000,0.000000,0.000000,0.000000,0.000000,0.000000
RELEASE,_,0.000000,0.000000,0.000000,0.000000,0.000000,0.000000,0.000000,0.000000,0.000000,0.000000,0.000000,0.000000,0.000000,0.000000,0.000000,0.000000
RELEASE,_,0.000000,0.000000,0.000000,0.000000,0.000000,0.000000,0.000000,0.000000,0.000000,0.000000,0.000000,0.000000,0.000000,0.000000,0.000000,0.000000
RELEASE,_,0.000000,0.000000,0.000000,0.000000,0.000000,0.000000,0.000000,0.000000,0.000000,0.000000,0.000000,0.000000,0.000000,0.000000,0.000000,0.000000
RELEASE,_,0.000000,0.000000,0.000000,0.000000,0.000000,0.000000,0.000000,0.000000,0.000000,0.000000,0.000000,0.000000,0.000000,0.000000,0.000000,0.000000
RELEASE,_,0.000000,0.000000,0.000000,0.000000,0.000000,0.000000,0.000000,0.000000,0.000000,0.000000,0.000000,0.000000,0.000000,0.000000,0.000000,0.000000
RELEASE,_,0.000000,0.000000,0.000000,0.000000,0.000000,0.000000,0.000000,0.000000,0.000000,0.000000,0.000000,0.000000,0.000000,0.000000,0.000000,0.000000
RELEASE,_,0.000000,0.000000,0.000000,0.000000,0.000000,0.000000,0.000000,0.000000,0.000000,0.000000,0.000000,0.000000,0.000000,0.000000,0.000000,0.000000
RELEASE,_,0.000000,0.000000,0.000000,0.000000,0.000000,0.000000,0.000000,0.000000,0.000000,0.000000,0.000000,0.000000,0.000000,0.000000,0.000000,0.000000
RELEASE,_,0.000000,0.000000,0.000000,0.000000,0.000000,0.000000,0.000000,0.000000,0.000000,0.000000,0.000000,0.000000,0.000000,0.000000,0.000000,0.000000
RELEASE,_,0.000000,0.000000,0.000000,0.000000,0.000000,0.000000,0.000000,0.000000,0.000000,0.000000,0.000000,0.000000,0.000000,0.000000,0.000000,0.000000
RELEASE,_,0.000000,0.000000,0.000000,0.000000,0.000000,0.000000,0.000000,0.000000,0.000000,0.000000,0.000000,0.000000,0.000000,0.000000,0.000000,0.000000
RELEASE,_,0.000000,0.000000,0.000000,0.000000,0.000000,0.000000,0.000000,0.000000,0.000000,0.000000,0.000000,0.000000,0.000000,0.000000,0.000000,0.000000
RELEASE,_,0.000000,0.000000,0.000000,0.000000,0.000000,0.000000,0.000000,0.000000,0.000000,0.000000,0.000000,0.000000,0.000000,0.000000,0.000000,0.000000
RELEASE,_,0.000000,0.000000,0.000000,0.000000,0.000000,0.000000,0.000000,0.000000,0.000000,0.000000,0.000000,0.000000,0.000000,0.000000,0.000000,0.000000
RELEASE,_,0.000000,0.000000,0.000000,0.000000,0.000000,0.000000,0.000000,0.000000,0.000000,0.000000,0.000000,0.000000,0.000000,0.000000,0.000000,0.000000
RELEASE,_,0.000000,0.000000,0.000000,0.000000,0.000000,0.000000,0.000000,0.000000,0.000000,0.000000,0.000000,0.000000,0.000000,0.000000,0.000000,0.000000
RELEASE,_,0.000000,0.000000,0.000000,0.000000,0.000000,0.000000,0.000000,0.000000,0.000000,0.000000,0.000000,0.000000,0.000000,0.000000,0.000000,0.000000
RELEASE,_,0.000000,0.000000,0.000000,0.000000,0.000000,0.000000,0.000000,0.000000,0.000000,0.000000,0.000000,0.000000,0.000000,0.000000,0.000000,0.000000
RELEASE,_,0.000000,0.000000,0.000000,0.000000,0.000000,0.000000,0.000000,0.000000,0.000000,0.000000,0.000000,0.000000,0.000000,0.000000,0.000000,0.000000
RELEASE,_,0.000000,0.000000,0.000000,0.000000,0.000000,0.000000,0.000000,0.000000,0.000000,0.000000,0.000000,0.000000,0.000000,0.000000,0.000000,0.000000
RELEASE,_,0.000000,0.000000,0.000000,0.000000,0.000000,0.000000,0.000000,0.000000,0.000000,0.000000,0.000000,0.000000,0.000000,0.000000,0.000000,0.000000
RELEASE,_,0.000000,0.000000,0.000000,0.000000,0.000000,0.000000,0.000000,0.000000,0.000000,0.000000,0.000000,0.000000,0.000000,0.000000,0.000000,0.000000
RELEASE,_,0.000000,0.000000,0.000000,0.000000,0.000000,0.000000,0.000000,0.000000,0.000000,0.000000,0.000000,0.000000,0.000000,0.000000,0.000000,0.000000
RELEASE,_,0.000000,0.000000,0.000000,0.000000,0.000000,0.000000,0.000000,0.000000,0.000000,0.000000,0.000000,0.000000,0.000000,0.000000,0.000000,0.000000
RELEASE,_,0.000000,0.000000,0.000000,0.000000,0.000000,0.000000,0.000000,0.000000,0.000000,0.000000,0.000000,0.000000,0.000000,0.000000,0.000000,0.000000
RELEASE,_,0.000000,0.000000,0.000000,0.000000,0.000000,0.000000,0.000000,0.000000,0.000000,0.000000,0.000000,0.000000,0.000000,0.000000,0.000000,0.000000
RELEASE,_,0.000000,0.000000,0.000000,0.000000,0.000000,0.000000,0.000000,0.000000,0.000000,0.000000,0.000000,0.000000,0.000000,0.000000,0.000000,0.000000
SHELF,_,0.000000,0.000000,0.000000,0.000000,0.000000,0.000000,0.000000,0.000000,0.000000,0.000000,0.000000,0.000000,0.000000,0.000000,0.000000,0.000000
SHELF,_,0.000000,0.000000,0.000000,0.000000,0.000000,0.000000,0.000000,0.000000,0.000000,0.000000,0.000000,0.000000,0.000000,0.000000,0.000000,0.000000
SHELF,_,0.000000,0.000000,0.000000,0.000000,0.000000,0.000000,0.000000,0.000000,0.000000,0.000000,0.000000,0.000000,0.000000,0.000000,0.000000,0.000000
SHELF,_,0.000000,0.000000,0.000000,0.000000,0.000000,0.000000,0.000000,0.000000,0.000000,0.000000,0.000000,0.000000,0.000000,0.000000,0.000000,0.000000
SHELF,_,0.000000,0.000000,0.000000,0.000000,0.000000,0.000000,0.000000,0.000000,0.000000,0.000000,0.000000,0.000000,0.000000,0.000000,0.000000,0.000000
SHELF,_,0.000000,0.000000,0.000000,0.000000,0.000000,0.000000,0.000000,0.000000,0.000000,0.000000,0.000000,0.000000,0.000000,0.000000,0.000000,0.000000
SHELF,_,0.000000,0.000000,0.000000,0.000000,0.000000,0.000000,0.000000,0.000000,0.000000,0.000000,0.000000,0.000000,0.000000,0.000000,0.000000,0.000000
SHELF,_,0.000000,0.000000,0.000000,0.000000,0.000000,0.000000,0.000000,0.000000,0.000000,0.000000,0.000000,0.000000,0.000000,0.000000,0.000000,0.000000
SHELF,_,0.000000,0.000000,0.000000,0.000000,0.000000,0.000000,0.000000,0.000000,0.000000,0.000000,0.000000,0.000000,0.000000,0.000000,0.000000,0.000000
SHELF,_,0.000000,0.000000,0.000000,0.000000,0.000000,0.000000,0.000000,0.000000,0.000000,0.000000,0.000000,0.000000,0.000000,0.000000,0.000000,0.000000
SHELF,_,0.000000,0.000000,0.000000,0.000000,0.000000,0.000000,0.000000,0.000000,0.000000,0.000000,0.000000,0.000000,0.000000,0.000000,0.000000,0.000000
SHELF,_,0.000000,0.000000,0.000000,0.000000,0.000000,0.000000,0.000000,0.000000,0.000000,0.000000,0.000000,0.000000,0.000000,0.000000,0.000000,0.000000
SHELF,_,0.000000,0.000000,0.000000,0.000000,0.000000,0.000000,0.000000,0.000000,0.000000,0.000000,0.000000,0.000000,0.000000,0.000000,0.000000,0.000000
SHELF,_,0.000000,0.000000,0.000000,0.000000,0.000000,0.000000,0.000000,0.000000,0.000000,0.000000,0.000000,0.000000,0.000000,0.000000,0.000000,0.000000
SHELF,_,0.000000,0.000000,0.000000,0.000000,0.000000,0.000000,0.000000,0.000000,0.000000,0.000000,0.000000,0.000000,0.000000,0.000000,0.000000,0.000000
SHELF,_,0.000000,0.000000,0.000000,0.000000,0.000000,0.000000,0.000000,0.000000,0.000000,0.000000,0.000000,0.000000,0.000000,0.000000,0.000000,0.000000
SHELF,_,0.000000,0.000000,0.000000,0.000000,0.000000,0.000000,0.000000,0.000000,0.000000,0.000000,0.000000,0.000000,0.000000,0.000000,0.000000,0.000000
MOVE,_,0.000000,0.000000,1.000000,0.000000,0.000000,0.000000,0.000000,0.000000,0.000000,0.000000,0.977463,0.000000,0.000000,0.000000,0.000000,0.000000
MOVE,_,0.000000,0.000000,1.000000,0.000000,0.000000,0.000000,0.000000,0.000000,0.000000,0.000000,0.951398,0.000000,0.000000,0.000000,0.000000,0.000000
MOVE,_,0.000000,0.000000,1.000000,0.000000,0.000000,0.000000,0.000000,0.000000,0.000000,0.000000,0.942323,0.000000,0.000000,0.000000,0.000000,0.000000
MOVE,_,0.000000,0.000000,1.000000,0.000000,0.000000,0.000000,0.000000,0.000000,0.000000,0.000000,0.916831,0.000000,0.000000,0.000000,0.000000,0.000000
MOVE,_,0.000000,0.000000,1.000000,0.000000,0.000000,0.000000,0.000000,0.000000,0.000000,0.000000,0.906242,0.000000,0.000000,0.000000,0.000000,0.000000
MOVE,_,0.000000,0.000000,1.000000,0.000000,0.000000,0.000000,0.000000,0.000000,0.000000,0.000000,0.891995,0.000000,0.000000,0.000000,0.000000,0.000000
MOVE,_,0.000000,0.000000,1.000000,0.000000,0.000000,0.000000,0.000000,0.000000,0.000000,0.000000,0.880705,0.000000,0.000000,0.000000,0.000000,0.000000
MOVE,_,0.000000,0.000000,1.000000,0.000000,0.000000,0.000000,0.000000,0.000000,0.000000,0.000000,0.870569,0.000000,0.000000,0.000000,0.000000,0.000000
MOVE,_,0.000000,0.000000,1.000000,0.000000,0.000000,0.000000,0.000000,0.000000,0.000000,0.000000,0.866901,0.000000,0.000000,0.000000,0.000000,0.000000
MOVE,_,0.000000,0.000000,1.000000,0.000000,0.000000,0.000000,0.000000,0.000000,0.000000,0.000000,0.868809,0.000000,0.000000,0.000000,0.000000,0.000000
MOVE,_,0.000000,0.000000,1.000000,0.000000,0.000000,0.000000,0.000000,0.000000,0.000000,0.000000,0.867501,0.000000,0.000000,0.000000,0.000000,0.000000
MOVE,_,0.000000,0.000000,1.000000,0.000000,0.000000,0.000000,0.000000,0.000000,0.000000,0.000000,0.858863,0.000000,0.000000,0.000000,0.000000,0.000000
MOVE,_,0.000000,0.000000,1.000000,0.000000,0.000000,0.000000,0.000000,0.000000,0.000000,0.000000,0.868162,0.000000,0.000000,0.000000,0.000000,0.000000
MOVE,_,0.000000,0.000000,1.000000,0.000000,0.000000,0.000000,0.000000,0.000000,0.000000,0.000000,0.887093,0.000000,0.000000,0.000000,0.000000,0.000000
MOVE,_,0.000000,0.000000,1.000000,0.000000,0.000000,0.000000,0.000000,0.000000,0.000000,0.000000,0.916976,0.000000,0.000000,0.000000,0.000000,0.000000
MOVE,_,0.000000,0.000000,1.000000,0.000000,0.000000,0.000000,0.000000,0.000000,0.000000,0.000000,0.935389,0.000000,0.000000,0.000000,0.000000,0.000000
MOVE,_,0.000000,0.000000,1.000000,0.000000,0.000000,0.000000,0.000000,0.000000,0.000000,0.000000,0.928477,0.000000,0.000000,0.000000,0.000000,0.000000
MOVE,_,0.000000,0.000000,1.000000,0.000000,0.000000,0.000000,0.000000,0.000000,0.000000,0.000000,0.911237,0.000000,0.000000,0.000000,0.000000,0.000000
MOVE,_,0.000000,0.000000,1.000000,0.000000,0.000000,0.000000,0.000000,0.000000,0.000000,0.000000,0.902867,0.000000,0.000000,0.000000,0.000000,0.000000
MOVE,_,0.000000,0.000000,1.000000,0.000000,0.000000,0.000000,0.000000,0.000000,0.000000,0.000000,0.925451,0.000000,0.000000,0.000000,0.000000,0.000000
MOVE,_,0.000000,0.000000,1.000000,0.000000,0.000000,0.000000,0.000000,0.000000,0.000000,0.000000,0.952586,0.000000,0.000000,0.000000,0.000000,0.000000
MOVE,_,0.000000,0.000000,1.000000,0.000000,0.000000,0.000000,0.000000,0.000000,0.000000,0.000000,0.970675,0.000000,0.000000,0.000000,0.000000,0.000000
MOVE,_,0.000000,0.000000,1.000000,0.000000,0.000000,0.000000,0.000000,0.000000,0.000000,0.000000,0.978377,0.000000,0.000000,0.000000,0.000000,0.000000
MOVE,_,0.000000,0.000000,1.000000,0.000000,0.000000,0.000000,0.000000,0.000000,0.000000,0.000000,0.987625,0.000000,0.000000,0.000000,0.000000,0.000000
MOVE,_,0.000000,0.000000,1.000000,0.000000,0.000000,0.000000,0.000000,0.000000,0.000000,0.000000,0.984059,0.000000,0.000000,0.000000,0.000000,0.000000
MOVE,_,0.000000,0.000000,1.000000,0.000000,0.000000,0.000000,0.000000,0.000000,0.000000,0.000000,0.974464,0.000000,0.000000,0.000000,0.000000,0.000000
MOVE,_,0.000000,0.000000,1.000000,0.000000,0.000000,0.000000,0.000000,0.000000,0.000000,0.000000,0.959063,0.000000,0.000000,0.000000,0.000000,0.000000
MOVE,_,0.000000,0.000000,1.000000,0.000000,0.000000,0.000000,0.000000,0.000000,0.000000,0.000000,0.947425,0.000000,0.000000,0.000000,0.000000,0.000000
MOVE,_,0.000000,0.000000,1.000000,0.000000,0.000000,0.000000,0.000000,0.000000,0.000000,0.000000,0.943610,0.000000,0.000000,0.000000,0.000000,0.000000
MOVE,_,0.000000,0.000000,1.000000,0.000000,0.000000,0.000000,0.000000,0.000000,0.000000,0.000000,0.944875,0.000000,0.000000,0.000000,0.000000,0.000000
SINK,_,0.000000,0.000000,0.000000,0.000000,0.000000,0.000000,0.000000,0.000000,0.000000,0.000000,0.000000,0.000000,0.000000,0.000000,0.000000,0.000000
SINK,_,0.000000,0.000000,0.000000,0.000000,0.000000,0.000000,0.000000,0.000000,0.000000,0.000000,0.000000,0.000000,0.000000,0.000000,0.000000,0.000000
SINK,_,0.000000,0.000000,0.000000,0.000000,0.000000,0.000000,0.000000,0.000000,0.000000,0.000000,0.000000,0.000000,0.000000,0.000000,0.000000,0.000000
SINK,_,0.000000,0.000000,0.000000,0.000000,0.000000,0.000000,0.000000,0.000000,0.000000,0.000000,0.000000,0.000000,0.000000,0.000000,0.000000,0.000000
SINK,_,0.000000,0.000000,0.000000,0.000000,0.000000,0.000000,0.000000,0.000000,0.000000,0.000000,0.000000,0.000000,0.000000,0.000000,0.000000,0.000000
SINK,_,0.000000,0.000000,0.000000,0.000000,0.000000,0.000000,0.000000,0.000000,0.000000,0.000000,0.000000,0.000000,0.000000,0.000000,0.000000,0.000000
SINK,_,0.000000,0.000000,0.000000,0.000000,0.000000,0.000000,0.000000,0.000000,0.000000,0.000000,0.000000,0.000000,0.000000,0.000000,0.000000,0.000000
SINK,_,0.000000,0.000000,0.000000,0.000000,0.000000,0.000000,0.000000,0.000000,0.000000,0.000000,0.000000,0.000000,0.000000,0.000000,0.000000,0.000000
SINK,_,0.000000,0.000000,0.000000,0.000000,0.000000,0.000000,0.000000,0.000000,0.000000,0.000000,0.000000,0.000000,0.000000,0.000000,0.000000,0.000000
SINK,_,0.000000,0.000000,0.000000,0.000000,0.000000,0.000000,0.000000,0.000000,0.000000,0.000000,0.000000,0.000000,0.000000,0.000000,0.000000,0.000000
SINK,_,0.000000,0.000000,0.000000,0.000000,0.000000,0.000000,0.000000,0.000000,0.000000,0.000000,0.000000,0.000000,0.000000,0.000000,0.000000,0.000000
SINK,_,0.000000,0.000000,0.000000,0.000000,0.000000,0.000000,0.000000,0.000000,0.000000,0.000000,0.000000,0.000000,0.000000,0.000000,0.000000,0.000000
SINK,_,0.000000,0.000000,0.000000,0.000000,0.000000,0.000000,0.000000,0.000000,0.000000,0.000000,0.000000,0.000000,0.000000,0.000000,0.000000,0.000000
SINK,_,0.000000,0.000000,0.000000,0.000000,0.000000,0.000000,0.000000,0.000000,0.000000,0.000000,0.000000,0.000000,0.000000,0.000000,0.000000,0.000000
SINK,_,0.000000,0.000000,0.000000,0.000000,0.000000,0.000000,0.000000,0.000000,0.000000,0.000000,0.000000,0.000000,0.000000,0.000000,0.000000,0.000000
SINK,_,0.000000,0.000000,0.000000,0.000000,0.000000,0.000000,0.000000,0.000000,0.000000,0.000000,0.000000,0.000000,0.000000,0.000000,0.000000,0.000000
SINK,_,0.000000,0.000000,0.000000,0.000000,0.000000,0.000000,0.000000,0.000000,0.000000,0.000000,0.000000,0.000000,0.000000,0.000000,0.000000,0.000000
SINK,_,0.000000,0.000000,0.000000,0.000000,0.000000,0.000000,0.000000,0.000000,0.000000,0.000000,0.000000,0.000000,0.000000,0.000000,0.000000,0.000000
SINK,_,0.000000,0.000000,0.000000,0.000000,0.000000,0.000000,0.000000,0.000000,0.000000,0.000000,0.000000,0.000000,0.000000,0.000000,0.000000,0.000000
SINK,_,0.000000,0.000000,0.000000,0.000000,0.000000,0.000000,0.000000,0.000000,0.000000,0.000000,0.000000,0.000000,0.000000,0.000000,0.000000,0.000000
SINK,_,0.000000,0.000000,0.000000,0.000000,0.000000,0.000000,0.000000,0.000000,0.000000,0.000000,0.000000,0.000000,0.000000,0.000000,0.000000,0.000000
SINK,_,0.000000,0.000000,0.000000,0.000000,0.000000,0.000000,0.000000,0.000000,0.000000,0.000000,0.000000,0.000000,0.000000,0.000000,0.000000,0.000000
SINK,_,0.000000,0.000000,0.000000,0.000000,0.000000,0.000000,0.000000,0.000000,0.000000,0.000000,0.000000,0.000000,0.000000,0.000000,0.000000,0.000000
SINK,_,0.000000,0.000000,0.000000,0.000000,0.000000,0.000000,0.000000,0.000000,0.000000,0.000000,0.000000,0.000000,0.000000,0.000000,0.000000,0.000000
SINK,_,0.000000,0.000000,0.000000,0.000000,0.000000,0.000000,0.000000,0.000000,0.000000,0.000000,0.000000,0.000000,0.000000,0.000000,0.000000,0.000000
SINK,_,0.000000,0.000000,0.000000,0.000000,0.000000,0.000000,0.000000,0.000000,0.000000,0.000000,0.000000,0.000000,0.000000,0.000000,0.000000,0.000000
SINK,_,0.000000,0.000000,0.000000,0.000000,0.000000,0.000000,0.000000,0.000000,0.000000,0.000000,0.000000,0.000000,0.000000,0.000000,0.000000,0.000000
SINK,_,0.000000,0.000000,0.000000,0.000000,0.000000,0.000000,0.000000,0.000000,0.000000,0.000000,0.000000,0.000000,0.000000,0.000000,0.000000,0.000000
SINK,_,0.000000,0.000000,0.000000,0.000000,0.000000,0.000000,0.000000,0.000000,0.000000,0.000000,0.000000,0.000000,0.000000,0.000000,0.000000,0.000000
SINK,_,0.000000,0.000000,0.000000,0.000000,0.000000,0.000000,0.000000,0.000000,0.000000,0.000000,0.000000,0.000000,0.000000,0.000000,0.000000,0.000000
SINK,_,0.000000,0.000000,0.000000,0.000000,0.000000,0.000000,0.000000,0.000000,0.000000,0.000000,0.000000,0.000000,0.000000,0.000000,0.000000,0.000000
SINK,_,0.000000,0.000000,0.000000,0.000000,0.000000,0.000000,0.000000,0.000000,0.000000,0.000000,0.000000,0.000000,0.000000,0.000000,0.000000,0.000000
SINK,_,0.000000,0.000000,0.000000,0.000000,0.000000,0.000000,0.000000,0.000000,0.000000,0.000000,0.000000,0.000000,0.000000,0.000000,0.000000,0.000000
SINK,_,0.000000,0.000000,0.000000,0.000000,0.000000,0.000000,0.000000,0.000000,0.000000,0.000000,0.000000,0.000000,0.000000,0.000000,0.000000,0.000000
SINK,_,0.000000,0.000000,0.000000,0.000000,0.000000,0.000000,0.000000,0.000000,0.000000,0.000000,0.000000,0.000000,0.000000,0.000000,0.000000,0.000000
SINK,_,0.000000,0.000000,0.000000,0.000000,0.000000,0.000000,0.000000,0.000000,0.000000,0.000000,0.000000,0.000000,0.000000,0.000000,0.000000,0.000000
SINK,_,0.000000,0.000000,0.000000,0.000000,0.000000,0.000000,0.000000,0.000000,0.000000,0.000000,0.000000,0.000000,0.000000,0.000000,0.000000,0.000000
SINK,_,0.000000,0.000000,0.000000,0.000000,0.000000,0.000000,0.000000,0.000000,0.000000,0.000000,0.000000,0.000000,0.000000,0.000000,0.000000,0.000000
SINK,_,0.000000,0.000000,0.000000,0.000000,0.000000,0.000000,0.000000,0.000000,0.000000,0.000000,0.000000,0.000000,0.000000,0.000000,0.000000,0.000000
SINK,_,0.000000,0.000000,0.000000,0.000000,0.000000,0.000000,0.000000,0.000000,0.000000,0.000000,0.000000,0.000000,0.000000,0.000000,0.000000,0.000000
SINK,_,0.000000,0.000000,0.000000,0.000000,0.000000,0.000000,0.000000,0.000000,0.000000,0.000000,0.000000,0.000000,0.000000,0.000000,0.000000,0.000000
SINK,_,0.000000,0.000000,0.000000,0.000000,0.000000,0.000000,0.000000,0.000000,0.000000,0.000000,0.000000,0.000000,0.000000,0.000000,0.000000,0.000000
SINK,_,0.000000,0.000000,0.000000,0.000000,0.000000,0.000000,0.000000,0.000000,0.000000,0.000000,0.000000,0.000000,0.000000,0.000000,0.000000,0.000000
SINK,_,0.000000,0.000000,0.000000,0.000000,0.000000,0.000000,0.000000,0.000000,0.000000,0.000000,0.000000,0.000000,0.000000,0.000000,0.000000,0.000000
SINK,_,0.000000,0.000000,0.000000,0.000000,0.000000,0.000000,0.000000,0.000000,0.000000,0.000000,0.000000,0.000000,0.000000,0.000000,0.000000,0.000000
MOVE,_,0.000000,0.000000,0.000000,0.000000,0.000000,0.000000,1.000000,0.000000,0.000000,0.000000,0.000000,0.000000,0.000000,0.000000,0.942962,0.000000
MOVE,_,0.000000,0.000000,0.000000,0.000000,0.000000,0.000000,1.000000,0.000000,0.000000,0.000000,0.000000,0.000000,0.000000,0.000000,0.953146,0.000000
MOVE,_,0.000000,0.000000,0.000000,0.000000,0.000000,0.000000,1.000000,0.000000,0.000000,0.000000,0.000000,0.000000,0.000000,0.000000,0.949242,0.000000
MOVE,_,0.000000,0.000000,0.000000,0.000000,0.000000,0.000000,1.000000,0.000000,0.000000,0.000000,0.000000,0.000000,0.000000,0.000000,0.950922,0.000000
MOVE,_,0.000000,0.000000,0.000000,0.000000,0.000000,0.000000,1.000000,0.000000,0.000000,0.000000,0.000000,0.000000,0.000000,0.000000,0.944416,0.000000
MOVE,_,0.000000,0.000000,0.000000,0.000000,0.000000,0.000000,1.000000,0.000000,0.000000,0.000000,0.000000,0.000000,0.000000,0.000000,0.945845,0.000000
MOVE,_,0.000000,0.000000,0.000000,0.000000,0.000000,0.000000,1.000000,0.000000,0.000000,0.000000,0.000000,0.000000,0.000000,0.000000,0.947900,0.000000
MOVE,_,0.000000,0.000000,0.000000,0.000000,0.000000,0.000000,1.000000,0.000000,0.000000,0.000000,0.000000,0.000000,0.000000,0.000000,0.953325,0.000000
MOVE,_,0.000000,0.000000,0.000000,0.000000,0.000000,0.000000,1.000000,0.000000,0.000000,0.000000,0.000000,0.000000,0.000000,0.000000,0.956410,0.000000
MOVE,_,0.000000,0.000000,0.000000,0.000000,0.000000,0.000000,1.000000,0.000000,0.000000,0.000000,0.000000,0.000000,0.000000,0.000000,0.948597,0.000000
MOVE,_,0.000000,0.000000,0.000000,0.000000,0.000000,0.000000,1.000000,0.000000,0.000000,0.000000,0.000000,0.000000,0.000000,0.000000,0.941393,0.000000
MOVE,_,0.000000,0.000000,0.000000,0.000000,0.000000,0.000000,1.000000,0.000000,0.000000,0.000000,0.000000,0.000000,0.000000,0.000000,0.934310,0.000000
MOVE,_,0.000000,0.000000,0.000000,0.000000,0.000000,0.000000,1.000000,0.000000,0.000000,0.000000,0.000000,0.000000,0.000000,0.000000,0.934122,0.000000
MOVE,_,0.000000,0.000000,0.000000,0.000000,0.000000,0.000000,1.000000,0.000000,0.000000,0.000000,0.000000,0.000000,0.000000,0.000000,0.929807,0.000000
FACE,_,0.000000,0.000000,0.000000,0.000000,0.000000,0.000000,0.000000,0.000000,0.000000,0.000000,0.000000,0.000000,0.000000,0.000000,0.000000,0.000000
FACE,_,0.000000,0.000000,0.000000,0.000000,0.000000,0.000000,0.000000,0.000000,0.000000,0.000000,0.000000,0.000000,0.000000,0.000000,0.000000,0.000000
FACE,_,0.000000,0.000000,0.000000,0.000000,0.000000,0.000000,0.000000,0.000000,0.000000,0.000000,0.000000,0.000000,0.000000,0.000000,0.000000,0.000000
FACE,_,0.000000,0.000000,0.000000,0.000000,0.000000,0.000000,0.000000,0.000000,0.000000,0.000000,0.000000,0.000000,0.000000,0.000000,0.000000,0.000000
FACE,_,0.000000,0.000000,0.000000,0.000000,0.000000,0.000000,0.000000,0.000000,0.000000,0.000000,0.000000,0.000000,0.000000,0.000000,0.000000,0.000000
FACE,_,0.000000,0.000000,0.000000,0.000000,0.000000,0.000000,0.000000,0.000000,0.000000,0.000000,0.000000,0.000000,0.000000,0.000000,0.000000,0.000000
FACE,_,0.000000,0.000000,0.000000,0.000000,0.000000,0.000000,0.000000,0.000000,0.000000,0.000000,0.000000,0.000000,0.000000,0.000000,0.000000,0.000000
FACE,_,0.000000,0.000000,0.000000,0.000000,0.000000,0.000000,0.000000,0.000000,0.000000,0.000000,0.000000,0.000000,0.000000,0.000000,0.000000,0.000000
FACE,_,0.000000,0.000000,0.000000,0.000000,0.000000,0.000000,0.000000,0.000000,0.000000,0.000000,0.000000,0.000000,0.000000,0.000000,0.000000,0.000000
FACE,_,0.000000,0.000000,0.000000,0.000000,0.000000,0.000000,0.000000,0.000000,0.000000,0.000000,0.000000,0.000000,0.000000,0.000000,0.000000,0.000000
FACE,_,0.000000,0.000000,0.000000,0.000000,0.000000,0.000000,0.000000,0.000000,0.000000,0.000000,0.000000,0.000000,0.000000,0.000000,0.000000,0.000000
FACE,_,0.000000,0.000000,0.000000,0.000000,0.000000,0.000000,0.000000,0.000000,0.000000,0.000000,0.000000,0.000000,0.000000,0.000000,0.000000,0.000000
FACE,_,0.000000,0.000000,0.000000,0.000000,0.000000,0.000000,0.000000,0.000000,0.000000,0.000000,0.000000,0.000000,0.000000,0.000000,0.000000,0.000000
FACE,_,0.000000,0.000000,0.000000,0.000000,0.000000,0.000000,0.000000,0.000000,0.000000,0.000000,0.000000,0.000000,0.000000,0.000000,0.000000,0.000000
FACE,_,0.000000,0.000000,0.000000,0.000000,0.000000,0.000000,0.000000,0.000000,0.000000,0.000000,0.000000,0.000000,0.000000,0.000000,0.000000,0.000000
FACE,_,0.000000,0.000000,0.000000,0.000000,0.000000,0.000000,0.000000,0.000000,0.000000,0.000000,0.000000,0.000000,0.000000,0.000000,0.000000,0.000000
FACE,_,0.000000,0.000000,0.000000,0.000000,0.000000,0.000000,0.000000,0.000000,0.000000,0.000000,0.000000,0.000000,0.000000,0.000000,0.000000,0.000000
FACE,_,0.000000,0.000000,0.000000,0.000000,0.000000,0.000000,0.000000,0.000000,0.000000,0.000000,0.000000,0.000000,0.000000,0.000000,0.000000,0.000000
FACE,_,0.000000,0.000000,0.000000,0.000000,0.000000,0.000000,0.000000,0.000000,0.000000,0.000000,0.000000,0.000000,0.000000,0.000000,0.000000,0.000000
FACE,_,0.000000,0.000000,0.000000,0.000000,0.000000,0.000000,0.000000,0.000000,0.000000,0.000000,0.000000,0.000000,0.000000,0.000000,0.000000,0.000000
FACE,_,0.000000,0.000000,0.000000,0.000000,0.000000,0.000000,0.000000,0.000000,0.000000,0.000000,0.000000,0.000000,0.000000,0.000000,0.000000,0.000000
FACE,_,0.000000,0.000000,0.000000,0.000000,0.000000,0.000000,0.000000,0.000000,0.000000,0.000000,0.000000,0.000000,0.000000,0.000000,0.000000,0.000000
FACE,_,0.000000,0.000000,0.000000,0.000000,0.000000,0.000000,0.000000,0.000000,0.000000,0.000000,0.000000,0.000000,0.000000,0.000000,0.000000,0.000000
FACE,_,0.000000,0.000000,0.000000,0.000000,0.000000,0.000000,0.000000,0.000000,0.000000,0.000000,0.000000,0.000000,0.000000,0.000000,0.000000,0.000000
FACE,_,0.000000,0.000000,0.000000,0.000000,0.000000,0.000000,0.000000,0.000000,0.000000,0.000000,0.000000,0.000000,0.000000,0.000000,0.000000,0.000000
FACE,_,0.000000,0.000000,0.000000,0.000000,0.000000,0.000000,0.000000,0.000000,0.000000,0.000000,0.000000,0.000000,0.000000,0.000000,0.000000,0.000000
FACE,_,0.000000,0.000000,0.000000,0.000000,0.000000,0.000000,0.000000,0.000000,0.000000,0.000000,0.000000,0.000000,0.000000,0.000000,0.000000,0.000000
FACE,_,0.000000,0.000000,0.000000,0.000000,0.000000,0.000000,0.000000,0.000000,0.000000,0.000000,0.000000,0.000000,0.000000,0.000000,0.000000,0.000000
FACE,_,0.000000,0.000000,0.000000,0.000000,0.000000,0.000000,0.000000,0.000000,0.000000,0.000000,0.000000,0.000000,0.000000,0.000000,0.000000,0.000000
FACE,_,0.000000,0.000000,0.000000,0.000000,0.000000,0.000000,0.000000,0.000000,0.000000,0.000000,0.000000,0.000000,0.000000,0.000000,0.000000,0.000000
FACE,_,0.000000,0.000000,0.000000,0.000000,0.000000,0.000000,0.000000,0.000000,0.000000,0.000000,0.000000,0.000000,0.000000,0.000000,0.000000,0.000000
FACE,_,0.000000,0.000000,0.000000,0.000000,0.000000,0.000000,0.000000,0.000000,0.000000,0.000000,0.000000,0.000000,0.000000,0.000000,0.000000,0.000000
FACE,_,0.000000,0.000000,0.000000,0.000000,0.000000,0.000000,0.000000,0.000000,0.000000,0.000000,0.000000,0.000000,0.000000,0.000000,0.000000,0.000000
FACE,_,0.000000,0.000000,0.000000,0.000000,0.000000,0.000000,0.000000,0.000000,0.000000,0.000000,0.000000,0.000000,0.000000,0.000000,0.000000,0.000000
FACE,_,0.000000,0.000000,0.000000,0.000000,0.000000,0.000000,0.000000,0.000000,0.000000,0.000000,0.000000,0.000000,0.000000,0.000000,0.000000,0.000000
FACE,_,0.000000,0.000000,0.000000,0.000000,0.000000,0.000000,0.000000,0.000000,0.000000,0.000000,0.000000,0.000000,0.000000,0.000000,0.000000,0.000000
FACE,_,0.000000,0.000000,0.000000,0.000000,0.000000,0.000000,0.000000,0.000000,0.000000,0.000000,0.000000,0.000000,0.000000,0.000000,0.000000,0.000000
FACE,_,0.000000,0.000000,0.000000,0.000000,0.000000,0.000000,0.000000,0.000000,0.000000,0.000000,0.000000,0.000000,0.000000,0.000000,0.000000,0.000000
FACE,_,0.000000,0.000000,0.000000,0.000000,0.000000,0.000000,0.000000,0.000000,0.000000,0.000000,0.000000,0.000000,0.000000,0.000000,0.000000,0.000000
FACE,_,0.000000,0.000000,0.000000,0.000000,0.000000,0.000000,0.000000,0.000000,0.000000,0.000000,0.000000,0.000000,0.000000,0.000000,0.000000,0.000000
FACE,_,0.000000,0.000000,0.000000,0.000000,0.000000,0.000000,0.000000,0.000000,0.000000,0.000000,0.000000,0.000000,0.000000,0.000000,0.000000,0.000000
FACE,_,0.000000,0.000000,0.000000,0.000000,0.000000,0.000000,0.000000,0.000000,0.000000,0.000000,0.000000,0.000000,0.000000,0.000000,0.000000,0.000000
FACE,_,0.000000,0.000000,0.000000,0.000000,0.000000,0.000000,0.000000,0.000000,0.000000,0.000000,0.000000,0.000000,0.000000,0.000000,0.000000,0.000000
FACE,_,0.000000,0.000000,0.000000,0.000000,0.000000,0.000000,0.000000,0.000000,0.000000,0.000000,0.000000,0.000000,0.000000,0.000000,0.000000,0.000000
FACE,_,0.000000,0.000000,0.000000,0.000000,0.000000,0.000000,0.000000,0.000000,0.000000,0.000000,0.000000,0.000000,0.000000,0.000000,0.000000,0.000000
FACE,_,0.000000,0.000000,0.000000,0.000000,0.000000,0.000000,0.000000,0.000000,0.000000,0.000000,0.000000,0.000000,0.000000,0.000000,0.000000,0.000000
FACE,_,0.000000,0.000000,0.000000,0.000000,0.000000,0.000000,0.000000,0.000000,0.000000,0.000000,0.000000,0.000000,0.000000,0.000000,0.000000,0.000000
FACE,_,0.000000,0.000000,0.000000,0.000000,0.000000,0.000000,0.000000,0.000000,0.000000,0.000000,0.000000,0.000000,0.000000,0.000000,0.000000,0.000000
FACE,_,0.000000,0.000000,0.000000,0.000000,0.000000,0.000000,0.000000,0.000000,0.000000,0.000000,0.000000,0.000000,0.000000,0.000000,0.000000,0.000000
FACE,_,0.000000,0.000000,0.000000,0.000000,0.000000,0.000000,0.000000,0.000000,0.000000,0.000000,0.000000,0.000000,0.000000,0.000000,0.000000,0.000000
FACE,_,0.000000,0.000000,0.000000,0.000000,0.000000,0.000000,0.000000,0.000000,0.000000,0.000000,0.000000,0.000000,0.000000,0.000000,0.000000,0.000000
FACE,_,0.000000,0.000000,0.000000,0.000000,0.000000,0.000000,0.000000,0.000000,0.000000,0.000000,0.000000,0.000000,0.000000,0.000000,0.000000,0.000000
FACE,_,0.000000,0.000000,0.000000,0.000000,0.000000,0.000000,0.000000,0.000000,0.000000,0.000000,0.000000,0.000000,0.000000,0.000000,0.000000,0.000000
FACE,_,0.000000,0.000000,0.000000,0.000000,0.000000,0.000000,0.000000,0.000000,0.000000,0.000000,0.000000,0.000000,0.000000,0.000000,0.000000,0.000000
FACE,_,0.000000,0.000000,0.000000,0.000000,0.000000,0.000000,0.000000,0.000000,0.000000,0.000000,0.000000,0.000000,0.000000,0.000000,0.000000,0.000000
FACE,_,0.000000,0.000000,0.000000,0.000000,0.000000,0.000000,0.000000,0.000000,0.000000,0.000000,0.000000,0.000000,0.000000,0.000000,0.000000,0.000000
FACE,_,0.000000,0.000000,0.000000,0.000000,0.000000,0.000000,0.000000,0.000000,0.000000,0.000000,0.000000,0.000000,0.000000,0.000000,0.000000,0.000000
FACE,_,0.000000,0.000000,0.000000,0.000000,0.000000,0.000000,0.000000,0.000000,0.000000,0.000000,0.000000,0.000000,0.000000,0.000000,0.000000,0.000000
FACE,_,0.000000,0.000000,0.000000,0.000000,0.000000,0.000000,0.000000,0.000000,0.000000,0.000000,0.000000,0.000000,0.000000,0.000000,0.000000,0.000000
FACE,_,0.000000,0.000000,0.000000,0.000000,0.000000,0.000000,0.000000,0.000000,0.000000,0.000000,0.000000,0.000000,0.000000,0.000000,0.000000,0.000000
FACE,_,0.000000,0.000000,0.000000,0.000000,0.000000,0.000000,0.000000,0.000000,0.000000,0.000000,0.000000,0.000000,0.000000,0.000000,0.000000,0.000000
FACE,_,0.000000,0.000000,0.000000,0.000000,0.000000,0.000000,0.000000,0.000000,0.000000,0.000000,0.000000,0.000000,0.000000,0.000000,0.000000,0.000000
FACE,_,0.000000,0.000000,0.000000,0.000000,0.000000,0.000000,0.000000,0.000000,0.000000,0.000000,0.000000,0.000000,0.000000,0.000000,0.000000,0.000000
FACE,_,0.000000,0.000000,0.000000,0.000000,0.000000,0.000000,0.000000,0.000000,0.000000,0.000000,0.000000,0.000000,0.000000,0.000000,0.000000,0.000000
FACE,_,0.000000,0.000000,0.000000,0.000000,0.000000,0.000000,0.000000,0.000000,0.000000,0.000000,0.000000,0.000000,0.000000,0.000000,0.000000,0.000000
FACE,_,0.000000,0.000000,0.000000,0.000000,0.000000,0.000000,0.000000,0.000000,0.000000,0.000000,0.000000,0.000000,0.000000,0.000000,0.000000,0.000000
FACE,_,0.000000,0.000000,0.000000,0.000000,0.000000,0.000000,0.000000,0.000000,0.000000,0.000000,0.000000,0.000000,0.000000,0.000000,0.000000,0.000000
MOVE,_,0.000000,0.000000,0.000000,0.000000,0.224353,0.000000,0.000000,0.775647,0.000000,0.000000,0.000000,0.000000,0.957653,0.000000,0.000000,0.160212
MOVE,_,0.000000,0.000000,0.000000,0.000000,0.219718,0.000000,0.000000,0.780282,0.000000,0.000000,0.000000,0.000000,0.957653,0.000000,0.000000,0.160212
MOVE,_,0.000000,0.000000,0.000000,0.000000,0.215102,0.000000,0.000000,0.784898,0.000000,0.000000,0.000000,0.000000,0.948724,0.000000,0.000000,0.141375
MOVE,_,0.000000,0.000000,0.000000,0.000000,0.205851,0.000000,0.000000,0.794149,0.000000,0.000000,0.000000,0.000000,0.939794,0.000000,0.000000,0.098704
MOVE,_,0.000000,0.000000,0.000000,0.000000,0.196966,0.000000,0.000000,0.803034,0.000000,0.000000,0.000000,0.000000,0.916101,0.000000,0.000000,0.056034
MOVE,_,0.000000,0.000000,0.000000,0.000000,0.187948,0.000000,0.000000,0.812052,0.000000,0.000000,0.000000,0.000000,0.901337,0.000000,0.000000,0.027043
MOVE,_,0.000000,0.000000,0.000000,0.000000,0.178282,0.000000,0.000000,0.821718,0.000000,0.000000,0.000000,0.000000,0.886573,0.000000,0.000000,0.021887
MOVE,_,0.000000,0.000000,0.000000,0.000000,0.167240,0.000000,0.000000,0.832760,0.000000,0.000000,0.000000,0.000000,0.872345,0.000000,0.000000,0.023592
MOVE,_,0.000000,0.000000,0.000000,0.000000,0.155224,0.000000,0.000000,0.844776,0.000000,0.000000,0.000000,0.000000,0.858116,0.000000,0.000000,0.030453
MOVE,_,0.000000,0.000000,0.000000,0.000000,0.142133,0.000000,0.000000,0.857867,0.000000,0.000000,0.000000,0.000000,0.843888,0.000000,0.000000,0.044911
MOVE,_,0.000000,0.000000,0.000000,0.000000,0.128174,0.000000,0.000000,0.871826,0.000000,0.000000,0.000000,0.000000,0.843888,0.000000,0.000000,0.053696
MOVE,_,0.000000,0.000000,0.000000,0.000000,0.113255,0.000000,0.000000,0.886745,0.000000,0.000000,0.000000,0.000000,0.843888,0.000000,0.000000,0.066123
MOVE,_,0.000000,0.000000,0.000000,0.000000,0.097645,0.000000,0.000000,0.902355,0.000000,0.000000,0.000000,0.000000,0.858116,0.000000,0.000000,0.060731
MOVE,_,0.000000,0.000000,0.000000,0.000000,0.081614,0.000000,0.000000,0.918386,0.000000,0.000000,0.000000,0.000000,0.872345,0.000000,0.000000,0.052169
MOVE,_,0.000000,0.000000,0.000000,0.000000,0.065918,0.000000,0.000000,0.934082,0.000000,0.000000,0.000000,0.000000,0.886573,0.000000,0.000000,0.035888
MOVE,_,0.000000,0.000000,0.000000,0.000000,0.051394,0.000000,0.000000,0.948606,0.000000,0.000000,0.000000,0.000000,0.886573,0.000000,0.000000,0.022611
MOVE,_,0.000000,0.000000,0.000000,0.000000,0.038745,0.000000,0.000000,0.961255,0.000000,0.000000,0.000000,0.000000,0.901337,0.000000,0.000000,0.014402
MOVE,_,0.000000,0.000000,0.000000,0.000000,0.028054,0.000000,0.000000,0.971946,0.000000,0.000000,0.000000,0.000000,0.916101,0.000000,0.000000,0.009069
MOVE,_,0.000000,0.000000,0.000000,0.000000,0.019317,0.000000,0.000000,0.980683,0.000000,0.000000,0.000000,0.000000,0.939794,0.000000,0.000000,0.010776
MOVE,_,0.000000,0.000000,0.000000,0.000000,0.012537,0.000000,0.000000,0.987463,0.000000,0.000000,0.000000,0.000000,0.952899,0.000000,0.000000,0.018773
MOVE,_,0.000000,0.000000,0.000000,0.000000,0.007616,0.000000,0.000000,0.992384,0.000000,0.000000,0.000000,0.000000,0.968734,0.000000,0.000000,0.091255
MOVE,_,0.000000,0.000000,0.000000,0.000000,0.004291,0.000000,0.000000,0.995709,0.000000,0.000000,0.000000,0.000000,0.975640,0.000000,0.000000,0.141481
MOVE,_,0.000000,0.000000,0.000000,0.000000,0.002226,0.000000,0.000000,0.997774,0.000000,0.000000,0.000000,0.000000,0.980624,0.000000,0.000000,0.139761
MOVE,_,0.000000,0.000000,0.000000,0.000000,0.001068,0.000000,0.000000,0.998932,0.000000,0.000000,0.000000,0.000000,0.986129,0.000000,0.000000,0.088395
MOVE,_,0.000000,0.000000,0.000000,0.000000,0.000470,0.000000,0.000000,0.999530,0.000000,0.000000,0.000000,0.000000,0.992729,0.000000,0.000000,0.053011
MOVE,_,0.000000,0.000000,0.000000,0.000000,0.000186,0.000000,0.000000,0.999814,0.000000,0.000000,0.000000,0.000000,0.997076,0.000000,0.000000,0.061146
MOVE,_,0.000000,0.000000,0.000000,0.000000,0.000066,0.000000,0.000000,0.999934,0.000000,0.000000,0.000000,0.000000,0.998171,0.000000,0.000000,0.119449
MOVE,_,0.000000,0.000000,0.000000,0.000000,0.000021,0.000000,0.000000,0.999979,0.000000,0.000000,0.000000,0.000000,0.998171,0.000000,0.000000,0.152892
MOVE,_,0.000000,0.000000,0.000000,0.000000,0.000006,0.000000,0.000000,0.999994,0.000000,0.000000,0.000000,0.000000,0.998171,0.000000,0.000000,0.201330
MOVE,_,0.000000,0.000000,0.000000,0.000000,0.000002,0.000000,0.000000,0.999998,0.000000,0.000000,0.000000,0.000000,0.998171,0.000000,0.000000,0.275745
MOVE,_,0.000000,0.000000,0.000000,0.000000,0.000000,0.000000,0.000000,1.000000,0.000000,0.000000,0.000000,0.000000,0.998171,0.000000,0.000000,0.377274
MOVE,_,0.000000,0.000000,0.000000,0.000000,0.000000,0.000000,0.000000,1.000000,0.000000,0.000000,0.000000,0.000000,0.998171,0.000000,0.000000,0.492524
MOVE,_,0.000000,0.000000,0.000000,0.000000,0.000000,0.000000,0.000000,1.000000,0.000000,0.000000,0.000000,0.000000,0.998171,0.000000,0.000000,0.485567
MOVE,_,0.000000,0.000000,0.000000,0.000000,0.000000,0.000000,0.000000,1.000000,0.000000,0.000000,0.000000,0.000000,0.998171,0.000000,0.000000,0.521441
MOVE,_,0.000000,0.000000,0.000000,0.000000,0.000000,0.000000,0.000000,1.000000,0.000000,0.000000,0.000000,0.000000,0.998171,0.000000,0.000000,0.538470
MOVE,_,0.000000,0.000000,0.000000,0.000000,0.000000,0.000000,0.000000,1.000000,0.000000,0.000000,0.000000,0.000000,0.998171,0.000000,0.000000,0.621941
MOVE,_,0.000000,0.000000,0.000000,0.000000,0.000000,0.000000,0.000000,1.000000,0.000000,0.000000,0.000000,0.000000,0.998171,0.000000,0.000000,0.610100
MOVE,_,0.000000,0.000000,0.000000,0.000000,0.000000,0.000000,0.000000,1.000000,0.000000,0.000000,0.000000,0.000000,0.998171,0.000000,0.000000,0.553494
MOVE,_,0.000000,0.000000,0.000000,0.000000,0.000000,0.000000,0.000000,1.000000,0.000000,0.000000,0.000000,0.000000,0.998171,0.000000,0.000000,0.447827
MOVE,_,0.000000,0.000000,0.000000,0.000000,0.000000,0.000000,0.000000,1.000000,0.000000,0.000000,0.000000,0.000000,0.998171,0.000000,0.000000,0.404563
MOVE,_,0.000000,0.000000,0.000000,0.000000,0.000000,0.000000,0.000000,1.000000,0.000000,0.000000,0.000000,0.000000,0.998171,0.000000,0.000000,0.445691
MOVE,_,0.000000,0.000000,0.000000,0.000000,0.000000,0.000000,0.000000,1.000000,0.000000,0.000000,0.000000,0.000000,0.998171,0.000000,0.000000,0.501685
MOVE,_,0.000000,0.000000,0.000000,0.000000,0.000000,0.000000,0.000000,1.000000,0.000000,0.000000,0.000000,0.000000,0.998171,0.000000,0.000000,0.576822
MOVE,_,0.000000,0.000000,0.000000,0.000000,0.000000,0.000000,0.000000,1.000000,0.000000,0.000000,0.000000,0.000000,0.998171,0.000000,0.000000,0.647029
MOVE,_,0.000000,0.000000,0.000000,0.000000,0.000000,0.000000,0.000000,1.000000,0.000000,0.000000,0.000000,0.000000,0.997076,0.000000,0.000000,0.719017
MOVE,_,0.000000,0.000000,0.000000,0.000000,0.000000,0.000000,0.000000,1.000000,0.000000,0.000000,0.000000,0.000000,0.994536,0.000000,0.000000,0.759547
MOVE,_,0.000000,0.000000,0.000000,0.000000,0.000000,0.000000,0.000000,1.000000,0.000000,0.000000,0.000000,0.000000,0.991997,0.000000,0.000000,0.765888
MOVE,_,0.000000,0.000000,0.000000,0.000000,0.000000,0.000000,0.000000,1.000000,0.000000,0.000000,0.000000,0.000000,0.988745,0.000000,0.000000,0.818964
MOVE,_,0.000000,0.000000,0.000000,0.000000,0.000000,0.000000,0.000000,1.000000,0.000000,0.000000,0.000000,0.000000,0.984685,0.000000,0.000000,0.880699
DISHWASHER,_,0.000000,0.000000,0.000000,0.000000,0.000000,0.000000,0.000000,0.000000,0.000000,0.000000,0.000000,0.000000,0.000000,0.000000,0.000000,0.000000
DISHWASHER,_,0.000000,0.000000,0.000000,0.000000,0.000000,0.000000,0.000000,0.000000,0.000000,0.000000,0.000000,0.000000,0.000000,0.000000,0.000000,0.000000
DISHWASHER,_,0.000000,0.000000,0.000000,0.000000,0.000000,0.000000,0.000000,0.000000,0.000000,0.000000,0.000000,0.000000,0.000000,0.000000,0.000000,0.000000
DISHWASHER,_,0.000000,0.000000,0.000000,0.000000,0.000000,0.000000,0.000000,0.000000,0.000000,0.000000,0.000000,0.000000,0.000000,0.000000,0.000000,0.000000
DISHWASHER,_,0.000000,0.000000,0.000000,0.000000,0.000000,0.000000,0.000000,0.000000,0.000000,0.000000,0.000000,0.000000,0.000000,0.000000,0.000000,0.000000
DISHWASHER,_,0.000000,0.000000,0.000000,0.000000,0.000000,0.000000,0.000000,0.000000,0.000000,0.000000,0.000000,0.000000,0.000000,0.000000,0.000000,0.000000
DISHWASHER,_,0.000000,0.000000,0.000000,0.000000,0.000000,0.000000,0.000000,0.000000,0.000000,0.000000,0.000000,0.000000,0.000000,0.000000,0.000000,0.000000
DISHWASHER,_,0.000000,0.000000,0.000000,0.000000,0.000000,0.000000,0.000000,0.000000,0.000000,0.000000,0.000000,0.000000,0.000000,0.000000,0.000000,0.000000
DISHWASHER,_,0.000000,0.000000,0.000000,0.000000,0.000000,0.000000,0.000000,0.000000,0.000000,0.000000,0.000000,0.000000,0.000000,0.000000,0.000000,0.000000
DISHWASHER,_,0.000000,0.000000,0.000000,0.000000,0.000000,0.000000,0.000000,0.000000,0.000000,0.000000,0.000000,0.000000,0.000000,0.000000,0.000000,0.000000
DISHWASHER,_,0.000000,0.000000,0.000000,0.000000,0.000000,0.000000,0.000000,0.000000,0.000000,0.000000,0.000000,0.000000,0.000000,0.000000,0.000000,0.000000
DISHWASHER,_,0.000000,0.000000,0.000000,0.000000,0.000000,0.000000,0.000000,0.000000,0.000000,0.000000,0.000000,0.000000,0.000000,0.000000,0.000000,0.000000
DISHWASHER,_,0.000000,0.000000,0.000000,0.000000,0.000000,0.000000,0.000000,0.000000,0.000000,0.000000,0.000000,0.000000,0.000000,0.000000,0.000000,0.000000
DISHWASHER,_,0.000000,0.000000,0.000000,0.000000,0.000000,0.000000,0.000000,0.000000,0.000000,0.000000,0.000000,0.000000,0.000000,0.000000,0.000000,0.000000
DISHWASHER,_,0.000000,0.000000,0.000000,0.000000,0.000000,0.000000,0.000000,0.000000,0.000000,0.000000,0.000000,0.000000,0.000000,0.000000,0.000000,0.000000
DISHWASHER,_,0.000000,0.000000,0.000000,0.000000,0.000000,0.000000,0.000000,0.000000,0.000000,0.000000,0.000000,0.000000,0.000000,0.000000,0.000000,0.000000
DISHWASHER,_,0.000000,0.000000,0.000000,0.000000,0.000000,0.000000,0.000000,0.000000,0.000000,0.000000,0.000000,0.000000,0.000000,0.000000,0.000000,0.000000
DISHWASHER,_,0.000000,0.000000,0.000000,0.000000,0.000000,0.000000,0.000000,0.000000,0.000000,0.000000,0.000000,0.000000,0.000000,0.000000,0.000000,0.000000
DISHWASHER,_,0.000000,0.000000,0.000000,0.000000,0.000000,0.000000,0.000000,0.000000,0.000000,0.000000,0.000000,0.000000,0.000000,0.000000,0.000000,0.000000
DISHWASHER,_,0.000000,0.000000,0.000000,0.000000,0.000000,0.000000,0.000000,0.000000,0.000000,0.000000,0.000000,0.000000,0.000000,0.000000,0.000000,0.000000
DISHWASHER,_,0.000000,0.000000,0.000000,0.000000,0.000000,0.000000,0.000000,0.000000,0.000000,0.000000,0.000000,0.000000,0.000000,0.000000,0.000000,0.000000
DISHWASHER,_,0.000000,0.000000,0.000000,0.000000,0.000000,0.000000,0.000000,0.000000,0.000000,0.000000,0.000000,0.000000,0.000000,0.000000,0.000000,0.000000
DISHWASHER,_,0.000000,0.000000,0.000000,0.000000,0.000000,0.000000,0.000000,0.000000,0.000000,0.000000,0.000000,0.000000,0.000000,0.000000,0.000000,0.000000
DISHWASHER,_,0.000000,0.000000,0.000000,0.000000,0.000000,0.000000,0.000000,0.000000,0.000000,0.000000,0.000000,0.000000,0.000000,0.000000,0.000000,0.000000
RELEASE,_,0.000000,0.000000,0.000000,0.000000,0.000000,0.000000,0.000000,0.000000,0.000000,0.000000,0.000000,0.000000,0.000000,0.000000,0.000000,0.000000
RELEASE,_,0.000000,0.000000,0.000000,0.000000,0.000000,0.000000,0.000000,0.000000,0.000000,0.000000,0.000000,0.000000,0.000000,0.000000,0.000000,0.000000
RELEASE,_,0.000000,0.000000,0.000000,0.000000,0.000000,0.000000,0.000000,0.000000,0.000000,0.000000,0.000000,0.000000,0.000000,0.000000,0.000000,0.000000
RELEASE,_,0.000000,0.000000,0.000000,0.000000,0.000000,0.000000,0.000000,0.000000,0.000000,0.000000,0.000000,0.000000,0.000000,0.000000,0.000000,0.000000
RELEASE,_,0.000000,0.000000,0.000000,0.000000,0.000000,0.000000,0.000000,0.000000,0.000000,0.000000,0.000000,0.000000,0.000000,0.000000,0.000000,0.000000
RELEASE,_,0.000000,0.000000,0.000000,0.000000,0.000000,0.000000,0.000000,0.000000,0.000000,0.000000,0.000000,0.000000,0.000000,0.000000,0.000000,0.000000
RELEASE,_,0.000000,0.000000,0.000000,0.000000,0.000000,0.000000,0.000000,0.000000,0.000000,0.000000,0.000000,0.000000,0.000000,0.000000,0.000000,0.000000
RELEASE,_,0.000000,0.000000,0.000000,0.000000,0.000000,0.000000,0.000000,0.000000,0.000000,0.000000,0.000000,0.000000,0.000000,0.000000,0.000000,0.000000
RELEASE,_,0.000000,0.000000,0.000000,0.000000,0.000000,0.000000,0.000000,0.000000,0.000000,0.000000,0.000000,0.000000,0.000000,0.000000,0.000000,0.000000
RELEASE,_,0.000000,0.000000,0.000000,0.000000,0.000000,0.000000,0.000000,0.000000,0.000000,0.000000,0.000000,0.000000,0.000000,0.000000,0.000000,0.000000
RELEASE,_,0.000000,0.000000,0.000000,0.000000,0.000000,0.000000,0.000000,0.000000,0.000000,0.000000,0.000000,0.000000,0.000000,0.000000,0.000000,0.000000
RELEASE,_,0.000000,0.000000,0.000000,0.000000,0.000000,0.000000,0.000000,0.000000,0.000000,0.000000,0.000000,0.000000,0.000000,0.000000,0.000000,0.000000
RELEASE,_,0.000000,0.000000,0.000000,0.000000,0.000000,0.000000,0.000000,0.000000,0.000000,0.000000,0.000000,0.000000,0.000000,0.000000,0.000000,0.000000
RELEASE,_,0.000000,0.000000,0.000000,0.000000,0.000000,0.000000,0.000000,0.000000,0.000000,0.000000,0.000000,0.000000,0.000000,0.000000,0.000000,0.000000
RELEASE,_,0.000000,0.000000,0.000000,0.000000,0.000000,0.000000,0.000000,0.000000,0.000000,0.000000,0.000000,0.000000,0.000000,0.000000,0.000000,0.000000
RELEASE,_,0.000000,0.000000,0.000000,0.000000,0.000000,0.000000,0.000000,0.000000,0.000000,0.000000,0.000000,0.000000,0.000000,0.000000,0.000000,0.000000
RELEASE,_,0.000000,0.000000,0.000000,0.000000,0.000000,0.000000,0.000000,0.000000,0.000000,0.000000,0.000000,0.000000,0.000000,0.000000,0.000000,0.000000
RELEASE,_,0.000000,0.000000,0.000000,0.000000,0.000000,0.000000,0.000000,0.000000,0.000000,0.000000,0.000000,0.000000,0.000000,0.000000,0.000000,0.000000
RELEASE,_,0.000000,0.000000,0.000000,0.000000,0.000000,0.000000,0.000000,0.000000,0.000000,0.000000,0.000000,0.000000,0.000000,0.000000,0.000000,0.000000
RELEASE,_,0.000000,0.000000,0.000000,0.000000,0.000000,0.000000,0.000000,0.000000,0.000000,0.000000,0.000000,0.000000,0.000000,0.000000,0.000000,0.000000
RELEASE,_,0.000000,0.000000,0.000000,0.000000,0.000000,0.000000,0.000000,0.000000,0.000000,0.000000,0.000000,0.000000,0.000000,0.000000,0.000000,0.000000
RELEASE,_,0.000000,0.000000,0.000000,0.000000,0.000000,0.000000,0.000000,0.000000,0.000000,0.000000,0.000000,0.000000,0.000000,0.000000,0.000000,0.000000
RELEASE,_,0.000000,0.000000,0.000000,0.000000,0.000000,0.000000,0.000000,0.000000,0.000000,0.000000,0.000000,0.000000,0.000000,0.000000,0.000000,0.000000
RELEASE,_,0.000000,0.000000,0.000000,0.000000,0.000000,0.000000,0.000000,0.000000,0.000000,0.000000,0.000000,0.000000,0.000000,0.000000,0.000000,0.000000
RELEASE,_,0.000000,0.000000,0.000000,0.000000,0.000000,0.000000,0.000000,0.000000,0.000000,0.000000,0.000000,0.000000,0.000000,0.000000,0.000000,0.000000
RELEASE,_,0.000000,0.000000,0.000000,0.000000,0.000000,0.000000,0.000000,0.000000,0.000000,0.000000,0.000000,0.000000,0.000000,0.000000,0.000000,0.000000
RELEASE,_,0.000000,0.000000,0.000000,0.000000,0.000000,0.000000,0.000000,0.000000,0.000000,0.000000,0.000000,0.000000,0.000000,0.000000,0.000000,0.000000
RELEASE,_,0.000000,0.000000,0.000000,0.000000,0.000000,0.000000,0.000000,0.000000,0.000000,0.000000,0.000000,0.000000,0.000000,0.000000,0.000000,0.000000
RELEASE,_,0.000000,0.000000,0.000000,0.000000,0.000000,0.000000,0.000000,0.000000,0.000000,0.000000,0.000000,0.000000,0.000000,0.000000,0.000000,0.000000
RELEASE,_,0.000000,0.000000,0.000000,0.000000,0.000000,0.000000,0.000000,0.000000,0.000000,0.000000,0.000000,0.000000,0.000000,0.000000,0.000000,0.000000
RELEASE,_,0.000000,0.000000,0.000000,0.000000,0.000000,0.000000,0.000000,0.000000,0.000000,0.000000,0.000000,0.000000,0.000000,0.000000,0.000000,0.000000
RELEASE,_,0.000000,0.000000,0.000000,0.000000,0.000000,0.000000,0.000000,0.000000,0.000000,0.000000,0.000000,0.000000,0.000000,0.000000,0.000000,0.000000
RELEASE,_,0.000000,0.000000,0.000000,0.000000,0.000000,0.000000,0.000000,0.000000,0.000000,0.000000,0.000000,0.000000,0.000000,0.000000,0.000000,0.000000
RELEASE,_,0.000000,0.000000,0.000000,0.000000,0.000000,0.000000,0.000000,0.000000,0.000000,0.000000,0.000000,0.000000,0.000000,0.000000,0.000000,0.000000
RELEASE,_,0.000000,0.000000,0.000000,0.000000,0.000000,0.000000,0.000000,0.000000,0.000000,0.000000,0.000000,0.000000,0.000000,0.000000,0.000000,0.000000
RELEASE,_,0.000000,0.000000,0.000000,0.000000,0.000000,0.000000,0.000000,0.000000,0.000000,0.000000,0.000000,0.000000,0.000000,0.000000,0.000000,0.000000
RELEASE,_,0.000000,0.000000,0.000000,0.000000,0.000000,0.000000,0.000000,0.000000,0.000000,0.000000,0.000000,0.000000,0.000000,0.000000,0.000000,0.000000
RELEASE,_,0.000000,0.000000,0.000000,0.000000,0.000000,0.000000,0.000000,0.000000,0.000000,0.000000,0.000000,0.000000,0.000000,0.000000,0.000000,0.000000
