0.000000,0.000000,-1.000000,-1.000000,0.000000,-1.000000,0.041707,-0.440756,0.289422,1.069930
1.000000,0.000000,-1.000000,-1.000000,0.000000,-1.000000,0.038695,-0.441242,0.291154,1.075975
2.000000,0.000000,-1.000000,-1.000000,0.000000,-1.000000,0.037040,-0.439110,0.291333,1.082910
3.000000,0.000000,-1.000000,-1.000000,0.000000,-1.000000,0.035155,-0.437476,0.291998,1.088695
4.000000,0.000000,-1.000000,-1.000000,0.000000,-1.000000,0.032975,-0.436937,0.293434,1.092304
5.000000,0.000000,-1.000000,-1.000000,0.000000,-1.000000,0.031135,-0.436348,0.294776,1.094782
6.000000,0.000000,-1.000000,-1.000000,0.000000,-1.000000,0.029286,-0.435812,0.296299,1.096481
7.000000,0.000000,-1.000000,-1.000000,0.000000,-1.000000,0.027737,-0.435255,0.297597,1.097813
8.000000,0.000000,-1.000000,-1.000000,0.000000,-1.000000,0.026558,-0.434964,0.298599,1.098757
9.000000,0.000000,-1.000000,-1.000000,0.000000,-1.000000,0.023808,-0.434022,0.300474,1.103043
10.000000,0.000000,-1.000000,-1.000000,0.000000,-1.000000,0.021816,-0.432989,0.301889,1.105920
11.000000,0.000000,-1.000000,-1.000000,0.000000,-1.000000,0.020116,-0.432763,0.303383,1.107046
12.000000,0.000000,-1.000000,-1.000000,0.000000,-1.000000,0.018894,-0.432740,0.304614,1.107139
13.000000,0.000000,-1.000000,-1.000000,0.000000,-1.000000,0.018228,-0.432373,0.305276,1.107258
14.000000,0.000000,-1.000000,-1.000000,0.000000,-1.000000,0.017674,-0.431982,0.305814,1.107417
15.000000,0.000000,-1.000000,-1.000000,0.000000,-1.000000,0.017223,-0.431746,0.306223,1.107669
16.000000,0.000000,-1.000000,-1.000000,0.000000,-1.000000,0.017018,-0.431697,0.306466,1.107526
17.000000,0.000000,-1.000000,-1.000000,0.000000,-1.000000,0.016588,-0.431416,0.306924,1.107466
18.000000,0.000000,-1.000000,-1.000000,0.000000,-1.000000,0.016130,-0.431034,0.307471,1.107136
19.000000,0.000000,-1.000000,-1.000000,0.000000,-1.000000,0.015053,-0.430834,0.308465,1.107641
20.000000,0.000000,-1.000000,-1.000000,0.000000,-1.000000,0.013703,-0.430912,0.309600,1.108749
21.000000,0.000000,-1.000000,-1.000000,0.000000,-1.000000,0.012322,-0.431104,0.310748,1.109938
22.000000,0.000000,-1.000000,-1.000000,0.000000,-1.000000,0.011031,-0.431294,0.311837,1.110969
23.000000,0.000000,-1.000000,-1.000000,0.000000,-1.000000,0.009984,-0.431647,0.312712,1.111841
24.000000,0.000000,-1.000000,-1.000000,0.000000,-1.000000,0.009152,-0.431887,0.313342,1.112823
25.000000,0.000000,-1.000000,-1.000000,0.000000,-1.000000,0.008188,-0.432291,0.314016,1.114202
26.000000,0.000000,-1.000000,-1.000000,0.000000,-1.000000,0.007454,-0.432682,0.314475,1.115491
27.000000,0.000000,-1.000000,-1.000000,0.000000,-1.000000,0.006720,-0.433217,0.314907,1.116892
28.000000,0.000000,-1.000000,-1.000000,0.000000,-1.000000,0.006529,-0.433569,0.314965,1.117489
29.000000,0.000000,-1.000000,-1.000000,0.000000,-1.000000,0.006492,-0.433685,0.314962,1.117668
30.000000,0.000000,-1.000000,-1.000000,0.000000,-1.000000,0.006487,-0.433686,0.314953,1.117729
31.000000,0.000000,-1.000000,-1.000000,0.000000,-1.000000,0.006430,-0.433759,0.314996,1.117796
32.000000,0.000000,-1.000000,-1.000000,0.000000,-1.000000,0.006300,-0.433860,0.315095,1.117939
33.000000,0.000000,-1.000000,-1.000000,0.000000,-1.000000,0.006194,-0.433981,0.315175,1.118059
34.000000,0.000000,-1.000000,-1.000000,0.000000,-1.000000,0.006231,-0.433891,0.315145,1.118030
35.000000,0.000000,-1.000000,-1.000000,0.000000,-1.000000,0.006214,-0.433881,0.315163,1.118028
36.000000,0.000000,-1.000000,-1.000000,0.000000,-1.000000,0.006210,-0.433855,0.315162,1.118052
37.000000,0.000000,-1.000000,-1.000000,0.000000,-1.000000,0.006336,-0.433662,0.315064,1.117924
38.000000,0.000000,-1.000000,-1.000000,0.000000,-1.000000,0.006498,-0.433465,0.314969,1.117621
39.000000,0.000000,-1.000000,-1.000000,0.000000,-1.000000,0.006711,-0.433172,0.314830,1.117283
40.000000,0.000000,-1.000000,-1.000000,0.000000,-1.000000,0.006974,-0.432889,0.314669,1.116811
41.000000,0.000000,-1.000000,-1.000000,0.000000,-1.000000,0.007227,-0.432566,0.314506,1.116403
42.000000,0.000000,-1.000000,-1.000000,0.000000,-1.000000,0.007539,-0.432274,0.314321,1.115814
43.000000,0.000000,-1.000000,-1.000000,0.000000,-1.000000,0.007698,-0.432066,0.314276,1.115299
44.000000,0.000000,-1.000000,-1.000000,0.000000,-1.000000,0.007871,-0.431808,0.314188,1.114917
45.000000,0.000000,-1.000000,-1.000000,0.000000,-1.000000,0.008152,-0.431505,0.314040,1.114308
46.000000,0.000000,-1.000000,-1.000000,0.000000,-1.000000,0.008320,-0.431288,0.313980,1.113821
47.000000,0.000000,-1.000000,-1.000000,0.000000,-1.000000,0.008424,-0.431014,0.313924,1.113609
48.000000,0.000000,-1.000000,-1.000000,0.000000,-1.000000,0.008486,-0.430926,0.313914,1.113376
49.000000,0.000000,-1.000000,-1.000000,0.000000,-1.000000,0.008481,-0.430805,0.313968,1.113161
50.000000,0.000000,-1.000000,-1.000000,0.000000,-1.000000,0.008362,-0.430784,0.314136,1.112958
51.000000,0.000000,-1.000000,-1.000000,0.000000,-1.000000,0.008286,-0.430817,0.314216,1.112947
52.000000,0.000000,-1.000000,-1.000000,0.000000,-1.000000,0.008269,-0.430725,0.314238,1.112934
53.000000,0.000000,-1.000000,-1.000000,0.000000,-1.000000,0.008196,-0.430717,0.314307,1.112959
54.000000,0.000000,-1.000000,-1.000000,0.000000,-1.000000,0.008085,-0.430805,0.314378,1.113143
55.000000,0.000000,-1.000000,-1.000000,0.000000,-1.000000,0.007998,-0.430878,0.314422,1.113343
56.000000,0.000000,-1.000000,-1.000000,0.000000,-1.000000,0.007832,-0.431030,0.314525,1.113632
57.000000,0.000000,-1.000000,-1.000000,0.000000,-1.000000,0.007593,-0.431247,0.314659,1.114120
58.000000,0.000000,-1.000000,-1.000000,0.000000,-1.000000,0.007386,-0.431646,0.314702,1.114849
59.000000,0.000000,-1.000000,-1.000000,0.000000,-1.000000,0.007231,-0.432007,0.314696,1.115569
60.000000,0.000000,-1.000000,-1.000000,0.000000,-1.000000,0.007188,-0.432245,0.314665,1.115889
61.000000,0.000000,-1.000000,-1.000000,0.000000,-1.000000,0.007173,-0.432396,0.314629,1.116110
62.000000,0.000000,-1.000000,-1.000000,0.000000,-1.000000,0.007228,-0.432638,0.314532,1.116274
63.000000,3.000000,33.000000,33.000000,0.002078,0.000000,0.007350,-0.432838,0.314363,1.116464
64.000000,1.000000,33.000000,33.000000,0.002048,0.000000,0.007778,-0.432995,0.313868,1.116704
65.000000,1.000000,33.000000,33.000000,0.002203,0.000000,0.008428,-0.433110,0.313151,1.116928
66.000000,1.000000,33.000000,33.000000,0.003058,0.000000,0.009974,-0.432671,0.311549,1.117032
67.000000,1.000000,33.000000,33.000000,0.003296,0.000000,0.010826,-0.432543,0.310757,1.116683
68.000000,1.000000,33.000000,33.000000,0.005031,0.000000,0.012909,-0.432038,0.308597,1.116827
69.000000,1.000000,33.000000,33.000000,0.006524,0.000000,0.014927,-0.431515,0.306489,1.117041
70.000000,1.000000,33.000000,33.000000,0.007845,0.000000,0.016957,-0.431080,0.304322,1.117456
71.000000,1.000000,33.000000,33.000000,0.008900,0.000000,0.018974,-0.430551,0.302190,1.117781
72.000000,1.000000,33.000000,33.000000,0.009521,0.000000,0.020766,-0.429980,0.300279,1.118154
73.000000,1.000000,33.000000,33.000000,0.009653,0.000000,0.022290,-0.429455,0.298648,1.118497
74.000000,1.000000,33.000000,33.000000,0.009426,0.000000,0.023656,-0.428861,0.297236,1.118594
75.000000,1.000000,33.000000,33.000000,0.007974,0.000000,0.023967,-0.428712,0.296891,1.118722
76.000000,1.000000,33.000000,33.000000,0.007888,0.000000,0.025272,-0.428186,0.295442,1.119256
77.000000,1.000000,33.000000,33.000000,0.006367,0.000000,0.025565,-0.428034,0.295176,1.119110
78.000000,1.000000,33.000000,33.000000,0.004945,0.000000,0.025700,-0.427926,0.295045,1.119087
79.000000,1.000000,33.000000,33.000000,0.003686,0.000000,0.025768,-0.427747,0.295002,1.118978
80.000000,1.000000,33.000000,33.000000,0.002649,0.000000,0.025768,-0.427437,0.295068,1.118700
81.000000,1.000000,33.000000,33.000000,0.002195,0.000000,0.026116,-0.427231,0.294741,1.118580
82.000000,1.000000,33.000000,33.000000,0.001778,0.000000,0.026374,-0.427162,0.294487,1.118542
83.000000,1.000000,33.000000,33.000000,0.001580,0.000000,0.026784,-0.427260,0.294108,1.118344
84.000000,1.000000,33.000000,33.000000,0.001631,0.000000,0.027288,-0.427386,0.293602,1.118296
85.000000,1.000000,33.000000,33.000000,0.001457,0.000000,0.027518,-0.427594,0.293364,1.118291
86.000000,1.000000,33.000000,33.000000,0.001232,0.000000,0.027549,-0.427592,0.293311,1.118384
87.000000,1.000000,33.000000,33.000000,0.001168,0.000000,0.027596,-0.427882,0.293206,1.118621
88.000000,1.000000,33.000000,33.000000,0.001341,0.000000,0.027581,-0.428301,0.293138,1.118968
89.000000,1.000000,33.000000,33.000000,0.001845,0.000000,0.027694,-0.428772,0.292903,1.119476
90.000000,1.000000,33.000000,33.000000,0.001888,0.000000,0.027588,-0.429207,0.292996,1.119518
91.000000,1.000000,33.000000,33.000000,0.001873,0.000000,0.027588,-0.429502,0.292979,1.119572
92.000000,1.000000,33.000000,33.000000,0.001715,0.000000,0.027602,-0.429645,0.292951,1.119630
93.000000,1.000000,33.000000,33.000000,0.001848,0.000000,0.027596,-0.430000,0.292888,1.119912
94.000000,1.000000,33.000000,33.000000,0.001783,0.000000,0.027385,-0.430202,0.293050,1.120147
95.000000,1.000000,33.000000,33.000000,0.002044,0.000000,0.027215,-0.430798,0.293171,1.120344
96.000000,1.000000,33.000000,33.000000,0.001892,0.000000,0.027096,-0.431023,0.293264,1.120463
97.000000,1.000000,33.000000,33.000000,0.001707,0.000000,0.026957,-0.431220,0.293393,1.120508
98.000000,1.000000,33.000000,33.000000,0.001418,0.000000,0.026891,-0.431324,0.293486,1.120387
99.000000,1.000000,33.000000,33.000000,0.001029,0.000000,0.026905,-0.431232,0.293470,1.120400
100.000000,1.000000,33.000000,33.000000,0.000000,0.000000,0.026980,-0.430722,0.293383,1.120481
101.000000,1.000000,33.000000,33.000000,0.000000,0.000000,0.026964,-0.429827,0.293384,1.120609
102.000000,1.000000,33.000000,33.000000,0.002620,0.000000,0.027586,-0.428135,0.292902,1.120014
103.000000,1.000000,33.000000,33.000000,0.005243,0.000000,0.028876,-0.425693,0.291885,1.118803
104.000000,1.000000,33.000000,33.000000,0.008344,0.000000,0.030541,-0.422566,0.290516,1.117492
105.000000,1.000000,33.000000,33.000000,0.011672,0.000000,0.032207,-0.418649,0.289149,1.116210
106.000000,1.000000,33.000000,33.000000,0.015116,0.000000,0.033983,-0.414027,0.287641,1.115107
107.000000,1.000000,33.000000,33.000000,0.018881,0.000000,0.035772,-0.408305,0.285981,1.114694
108.000000,1.000000,33.000000,33.000000,0.023329,0.000000,0.038107,-0.401310,0.283598,1.115092
109.000000,1.000000,33.000000,33.000000,0.027414,0.000000,0.041059,-0.394195,0.280506,1.115842
110.000000,1.000000,33.000000,33.000000,0.032018,0.000000,0.046207,-0.386720,0.275123,1.116796
111.000000,1.000000,33.000000,33.000000,0.036544,0.000000,0.052050,-0.378897,0.269057,1.117649
112.000000,1.000000,33.000000,33.000000,0.041009,0.000000,0.058227,-0.370654,0.262457,1.119383
113.000000,1.000000,0.000000,6.000000,0.045575,0.000000,0.064359,-0.361643,0.255684,1.122148
114.000000,1.000000,0.000000,6.000000,0.049301,0.000000,0.070484,-0.352835,0.248819,1.125352
115.000000,1.000000,0.000000,6.000000,0.052638,0.000000,0.076929,-0.343858,0.241592,1.128713
116.000000,1.000000,0.000000,6.000000,0.055460,0.000000,0.084405,-0.335242,0.233361,1.131818
117.000000,1.000000,0.000000,6.000000,0.057817,0.000000,0.092682,-0.326692,0.224447,1.134299
118.000000,1.000000,0.000000,6.000000,0.060851,0.000000,0.101923,-0.317295,0.214554,1.136796
119.000000,1.000000,0.000000,6.000000,0.062910,0.000000,0.110354,-0.307514,0.205502,1.139269
120.000000,1.000000,0.000000,6.000000,0.065659,0.000000,0.119571,-0.297106,0.195531,1.142287
121.000000,1.000000,0.000000,6.000000,0.068990,0.000000,0.129680,-0.285928,0.184677,1.145219
122.000000,1.000000,0.000000,6.000000,0.072551,0.000000,0.141102,-0.274539,0.172653,1.147373
123.000000,1.000000,0.000000,6.000000,0.077215,0.000000,0.154175,-0.262414,0.158982,1.149377
124.000000,1.000000,0.000000,6.000000,0.081944,0.000000,0.168610,-0.250626,0.143910,1.151384
125.000000,1.000000,0.000000,6.000000,0.086081,0.000000,0.183183,-0.238950,0.128602,1.153812
126.000000,1.000000,0.000000,6.000000,0.089756,0.000000,0.198352,-0.227788,0.112565,1.156733
127.000000,1.000000,0.000000,6.000000,0.092723,0.000000,0.213608,-0.216735,0.096422,1.159724
128.000000,1.000000,0.000000,6.000000,0.095679,0.000000,0.229885,-0.206042,0.079241,1.162653
129.000000,1.000000,0.000000,6.000000,0.097870,0.000000,0.245874,-0.195421,0.062196,1.166293
130.000000,1.000000,0.000000,6.000000,0.099271,0.000000,0.262056,-0.185707,0.044844,1.170367
131.000000,1.000000,0.000000,6.000000,0.100803,0.000000,0.278983,-0.176419,0.026622,1.174889
132.000000,1.000000,0.000000,6.000000,0.102546,0.000000,0.296329,-0.166982,0.007865,1.179898
133.000000,1.000000,0.000000,6.000000,0.104737,0.000000,0.314211,-0.157168,-0.011506,1.185220
134.000000,1.000000,0.000000,6.000000,0.107807,0.000000,0.332913,-0.146520,-0.031766,1.190816
135.000000,1.000000,0.000000,6.000000,0.110122,0.000000,0.350921,-0.135648,-0.051434,1.196957
136.000000,1.000000,0.000000,6.000000,0.111073,0.000000,0.368459,-0.125818,-0.070587,1.202882
137.000000,1.000000,0.000000,6.000000,0.111040,0.000000,0.384704,-0.115886,-0.088611,1.209691
138.000000,1.000000,0.000000,6.000000,0.109967,0.000000,0.399964,-0.106358,-0.105686,1.216747
139.000000,1.000000,39.000000,39.000000,0.107918,0.000000,0.414166,-0.097114,-0.121716,1.223959
140.000000,1.000000,39.000000,39.000000,0.104324,0.000000,0.426596,-0.088203,-0.135944,1.231212
141.000000,1.000000,39.000000,39.000000,0.098411,0.000000,0.436775,-0.080657,-0.147810,1.238136
142.000000,1.000000,39.000000,39.000000,0.090988,0.000000,0.444988,-0.073897,-0.157567,1.244573
143.000000,1.000000,39.000000,39.000000,0.081852,0.000000,0.451140,-0.068752,-0.165089,1.250364
144.000000,1.000000,39.000000,39.000000,0.072580,0.000000,0.456628,-0.064526,-0.171693,1.255028
145.000000,1.000000,39.000000,39.000000,0.063871,0.000000,0.460797,-0.060629,-0.176998,1.259913
146.000000,1.000000,39.000000,39.000000,0.055066,0.000000,0.463763,-0.057598,-0.180943,1.264163
147.000000,1.000000,39.000000,39.000000,0.046244,0.000000,0.466080,-0.055851,-0.184013,1.267399
148.000000,1.000000,39.000000,39.000000,0.037944,0.000000,0.467561,-0.054652,-0.186096,1.270009
149.000000,1.000000,39.000000,39.000000,0.030323,0.000000,0.468482,-0.054474,-0.187515,1.272157
150.000000,1.000000,39.000000,39.000000,0.024251,0.000000,0.469668,-0.054550,-0.189109,1.273846
151.000000,1.000000,39.000000,39.000000,0.019558,0.000000,0.470560,-0.054350,-0.190378,1.275451
152.000000,1.000000,39.000000,39.000000,0.016027,0.000000,0.471465,-0.054060,-0.191617,1.276864
153.000000,1.000000,39.000000,39.000000,0.013065,0.000000,0.471697,-0.053846,-0.192171,1.278302
154.000000,1.000000,39.000000,39.000000,0.010347,0.000000,0.471750,-0.053337,-0.192403,1.279130
155.000000,1.000000,39.000000,39.000000,0.008396,0.000000,0.471746,-0.052685,-0.192569,1.279933
156.000000,1.000000,39.000000,39.000000,0.006953,0.000000,0.471676,-0.051845,-0.192624,1.280558
157.000000,1.000000,39.000000,39.000000,0.005947,0.000000,0.471461,-0.051168,-0.192538,1.281201
158.000000,1.000000,39.000000,39.000000,0.005521,0.000000,0.471227,-0.050215,-0.192432,1.281859
159.000000,1.000000,39.000000,39.000000,0.005320,0.000000,0.470569,-0.049348,-0.191896,1.282534
160.000000,1.000000,39.000000,39.000000,0.005257,0.000000,0.469943,-0.048514,-0.191369,1.283099
161.000000,1.000000,39.000000,39.000000,0.005434,0.000000,0.469207,-0.047628,-0.190740,1.283722
162.000000,1.000000,39.000000,39.000000,0.005574,0.000000,0.468471,-0.046880,-0.190131,1.284414
163.000000,1.000000,39.000000,39.000000,0.005558,0.000000,0.467845,-0.046361,-0.189661,1.285218
164.000000,1.000000,39.000000,39.000000,0.005202,0.000000,0.467374,-0.046015,-0.189289,1.285737
165.000000,1.000000,39.000000,39.000000,0.004665,0.000000,0.466924,-0.046054,-0.188956,1.286308
166.000000,1.000000,39.000000,39.000000,0.004194,0.000000,0.466571,-0.045835,-0.188675,1.286683
167.000000,1.000000,39.000000,39.000000,0.003921,0.000000,0.466165,-0.045226,-0.188301,1.286913
168.000000,1.000000,39.000000,39.000000,0.003433,0.000000,0.466181,-0.044557,-0.188315,1.286942
169.000000,1.000000,39.000000,39.000000,0.003142,0.000000,0.466143,-0.044081,-0.188351,1.287309
170.000000,1.000000,39.000000,39.000000,0.002747,0.000000,0.466107,-0.043816,-0.188373,1.287589
171.000000,1.000000,39.000000,39.000000,0.002710,0.000000,0.466056,-0.043247,-0.188376,1.287873
172.000000,1.000000,39.000000,39.000000,0.002506,0.000000,0.466042,-0.042833,-0.188362,1.287904
173.000000,1.000000,39.000000,39.000000,0.002390,0.000000,0.465964,-0.042632,-0.188374,1.288329
174.000000,1.000000,39.000000,39.000000,0.002747,0.000000,0.466225,-0.041869,-0.188704,1.288658
175.000000,1.000000,39.000000,39.000000,0.002913,0.000000,0.466162,-0.041298,-0.188721,1.289060
176.000000,1.000000,39.000000,39.000000,0.003118,0.000000,0.466145,-0.040713,-0.188809,1.289566
177.000000,1.000000,39.000000,39.000000,0.003585,0.000000,0.466071,-0.039964,-0.188890,1.290314
178.000000,1.000000,39.000000,39.000000,0.003815,0.000000,0.466006,-0.039253,-0.188924,1.290812
179.000000,1.000000,39.000000,39.000000,0.004096,0.000000,0.465980,-0.038398,-0.188982,1.291244
180.000000,1.000000,39.000000,39.000000,0.004048,0.000000,0.465961,-0.037732,-0.189004,1.291476
181.000000,1.000000,39.000000,39.000000,0.004250,0.000000,0.465973,-0.036812,-0.189066,1.291757
182.000000,1.000000,39.000000,39.000000,0.004542,0.000000,0.466054,-0.035636,-0.189141,1.291796
183.000000,1.000000,39.000000,39.000000,0.004666,0.000000,0.465752,-0.034666,-0.188874,1.292047
184.000000,1.000000,39.000000,39.000000,0.004664,0.000000,0.465780,-0.033816,-0.188939,1.292267
185.000000,1.000000,39.000000,39.000000,0.004225,0.000000,0.465735,-0.033406,-0.188939,1.292500
186.000000,1.000000,39.000000,39.000000,0.003754,0.000000,0.465721,-0.032980,-0.188908,1.292450
187.000000,1.000000,39.000000,39.000000,0.003013,0.000000,0.465800,-0.032887,-0.188962,1.292334
188.000000,1.000000,39.000000,39.000000,0.002530,0.000000,0.466826,-0.032799,-0.189913,1.291892
189.000000,1.000000,39.000000,39.000000,0.002586,0.000000,0.467830,-0.032720,-0.190902,1.291717
190.000000,1.000000,39.000000,39.000000,0.002917,0.000000,0.468754,-0.032618,-0.191861,1.291774
191.000000,1.000000,39.000000,39.000000,0.003382,0.000000,0.469699,-0.032497,-0.192810,1.291699
192.000000,1.000000,39.000000,39.000000,0.003816,0.000000,0.470649,-0.032710,-0.193781,1.291674
193.000000,1.000000,39.000000,39.000000,0.004231,0.000000,0.471617,-0.033094,-0.194763,1.291607
194.000000,1.000000,39.000000,39.000000,0.004598,0.000000,0.472615,-0.033448,-0.195701,1.291203
195.000000,1.000000,39.000000,39.000000,0.004985,0.000000,0.473561,-0.034331,-0.196675,1.291170
196.000000,1.000000,39.000000,39.000000,0.005179,0.000000,0.474466,-0.034936,-0.197589,1.291071
197.000000,1.000000,39.000000,39.000000,0.004426,0.000000,0.474408,-0.035387,-0.197647,1.291572
198.000000,1.000000,39.000000,39.000000,0.003960,0.000000,0.474355,-0.035996,-0.197694,1.291984
199.000000,1.000000,39.000000,39.000000,0.003771,0.000000,0.474360,-0.036812,-0.197722,1.292033
200.000000,1.000000,39.000000,39.000000,0.003950,0.000000,0.474339,-0.037880,-0.197736,1.292126
201.000000,1.000000,39.000000,39.000000,0.003753,0.000000,0.474336,-0.038474,-0.197754,1.292187
202.000000,1.000000,39.000000,39.000000,0.003490,0.000000,0.474323,-0.038982,-0.197735,1.292129
203.000000,1.000000,39.000000,39.000000,0.003187,0.000000,0.474335,-0.039355,-0.197790,1.292293
204.000000,1.000000,39.000000,39.000000,0.002653,0.000000,0.474328,-0.039506,-0.197792,1.292327
205.000000,1.000000,39.000000,39.000000,0.002516,0.000000,0.474303,-0.039955,-0.197793,1.292416
206.000000,1.000000,39.000000,39.000000,0.003048,0.000000,0.474306,-0.041083,-0.197775,1.292252
207.000000,1.000000,39.000000,39.000000,0.003342,0.000000,0.474334,-0.042008,-0.197761,1.292001
208.000000,1.000000,39.000000,39.000000,0.003496,0.000000,0.474364,-0.042826,-0.197789,1.291934
209.000000,1.000000,39.000000,39.000000,0.003243,0.000000,0.474395,-0.043227,-0.197794,1.291794
210.000000,1.000000,39.000000,39.000000,0.003296,0.000000,0.474419,-0.043850,-0.197781,1.291586
211.000000,1.000000,39.000000,39.000000,0.003249,0.000000,0.474483,-0.044338,-0.197777,1.291241
212.000000,1.000000,39.000000,39.000000,0.003374,0.000000,0.474536,-0.045052,-0.197811,1.291107
213.000000,1.000000,39.000000,39.000000,0.003427,0.000000,0.474654,-0.045735,-0.197910,1.290963
214.000000,1.000000,39.000000,39.000000,0.002970,0.000000,0.474666,-0.045965,-0.197902,1.290857
215.000000,1.000000,39.000000,39.000000,0.002020,0.000000,0.474769,-0.045568,-0.197940,1.290581
216.000000,1.000000,39.000000,39.000000,0.001409,0.000000,0.474919,-0.045130,-0.198009,1.290227
217.000000,1.000000,39.000000,39.000000,0.001137,0.000000,0.475010,-0.044978,-0.198067,1.290081
218.000000,1.000000,39.000000,39.000000,0.001216,0.000000,0.475111,-0.045450,-0.198136,1.289897
219.000000,1.000000,39.000000,39.000000,0.001712,0.000000,0.474056,-0.046104,-0.197013,1.289666
220.000000,1.000000,39.000000,39.000000,0.002865,0.000000,0.472692,-0.046921,-0.195612,1.289600
221.000000,1.000000,39.000000,39.000000,0.004679,0.000000,0.470638,-0.047669,-0.193477,1.289416
222.000000,1.000000,39.000000,39.000000,0.006785,0.000000,0.468142,-0.048363,-0.190862,1.289114
223.000000,1.000000,39.000000,39.000000,0.008808,0.000000,0.465819,-0.049886,-0.188413,1.288709
224.000000,1.000000,39.000000,39.000000,0.010398,0.000000,0.463626,-0.051355,-0.186099,1.288320
225.000000,1.000000,39.000000,39.000000,0.012036,0.000000,0.461261,-0.053238,-0.183605,1.287878
226.000000,1.000000,39.000000,39.000000,0.014264,0.000000,0.458081,-0.055487,-0.180242,1.287271
227.000000,1.000000,39.000000,39.000000,0.016484,0.000000,0.453870,-0.056746,-0.175805,1.286641
228.000000,1.000000,39.000000,39.000000,0.017615,0.000000,0.450707,-0.058371,-0.172350,1.285574
229.000000,1.000000,39.000000,39.000000,0.018497,0.000000,0.447728,-0.060084,-0.168996,1.284119
230.000000,1.000000,39.000000,39.000000,0.018856,0.000000,0.445366,-0.062006,-0.166200,1.282309
231.000000,1.000000,39.000000,39.000000,0.019727,0.000000,0.442730,-0.064399,-0.163056,1.280170
232.000000,1.000000,39.000000,39.000000,0.020266,0.000000,0.440119,-0.066343,-0.159919,1.277979
233.000000,1.000000,39.000000,39.000000,0.020907,0.000000,0.437352,-0.068571,-0.156643,1.275862
234.000000,1.000000,39.000000,39.000000,0.021085,0.000000,0.434678,-0.070571,-0.153498,1.273921
235.000000,1.000000,39.000000,39.000000,0.020271,0.000000,0.432830,-0.071978,-0.151179,1.271918
236.000000,1.000000,39.000000,39.000000,0.018990,0.000000,0.432004,-0.073949,-0.149941,1.270040
237.000000,1.000000,39.000000,39.000000,0.017223,0.000000,0.431393,-0.075281,-0.148996,1.268521
238.000000,1.000000,39.000000,39.000000,0.015146,0.000000,0.430787,-0.076319,-0.148168,1.267530
239.000000,1.000000,39.000000,39.000000,0.012808,0.000000,0.430298,-0.076952,-0.147527,1.266863
240.000000,1.000000,39.000000,39.000000,0.009636,0.000000,0.430429,-0.076962,-0.147644,1.266786
241.000000,1.000000,39.000000,39.000000,0.006918,0.000000,0.430412,-0.076779,-0.147617,1.266753
242.000000,1.000000,39.000000,39.000000,0.004553,0.000000,0.430367,-0.076321,-0.147560,1.266734
243.000000,1.000000,39.000000,39.000000,0.002942,0.000000,0.430431,-0.075950,-0.147563,1.266476
244.000000,1.000000,39.000000,39.000000,0.002357,0.000000,0.430534,-0.075737,-0.147515,1.265804
245.000000,1.000000,39.000000,39.000000,0.002907,0.000000,0.430468,-0.074275,-0.147270,1.265099
246.000000,1.000000,39.000000,39.000000,0.004944,0.000000,0.430386,-0.072202,-0.146863,1.263777
247.000000,1.000000,39.000000,39.000000,0.007718,0.000000,0.430580,-0.069541,-0.146557,1.261682
248.000000,1.000000,39.000000,39.000000,0.011153,0.000000,0.430910,-0.066328,-0.146163,1.258601
249.000000,1.000000,39.000000,39.000000,0.014556,0.000000,0.431232,-0.063028,-0.145633,1.254958
250.000000,1.000000,39.000000,39.000000,0.018169,0.000000,0.431592,-0.059468,-0.144971,1.250554
251.000000,1.000000,39.000000,39.000000,0.022165,0.000000,0.432003,-0.055699,-0.144113,1.245057
252.000000,1.000000,39.000000,39.000000,0.027134,0.000000,0.432050,-0.050975,-0.142595,1.238331
253.000000,1.000000,39.000000,39.000000,0.033134,0.000000,0.431755,-0.044801,-0.140449,1.230457
254.000000,1.000000,39.000000,39.000000,0.039010,0.000000,0.431551,-0.038877,-0.138105,1.221254
255.000000,1.000000,39.000000,39.000000,0.044676,0.000000,0.430728,-0.032600,-0.134989,1.211453
256.000000,1.000000,39.000000,39.000000,0.049983,0.000000,0.429874,-0.026187,-0.131682,1.200952
257.000000,1.000000,6.000000,3.000000,0.054507,0.000000,0.428504,-0.019838,-0.127807,1.190273
258.000000,1.000000,6.000000,3.000000,0.059252,0.000000,0.426340,-0.013326,-0.122900,1.178621
259.000000,1.000000,6.000000,3.000000,0.063649,0.000000,0.424012,-0.006296,-0.117734,1.166596
260.000000,1.000000,6.000000,3.000000,0.066819,0.000000,0.421416,0.001009,-0.112404,1.155082
261.000000,1.000000,6.000000,3.000000,0.068793,0.000000,0.419278,0.008346,-0.107591,1.143787
262.000000,1.000000,6.000000,3.000000,0.069282,0.000000,0.417010,0.015244,-0.102815,1.133226
263.000000,1.000000,6.000000,3.000000,0.069677,0.000000,0.414091,0.022291,-0.097378,1.122700
264.000000,1.000000,6.000000,3.000000,0.069667,0.000000,0.410397,0.029122,-0.091230,1.112531
265.000000,1.000000,6.000000,3.000000,0.069633,0.000000,0.405541,0.036123,-0.084001,1.102873
266.000000,1.000000,6.000000,3.000000,0.070261,0.000000,0.399933,0.043717,-0.075977,1.093136
267.000000,1.000000,6.000000,3.000000,0.071428,0.000000,0.394294,0.052343,-0.067886,1.083306
268.000000,1.000000,6.000000,3.000000,0.073240,0.000000,0.387164,0.061289,-0.058327,1.073763
269.000000,1.000000,6.000000,3.000000,0.076425,0.000000,0.378662,0.070614,-0.047228,1.063648
270.000000,1.000000,6.000000,3.000000,0.080906,0.000000,0.368203,0.080514,-0.034102,1.053466
271.000000,1.000000,6.000000,3.000000,0.086466,0.000000,0.356160,0.090886,-0.019270,1.042944
272.000000,1.000000,6.000000,3.000000,0.092436,0.000000,0.342633,0.101673,-0.002939,1.032547
273.000000,1.000000,6.000000,3.000000,0.098784,0.000000,0.327720,0.113022,0.014802,1.022233
274.000000,1.000000,6.000000,3.000000,0.105342,0.000000,0.311151,0.124535,0.034212,1.012052
275.000000,1.000000,6.000000,3.000000,0.112003,0.000000,0.292522,0.135582,0.055674,1.002105
276.000000,1.000000,6.000000,3.000000,0.118493,0.000000,0.271700,0.146229,0.079150,0.993177
277.000000,1.000000,6.000000,3.000000,0.124701,0.000000,0.249433,0.156454,0.104040,0.984518
278.000000,1.000000,6.000000,3.000000,0.131117,0.000000,0.225193,0.167044,0.130766,0.976721
279.000000,1.000000,6.000000,3.000000,0.136088,0.000000,0.200074,0.176643,0.158101,0.970163
280.000000,1.000000,6.000000,3.000000,0.139046,0.000000,0.174962,0.185613,0.185048,0.965277
281.000000,1.000000,36.000000,36.000000,0.138956,0.000000,0.151332,0.193722,0.210131,0.961881
282.000000,1.000000,36.000000,36.000000,0.135410,0.000000,0.130090,0.200896,0.232471,0.959762
283.000000,1.000000,36.000000,36.000000,0.128612,0.000000,0.111791,0.206968,0.251695,0.958020
284.000000,1.000000,36.000000,36.000000,0.118784,0.000000,0.096603,0.212453,0.267503,0.957270
285.000000,1.000000,36.000000,36.000000,0.106713,0.000000,0.084307,0.217211,0.280164,0.957290
286.000000,1.000000,36.000000,36.000000,0.092849,0.000000,0.075078,0.221405,0.289528,0.957971
287.000000,1.000000,36.000000,36.000000,0.077226,0.000000,0.069030,0.224189,0.295404,0.959588
288.000000,1.000000,36.000000,36.000000,0.061594,0.000000,0.065676,0.226695,0.298510,0.961229
289.000000,1.000000,36.000000,36.000000,0.046976,0.000000,0.064196,0.228497,0.299776,0.962467
290.000000,1.000000,36.000000,36.000000,0.034654,0.000000,0.063393,0.229766,0.300418,0.963356
291.000000,1.000000,36.000000,36.000000,0.024824,0.000000,0.063000,0.230842,0.300722,0.963870
292.000000,1.000000,36.000000,36.000000,0.018044,0.000000,0.062201,0.232004,0.301348,0.964807
293.000000,1.000000,36.000000,36.000000,0.013545,0.000000,0.061460,0.233379,0.301958,0.965561
294.000000,1.000000,36.000000,36.000000,0.010969,0.000000,0.060618,0.234973,0.302713,0.966147
295.000000,1.000000,36.000000,36.000000,0.009685,0.000000,0.059539,0.236442,0.303665,0.966930
296.000000,1.000000,36.000000,36.000000,0.009462,0.000000,0.058114,0.238132,0.304991,0.967637
297.000000,1.000000,36.000000,36.000000,0.010288,0.000000,0.056435,0.240679,0.306745,0.967647
298.000000,1.000000,36.000000,36.000000,0.011456,0.000000,0.054758,0.243356,0.308554,0.967410
299.000000,1.000000,36.000000,36.000000,0.012474,0.000000,0.052832,0.245651,0.310605,0.967210
300.000000,1.000000,36.000000,36.000000,0.013468,0.000000,0.050318,0.247567,0.313248,0.967031
301.000000,1.000000,36.000000,36.000000,0.014075,0.000000,0.047647,0.248989,0.316024,0.966939
302.000000,2.000000,36.000000,36.000000,0.014267,0.000000,0.044999,0.249912,0.318767,0.966867
303.000000,0.000000,36.000000,36.000000,0.000000,0.000000,0.042646,0.250332,0.321216,0.966724
304.000000,0.000000,36.000000,36.000000,0.000000,0.000000,0.040425,0.250754,0.323570,0.966397
305.000000,0.000000,36.000000,36.000000,0.000000,0.000000,0.038842,0.251080,0.325416,0.965417
306.000000,0.000000,36.000000,36.000000,0.000000,0.000000,0.037505,0.250414,0.326859,0.965047
307.000000,0.000000,36.000000,36.000000,0.000000,0.000000,0.036226,0.248962,0.328147,0.965054
308.000000,0.000000,36.000000,36.000000,0.000000,0.000000,0.035137,0.247623,0.329251,0.965023
309.000000,0.000000,36.000000,36.000000,0.000000,0.000000,0.034389,0.246670,0.329982,0.965121
310.000000,0.000000,36.000000,36.000000,0.000000,0.000000,0.033692,0.246172,0.330722,0.964975
311.000000,0.000000,36.000000,36.000000,0.000000,0.000000,0.032771,0.245954,0.331724,0.964698
312.000000,0.000000,36.000000,36.000000,0.000000,0.000000,0.031670,0.245735,0.332913,0.964414
313.000000,0.000000,36.000000,36.000000,0.000000,0.000000,0.030690,0.245426,0.333972,0.964151
314.000000,0.000000,36.000000,36.000000,0.000000,0.000000,0.029926,0.244920,0.334766,0.964061
315.000000,0.000000,36.000000,36.000000,0.000000,0.000000,0.029294,0.244345,0.335387,0.964148
316.000000,0.000000,36.000000,36.000000,0.000000,0.000000,0.028999,0.244338,0.335700,0.964097
317.000000,0.000000,36.000000,36.000000,0.000000,0.000000,0.028876,0.244458,0.335829,0.964095
318.000000,0.000000,36.000000,36.000000,0.000000,0.000000,0.028818,0.244448,0.335914,0.963979
319.000000,0.000000,36.000000,36.000000,0.000000,0.000000,0.028868,0.244359,0.335856,0.964003
320.000000,0.000000,36.000000,36.000000,0.000000,0.000000,0.028924,0.244050,0.335703,0.964413
321.000000,0.000000,36.000000,36.000000,0.000000,0.000000,0.029015,0.243769,0.335540,0.964706
322.000000,0.000000,36.000000,36.000000,0.000000,0.000000,0.029145,0.243320,0.335340,0.964978
323.000000,0.000000,36.000000,36.000000,0.000000,0.000000,0.029089,0.242804,0.335328,0.965256
324.000000,0.000000,36.000000,36.000000,0.000000,0.000000,0.028971,0.242330,0.335407,0.965414
325.000000,0.000000,36.000000,36.000000,0.000000,0.000000,0.028656,0.241897,0.335680,0.965613
326.000000,0.000000,36.000000,36.000000,0.000000,0.000000,0.028195,0.241539,0.336096,0.965837
327.000000,0.000000,36.000000,36.000000,0.000000,0.000000,0.027800,0.241006,0.336460,0.965987
328.000000,0.000000,36.000000,36.000000,0.000000,0.000000,0.027498,0.240554,0.336724,0.966165
329.000000,0.000000,36.000000,36.000000,0.000000,0.000000,0.027353,0.240200,0.336884,0.966093
330.000000,0.000000,36.000000,36.000000,0.000000,0.000000,0.027468,0.240055,0.336780,0.966019
331.000000,0.000000,36.000000,36.000000,0.000000,0.000000,0.027683,0.240434,0.336582,0.965941
332.000000,0.000000,36.000000,36.000000,0.000000,0.000000,0.028086,0.240904,0.336229,0.965705
333.000000,0.000000,36.000000,36.000000,0.000000,0.000000,0.028349,0.241543,0.336026,0.965446
334.000000,0.000000,36.000000,36.000000,0.000000,0.000000,0.028550,0.242245,0.335916,0.965065
335.000000,0.000000,36.000000,36.000000,0.000000,0.000000,0.028767,0.242934,0.335789,0.964676
336.000000,0.000000,36.000000,36.000000,0.000000,0.000000,0.028981,0.243797,0.335680,0.964241
337.000000,0.000000,36.000000,36.000000,0.000000,0.000000,0.029006,0.244586,0.335774,0.963749
338.000000,0.000000,36.000000,36.000000,0.000000,0.000000,0.029014,0.245343,0.335845,0.963442
339.000000,0.000000,36.000000,36.000000,0.000000,0.000000,0.029018,0.245959,0.335900,0.963216
340.000000,0.000000,36.000000,36.000000,0.000000,0.000000,0.029036,0.246151,0.335927,0.963022
341.000000,0.000000,36.000000,36.000000,0.000000,0.000000,0.028936,0.246165,0.336010,0.963114
342.000000,0.000000,36.000000,36.000000,0.000000,0.000000,0.028903,0.246070,0.336028,0.963177
343.000000,0.000000,36.000000,36.000000,0.000000,0.000000,0.028759,0.245881,0.336131,0.963365
344.000000,0.000000,36.000000,36.000000,0.000000,0.000000,0.028508,0.245484,0.336332,0.963594
345.000000,0.000000,36.000000,36.000000,0.000000,0.000000,0.028199,0.244994,0.336565,0.963938
346.000000,0.000000,36.000000,36.000000,0.000000,0.000000,0.028090,0.244347,0.336554,0.964447
347.000000,0.000000,36.000000,36.000000,0.000000,0.000000,0.027932,0.243696,0.336600,0.964925
348.000000,0.000000,36.000000,36.000000,0.000000,0.000000,0.027737,0.243060,0.336696,0.965351
349.000000,0.000000,36.000000,36.000000,0.000000,0.000000,0.027447,0.242363,0.336883,0.965799
350.000000,0.000000,36.000000,36.000000,0.000000,0.000000,0.027160,0.241629,0.337068,0.966243
351.000000,0.000000,36.000000,36.000000,0.000000,0.000000,0.026734,0.240564,0.337385,0.966713
352.000000,0.000000,36.000000,36.000000,0.000000,0.000000,0.026390,0.239497,0.337631,0.967122
353.000000,0.000000,36.000000,36.000000,0.000000,0.000000,0.026253,0.238492,0.337687,0.967438
354.000000,0.000000,36.000000,36.000000,0.000000,0.000000,0.026244,0.237418,0.337601,0.967793
355.000000,0.000000,36.000000,36.000000,0.000000,0.000000,0.026286,0.236484,0.337480,0.968087
356.000000,0.000000,36.000000,36.000000,0.000000,0.000000,0.026469,0.235686,0.337226,0.968336
357.000000,0.000000,36.000000,36.000000,0.000000,0.000000,0.026704,0.234740,0.336912,0.968605
358.000000,0.000000,36.000000,36.000000,0.000000,0.000000,0.026907,0.233862,0.336653,0.968777
359.000000,0.000000,36.000000,36.000000,0.000000,0.000000,0.026943,0.233138,0.336597,0.968813
360.000000,0.000000,36.000000,36.000000,0.000000,0.000000,0.026981,0.232709,0.336545,0.968848
361.000000,0.000000,36.000000,36.000000,0.000000,0.000000,0.027093,0.232234,0.336417,0.968878
362.000000,0.000000,36.000000,36.000000,0.000000,0.000000,0.027276,0.231805,0.336187,0.969041
363.000000,0.000000,36.000000,36.000000,0.000000,0.000000,0.027471,0.231483,0.335968,0.969105
364.000000,0.000000,36.000000,36.000000,0.000000,0.000000,0.027429,0.230947,0.336038,0.968951
365.000000,0.000000,36.000000,36.000000,0.000000,0.000000,0.027155,0.230220,0.336324,0.968882
366.000000,0.000000,36.000000,36.000000,0.000000,0.000000,0.026925,0.229504,0.336559,0.968840
367.000000,0.000000,36.000000,36.000000,0.000000,0.000000,0.026894,0.228879,0.336607,0.968725
368.000000,0.000000,36.000000,36.000000,0.000000,0.000000,0.027111,0.228068,0.336416,0.968537
369.000000,0.000000,36.000000,36.000000,0.000000,0.000000,0.027407,0.227307,0.336160,0.968276
370.000000,0.000000,36.000000,36.000000,0.000000,0.000000,0.027586,0.226599,0.336008,0.968091
371.000000,0.000000,36.000000,36.000000,0.000000,0.000000,0.027561,0.225795,0.336097,0.967756
372.000000,0.000000,36.000000,36.000000,0.000000,0.000000,0.027553,0.225104,0.336179,0.967381
373.000000,0.000000,36.000000,36.000000,0.000000,0.000000,0.027656,0.224630,0.336104,0.967210
374.000000,0.000000,36.000000,36.000000,0.000000,0.000000,0.027924,0.224251,0.335884,0.966945
375.000000,0.000000,36.000000,36.000000,0.000000,0.000000,0.028065,0.223912,0.335796,0.966670
376.000000,0.000000,36.000000,36.000000,0.000000,0.000000,0.028113,0.223579,0.335772,0.966534
377.000000,0.000000,36.000000,36.000000,0.000000,0.000000,0.027958,0.223485,0.335970,0.966353
378.000000,0.000000,36.000000,36.000000,0.000000,0.000000,0.027852,0.223196,0.336093,0.966271
379.000000,0.000000,36.000000,36.000000,0.000000,0.000000,0.028001,0.222798,0.335997,0.965992
380.000000,0.000000,36.000000,36.000000,0.000000,0.000000,0.028235,0.222486,0.335795,0.965802
381.000000,0.000000,36.000000,36.000000,0.000000,0.000000,0.028297,0.222159,0.335745,0.965720
382.000000,0.000000,36.000000,36.000000,0.000000,0.000000,0.028568,0.221778,0.335514,0.965488
383.000000,0.000000,36.000000,36.000000,0.000000,0.000000,0.028838,0.221335,0.335292,0.965216
384.000000,0.000000,36.000000,36.000000,0.000000,0.000000,0.029112,0.220984,0.335052,0.965007
385.000000,0.000000,36.000000,36.000000,0.000000,0.000000,0.029184,0.220763,0.334996,0.964915
386.000000,0.000000,36.000000,36.000000,0.000000,0.000000,0.029309,0.220456,0.334901,0.964746
387.000000,0.000000,36.000000,36.000000,0.000000,0.000000,0.029243,0.220329,0.334985,0.964668
388.000000,0.000000,36.000000,36.000000,0.000000,0.000000,0.029008,0.220199,0.335236,0.964609
389.000000,0.000000,36.000000,36.000000,0.000000,0.000000,0.028973,0.220007,0.335290,0.964519
390.000000,0.000000,36.000000,36.000000,0.000000,0.000000,0.029131,0.219761,0.335173,0.964302
391.000000,0.000000,36.000000,36.000000,0.000000,0.000000,0.029101,0.219595,0.335227,0.964187
392.000000,0.000000,36.000000,36.000000,0.000000,0.000000,0.029082,0.219497,0.335249,0.964172
