101,0,0.303715,-0.21491,1.75306,0.0275913,0.224127,1.82856
102,0,0.302207,-0.216402,1.74849,0.0275913,0.224127,1.82856
103,0,0.302135,-0.216705,1.74801,0.0275913,0.224127,1.82856
104,0,0.303012,-0.216065,1.75113,0.0275913,0.224127,1.82856
105,0,0.304046,-0.215184,1.75378,0.0275913,0.224127,1.82856
106,0,0.304457,-0.216928,1.75322,0.0275913,0.224127,1.82856
107,0,0.303969,-0.215491,1.7521,0.0275913,0.224127,1.82856
108,0,0.304278,-0.214483,1.75254,0.0275913,0.224127,1.82856
109,0,0.302442,-0.214921,1.75021,0.0275913,0.224127,1.82856
110,0,0.302893,-0.215457,1.74935,0.0275913,0.224127,1.82856
111,0,0.303649,-0.215365,1.75029,0.0275913,0.224127,1.82856
112,0,0.305334,-0.21428,1.7524,0.0275913,0.224127,1.82856
113,0,0.303747,-0.21508,1.75165,0.0275913,0.224127,1.82856
114,0,0.304525,-0.214806,1.75057,0.0275913,0.224127,1.82856
115,0,0.30453,-0.2137,1.75316,0.0275913,0.224127,1.82856
116,0,0.303012,-0.214404,1.75062,0.0275913,0.224127,1.82856
117,0,0.30347,-0.214407,1.7517,0.0275913,0.224127,1.82856
118,0,0.303201,-0.214246,1.75014,0.0275913,0.224127,1.82856
119,0,0.303616,-0.215274,1.751,0.0275913,0.224127,1.82856
120,0,0.305531,-0.214392,1.74996,0.0275913,0.224127,1.82856
121,0,0.302165,-0.214315,1.74979,0.0275913,0.224127,1.82856
122,0,0.30402,-0.214631,1.75321,0.0275913,0.224127,1.82856
123,0,0.303283,-0.216168,1.74839,0.0275913,0.224127,1.82856
124,0,0.304294,-0.214525,1.74858,0.0275913,0.224127,1.82856
125,0,0.303696,-0.215119,1.75104,0.0275913,0.224127,1.82856
126,0,0.304508,-0.214022,1.74944,0.0275913,0.224127,1.82856
127,0,0.303383,-0.214159,1.74955,0.0275913,0.224127,1.82856
128,0,0.303369,-0.21491,1.74901,0.0275913,0.224127,1.82856
129,0,0.302773,-0.215439,1.75048,0.0275913,0.224127,1.82856
130,0,0.30345,-0.214816,1.74968,0.0275913,0.224127,1.82856
131,0,0.303601,-0.214872,1.74946,0.0275913,0.224127,1.82856
132,0,0.303023,-0.21453,1.75264,0.0275913,0.224127,1.82856
133,0,0.303556,-0.214684,1.75157,0.0275913,0.224127,1.82856
134,0,0.303947,-0.213911,1.74885,0.0275913,0.224127,1.82856
135,0,0.303715,-0.216193,1.74889,0.0275913,0.224127,1.82856
136,0,0.299445,-0.211782,1.7484,0.0275913,0.224127,1.82856
137,0,0.295647,-0.213453,1.73702,0.0275913,0.224127,1.82856
138,0,0.297196,-0.214443,1.73657,0.0275913,0.224127,1.82856
139,1,0.300482,-0.211485,1.73887,0.0275913,0.224127,1.82856
140,1,0.301982,-0.211678,1.73805,0.0275913,0.224127,1.82856
141,1,0.300467,-0.212075,1.73402,0.0275913,0.224127,1.82856
142,1,0.300187,-0.214604,1.73815,0.0275913,0.224127,1.82856
143,1,0.299934,-0.21366,1.73819,0.0275913,0.224127,1.82856
144,1,0.297737,-0.214231,1.74139,0.0275913,0.224127,1.82856
145,1,0.297856,-0.218798,1.73465,0.0275913,0.224127,1.82856
146,1,0.296219,-0.215508,1.7384,0.0275913,0.224127,1.82856
147,1,0.295327,-0.215566,1.74064,0.0275913,0.224127,1.82856
148,1,0.293832,-0.217787,1.74346,0.0275913,0.224127,1.82856
149,1,0.29531,-0.216245,1.73815,0.0275913,0.224127,1.82856
150,1,0.293896,-0.210781,1.73775,0.0275913,0.224127,1.82856
151,1,0.293504,-0.206013,1.73207,0.0275913,0.224127,1.82856
152,1,0.289704,-0.199496,1.72737,0.0275913,0.224127,1.82856
153,1,0.286644,-0.192936,1.72011,0.0275913,0.224127,1.82856
154,1,0.283078,-0.190036,1.70646,0.0275913,0.224127,1.82856
155,1,0.282569,-0.183898,1.69624,0.0275913,0.224127,1.82856
156,1,0.2732,-0.178754,1.68219,0.0275913,0.224127,1.82856
157,1,0.265298,-0.174537,1.66803,0.0275913,0.224127,1.82856
158,1,0.256456,-0.171037,1.65086,0.0275913,0.224127,1.82856
159,1,0.249026,-0.169808,1.63621,0.0275913,0.224127,1.82856
160,1,0.239401,-0.170617,1.62237,0.0275913,0.224127,1.82856
161,1,0.226304,-0.171061,1.60309,0.0275913,0.224127,1.82856
162,1,0.214992,-0.173422,1.58758,0.0275913,0.224127,1.82856
163,1,0.199948,-0.178784,1.57377,0.0275913,0.224127,1.82856
164,1,0.185835,-0.18503,1.55514,0.0275913,0.224127,1.82856
165,1,0.169787,-0.192124,1.54403,0.0275913,0.224127,1.82856
166,1,0.155008,-0.199815,1.53058,0.0275913,0.224127,1.82856
167,1,0.141095,-0.207292,1.51804,0.0275913,0.224127,1.82856
168,1,0.124764,-0.215165,1.5064,0.0275913,0.224127,1.82856
169,1,0.113263,-0.223794,1.4976,0.0275913,0.224127,1.82856
170,1,0.0987028,-0.233282,1.48879,0.0275913,0.224127,1.82856
171,1,0.0838141,-0.242326,1.47965,0.0275913,0.224127,1.82856
172,1,0.0713116,-0.250914,1.47672,0.0275913,0.224127,1.82856
173,1,0.0579664,-0.259735,1.47135,0.0275913,0.224127,1.82856
174,1,0.0494304,-0.266896,1.46662,0.0275913,0.224127,1.82856
175,1,0.0380208,-0.272438,1.46198,0.0275913,0.224127,1.82856
176,1,0.0256303,-0.278019,1.46127,0.0275913,0.224127,1.82856
177,1,0.0216583,-0.281225,1.46317,0.0275913,0.224127,1.82856
178,1,0.0169712,-0.280431,1.45994,0.0275913,0.224127,1.82856
179,1,0.0145439,-0.279792,1.46042,0.0275913,0.224127,1.82856
180,1,0.0124311,-0.281615,1.46099,0.0275913,0.224127,1.82856
181,1,0.0106407,-0.280986,1.45815,0.0275913,0.224127,1.82856
182,1,0.00597944,-0.281154,1.45615,0.0275913,0.224127,1.82856
183,1,0.00629603,-0.280769,1.45616,0.0275913,0.224127,1.82856
184,1,0.00154597,-0.27964,1.4513,0.0275913,0.224127,1.82856
185,1,3.69898e-05,-0.279824,1.45268,0.0275913,0.224127,1.82856
186,1,-0.00311518,-0.280237,1.44987,0.0275913,0.224127,1.82856
187,1,-0.00624641,-0.277943,1.44563,0.0275913,0.224127,1.82856
188,1,-0.0117036,-0.278798,1.44539,0.0275913,0.224127,1.82856
189,1,-0.0129984,-0.277837,1.4432,0.0275913,0.224127,1.82856
190,1,-0.0168558,-0.278519,1.44211,0.0275913,0.224127,1.82856
191,1,-0.0205266,-0.277937,1.44265,0.0275913,0.224127,1.82856
192,1,-0.0230416,-0.277369,1.44175,0.0275913,0.224127,1.82856
193,1,-0.0298028,-0.275707,1.43777,0.0275913,0.224127,1.82856
194,1,-0.035646,-0.275615,1.43484,0.0275913,0.224127,1.82856
195,1,-0.0407477,-0.2766,1.43461,0.0275913,0.224127,1.82856
196,1,-0.0457255,-0.276841,1.42793,0.0275913,0.224127,1.82856
197,1,-0.0572742,-0.271734,1.42039,0.0275913,0.224127,1.82856
198,1,-0.0652499,-0.268724,1.41326,0.0275913,0.224127,1.82856
199,1,-0.0721772,-0.262407,1.40277,0.0275913,0.224127,1.82856
200,1,-0.0856871,-0.252651,1.39128,0.0275913,0.224127,1.82856
201,1,-0.0966304,-0.244346,1.37821,0.0275913,0.224127,1.82856
202,1,-0.111324,-0.235435,1.36449,0.0275913,0.224127,1.82856
203,1,-0.129504,-0.224429,1.34663,0.0275913,0.224127,1.82856
204,1,-0.144692,-0.216111,1.33311,0.0275913,0.224127,1.82856
205,1,-0.165688,-0.207062,1.31754,0.0275913,0.224127,1.82856
206,1,-0.188618,-0.19968,1.30131,0.0275913,0.224127,1.82856
207,1,-0.213662,-0.19391,1.28946,0.0275913,0.224127,1.82856
208,1,-0.240856,-0.190674,1.27883,0.0275913,0.224127,1.82856
209,1,-0.264876,-0.192103,1.2741,0.0275913,0.224127,1.82856
210,1,-0.290169,-0.194861,1.2705,0.0275913,0.224127,1.82856
211,1,-0.313669,-0.202246,1.27324,0.0275913,0.224127,1.82856
212,1,-0.332017,-0.211306,1.27563,0.0275913,0.224127,1.82856
213,1,-0.350035,-0.221242,1.2781,0.0275913,0.224127,1.82856
214,1,-0.362372,-0.231948,1.28083,0.0275913,0.224127,1.82856
215,1,-0.37154,-0.243673,1.28779,0.0275913,0.224127,1.82856
216,1,-0.383578,-0.254926,1.29242,0.0275913,0.224127,1.82856
217,1,-0.388878,-0.266551,1.29909,0.0275913,0.224127,1.82856
218,1,-0.393979,-0.278926,1.30638,0.0275913,0.224127,1.82856
219,1,-0.392688,-0.289905,1.30914,0.0275913,0.224127,1.82856
220,1,-0.392346,-0.291577,1.30771,0.0275913,0.224127,1.82856
221,1,-0.392584,-0.290789,1.3054,0.0275913,0.224127,1.82856
222,1,-0.392593,-0.290455,1.30493,0.0275913,0.224127,1.82856
223,1,-0.39189,-0.29021,1.30414,0.0275913,0.224127,1.82856
224,1,-0.392383,-0.291105,1.30271,0.0275913,0.224127,1.82856
225,1,-0.393449,-0.290879,1.30439,0.0275913,0.224127,1.82856
226,1,-0.394833,-0.288937,1.30727,0.0275913,0.224127,1.82856
227,1,-0.384415,-0.245423,1.25867,0.0275913,0.224127,1.82856
228,1,-0.399168,-0.289505,1.30276,0.0275913,0.224127,1.82856
229,0,-0.394499,-0.287881,1.31064,0.0275913,0.224127,1.82856
230,0,-0.394541,-0.285436,1.31259,0.0275913,0.224127,1.82856
231,0,-0.394328,-0.286696,1.31121,0.0275913,0.224127,1.82856
232,0,-0.393374,-0.286435,1.31002,0.0275913,0.224127,1.82856
233,0,-0.393762,-0.287283,1.31044,0.0275913,0.224127,1.82856
234,0,-0.393072,-0.287633,1.31081,0.0275913,0.224127,1.82856
235,0,-0.394726,-0.286575,1.30965,0.0275913,0.224127,1.82856
236,0,-0.393627,-0.286681,1.31196,0.0275913,0.224127,1.82856
237,0,-0.393052,-0.286413,1.31146,0.0275913,0.224127,1.82856
238,0,-0.394611,-0.287661,1.30933,0.0275913,0.224127,1.82856
239,0,-0.394667,-0.287093,1.30999,0.0275913,0.224127,1.82856
240,0,-0.392683,-0.286583,1.31173,0.0275913,0.224127,1.82856
241,0,-0.394944,-0.287632,1.30995,0.0275913,0.224127,1.82856
242,0,-0.394599,-0.287885,1.30951,0.0275913,0.224127,1.82856
243,0,-0.192976,-0.123556,0.629844,0.0275913,0.224127,1.82856
244,0,-0.392743,-0.286822,1.30937,0.0275913,0.224127,1.82856
245,0,-0.392346,-0.287386,1.30729,0.0275913,0.224127,1.82856
246,0,-0.392311,-0.286456,1.30949,0.0275913,0.224127,1.82856
247,0,-0.392388,-0.286092,1.30959,0.0275913,0.224127,1.82856
248,0,-0.391519,-0.286034,1.31031,0.0275913,0.224127,1.82856
249,0,-0.392324,-0.286548,1.30969,0.0275913,0.224127,1.82856
250,0,-0.393432,-0.286295,1.3107,0.0275913,0.224127,1.82856
251,0,-0.39194,-0.286699,1.3096,0.0275913,0.224127,1.82856
252,0,-0.391469,-0.285568,1.31017,0.0275913,0.224127,1.82856
253,0,-0.392865,-0.286239,1.30959,0.0275913,0.224127,1.82856
254,0,-0.392736,-0.286417,1.30862,0.0275913,0.224127,1.82856
255,0,-0.393013,-0.286463,1.3088,0.0275913,0.224127,1.82856
256,0,-0.392248,-0.286299,1.30905,0.0275913,0.224127,1.82856
257,0,-0.392284,-0.287268,1.30953,0.0275913,0.224127,1.82856
258,0,-0.391304,-0.28665,1.3101,0.0275913,0.224127,1.82856
259,0,-0.392404,-0.285871,1.30836,0.0275913,0.224127,1.82856
260,0,-0.390565,-0.286128,1.30867,0.0275913,0.224127,1.82856
261,0,-0.39286,-0.285759,1.30824,0.0275913,0.224127,1.82856
262,0,-0.392462,-0.28656,1.30966,0.0275913,0.224127,1.82856
263,0,-0.393691,-0.286571,1.30929,0.0275913,0.224127,1.82856
264,0,-0.391993,-0.28571,1.30889,0.0275913,0.224127,1.82856
265,0,-0.39208,-0.286167,1.31004,0.0275913,0.224127,1.82856
266,0,-0.390884,-0.286389,1.30984,0.0275913,0.224127,1.82856
267,0,-0.391852,-0.285156,1.31001,0.0275913,0.224127,1.82856
268,0,-0.392582,-0.286162,1.30949,0.0275913,0.224127,1.82856
269,0,-0.392929,-0.286951,1.30993,0.0275913,0.224127,1.82856
270,0,-0.392799,-0.285529,1.30972,0.0275913,0.224127,1.82856
271,0,-0.392333,-0.286176,1.30922,0.0275913,0.224127,1.82856
272,0,-0.393537,-0.287863,1.30668,0.0275913,0.224127,1.82856
273,0,-0.392674,-0.286027,1.30921,0.0275913,0.224127,1.82856
274,0,-0.392885,-0.286708,1.30761,0.0275913,0.224127,1.82856
275,0,-0.393918,-0.287224,1.30853,0.0275913,0.224127,1.82856
276,0,-0.394546,-0.288642,1.30481,0.0275913,0.224127,1.82856
277,0,-0.394333,-0.288197,1.30505,0.0275913,0.224127,1.82856
278,0,-0.393374,-0.28651,1.30561,0.0275913,0.224127,1.82856
279,0,-0.391602,-0.286392,1.30828,0.0275913,0.224127,1.82856
280,0,-0.391359,-0.285996,1.31003,0.0275913,0.224127,1.82856
281,0,-0.392682,-0.285973,1.30941,0.0275913,0.224127,1.82856
282,0,-0.392526,-0.286426,1.31038,0.0275913,0.224127,1.82856
283,0,-0.391859,-0.286318,1.31109,0.0275913,0.224127,1.82856
284,0,-0.392944,-0.286825,1.31009,0.0275913,0.224127,1.82856
285,0,-0.393127,-0.286508,1.31017,0.0275913,0.224127,1.82856
286,0,-0.391631,-0.286541,1.3094,0.0275913,0.224127,1.82856
287,0,-0.391821,-0.286221,1.31037,0.0275913,0.224127,1.82856
288,0,-0.391321,-0.2863,1.30956,0.0275913,0.224127,1.82856
289,0,-0.393425,-0.28675,1.31193,0.0275913,0.224127,1.82856
290,0,-0.392303,-0.286957,1.31049,0.0275913,0.224127,1.82856
291,0,-0.392458,-0.286267,1.30948,0.0275913,0.224127,1.82856
292,0,-0.393972,-0.287915,1.30779,0.0275913,0.224127,1.82856
293,0,-0.392944,-0.286528,1.30862,0.0275913,0.224127,1.82856
294,0,-0.393136,-0.286119,1.30929,0.0275913,0.224127,1.82856
295,0,-0.392189,-0.285497,1.30857,0.0275913,0.224127,1.82856
296,0,-0.390442,-0.285819,1.30951,0.0275913,0.224127,1.82856
297,0,-0.392697,-0.2857,1.30801,0.0275913,0.224127,1.82856
298,0,-0.391296,-0.28623,1.30911,0.0275913,0.224127,1.82856
299,0,-0.390968,-0.28589,1.3099,0.0275913,0.224127,1.82856
300,0,-0.392898,-0.286033,1.31112,0.0275913,0.224127,1.82856
301,0,-0.391719,-0.28638,1.30992,0.0275913,0.224127,1.82856
302,0,-0.391699,-0.285706,1.30939,0.0275913,0.224127,1.82856
303,0,-0.392257,-0.286169,1.30946,0.0275913,0.224127,1.82856
304,0,-0.392311,-0.285786,1.31002,0.0275913,0.224127,1.82856
305,0,-0.392173,-0.28572,1.30905,0.0275913,0.224127,1.82856
306,0,-0.391645,-0.286331,1.31044,0.0275913,0.224127,1.82856
307,0,-0.391673,-0.286345,1.30886,0.0275913,0.224127,1.82856
